1468941032.255473 0.007103 0.025660 -0.017847 0.883359 0.012324 0.023207 -0.467961
1468941033.545303 0.188880 0.059170 -0.026104 0.883588 -0.001232 0.017020 -0.467954
1468941033.913826 0.326096 0.079294 -0.033593 0.884390 -0.021725 0.022774 -0.465686
1468941034.190218 0.431134 0.085662 -0.033720 0.882453 -0.045662 0.046721 -0.465843
1468941034.466611 0.510832 0.086998 -0.039869 0.881392 -0.065003 0.074179 -0.461974
1468941035.111526 0.404875 0.089418 -0.046005 0.882700 -0.052604 0.057805 -0.463393
1468941035.387918 0.268040 0.070182 -0.042747 0.885565 -0.018627 0.047186 -0.461736
1468941035.848572 0.039612 0.065017 0.065158 0.885892 0.043530 0.037972 -0.460282
1468941036.401356 -0.108632 0.132078 0.291871 0.866360 0.104142 0.023693 -0.487867
1468941037.414794 0.299085 0.227290 0.245122 0.873811 0.034539 0.022318 -0.484524
1468941038.059709 0.589927 0.253773 0.153428 0.874432 0.052620 0.067075 -0.477598
1468941038.520363 0.688739 0.235660 -0.023354 0.899169 -0.053057 -0.004956 -0.434344
1468941038.704624 0.688059 0.205255 -0.122624 0.913477 -0.107625 -0.053750 -0.388699
1468941038.750690 0.731178 0.212685 -0.148867 0.916656 -0.108258 -0.066171 -0.379003
1468941038.796755 0.727720 0.206151 -0.168954 0.916376 -0.122698 -0.077965 -0.372989
1468941038.842820 0.722996 0.199266 -0.187209 0.914727 -0.138584 -0.087552 -0.369330
1468941038.888886 0.716619 0.192572 -0.204017 0.912366 -0.157714 -0.101796 -0.363802
1468941038.934951 0.708763 0.186632 -0.219878 0.910260 -0.176435 -0.112186 -0.357367
1468941038.981015 0.671035 0.165874 -0.229945 0.903728 -0.205208 -0.119364 -0.356254
1468941039.027082 0.658913 0.161490 -0.242324 0.900901 -0.218875 -0.123365 -0.353909
1468941039.073147 0.644272 0.158013 -0.252493 0.899118 -0.229458 -0.124984 -0.351161
1468941039.119213 0.627587 0.155719 -0.260695 0.894906 -0.239115 -0.130793 -0.353357
1468941039.165278 0.609585 0.154465 -0.267395 0.890059 -0.250986 -0.137255 -0.354912
1468941039.211343 0.590148 0.154370 -0.272341 0.885591 -0.260249 -0.136728 -0.359588
1468941039.257409 0.569258 0.155553 -0.275868 0.878571 -0.272892 -0.142826 -0.365025
1468941039.303474 0.546768 0.157745 -0.278781 0.871561 -0.286190 -0.152692 -0.367643
1468941039.349539 0.515584 0.164032 -0.279605 0.867085 -0.300916 -0.159567 -0.363526
1468941039.395605 0.495945 0.167947 -0.282256 0.862986 -0.306413 -0.163572 -0.366893
1468941039.441670 0.470143 0.173728 -0.281199 0.860682 -0.307185 -0.165650 -0.370707
1468941039.487735 0.443837 0.180995 -0.278698 0.859591 -0.307262 -0.167263 -0.372446
1468941039.533801 0.417318 0.189845 -0.274725 0.860849 -0.299586 -0.162047 -0.378058
1468941039.579866 0.391117 0.199956 -0.269455 0.859510 -0.293680 -0.161335 -0.385962
1468941039.625932 0.334232 0.210160 -0.267161 0.860086 -0.289259 -0.154836 -0.390650
1468941039.671997 0.313857 0.222154 -0.260298 0.862231 -0.275235 -0.149391 -0.398103
1468941039.718062 0.286766 0.234358 -0.253656 0.864794 -0.260185 -0.141180 -0.405591
1468941039.764128 0.260595 0.246669 -0.247312 0.866242 -0.250543 -0.140601 -0.408759
1468941039.810193 0.219789 0.257562 -0.249335 0.867544 -0.241635 -0.142420 -0.410726
1468941039.856257 0.199140 0.269258 -0.242146 0.869789 -0.226729 -0.141620 -0.414734
1468941039.902324 0.173876 0.280195 -0.235415 0.873223 -0.209916 -0.134629 -0.418679
1468941039.948389 0.150174 0.291103 -0.228419 0.876077 -0.194834 -0.127163 -0.422325
1468941039.994455 0.108343 0.301249 -0.232182 0.879015 -0.182483 -0.116020 -0.424937
1468941040.040520 0.086341 0.311895 -0.224567 0.882356 -0.167455 -0.100357 -0.428175
1468941040.086585 0.064894 0.323082 -0.215608 0.885483 -0.149806 -0.081250 -0.432293
1468941040.132651 0.044432 0.334163 -0.205230 0.888424 -0.130850 -0.059911 -0.435880
1468941040.178716 0.024812 0.344951 -0.194288 0.889419 -0.114865 -0.042710 -0.440359
1468941040.224781 0.005984 0.355629 -0.183351 0.891891 -0.099198 -0.025864 -0.440478
1468941040.270847 -0.039636 0.360017 -0.176291 0.894870 -0.083147 -0.012204 -0.438343
1468941040.316912 -0.046989 0.379406 -0.171296 0.895255 -0.068655 0.000909 -0.440232
1468941040.362977 -0.062683 0.391029 -0.160912 0.896303 -0.052180 0.015591 -0.440086
1468941040.409043 -0.076922 0.403301 -0.150613 0.898313 -0.037832 0.028342 -0.436805
1468941040.455108 -0.090678 0.415502 -0.139027 0.899140 -0.025543 0.039869 -0.435093
1468941040.501174 -0.104882 0.427288 -0.126284 0.897851 -0.006884 0.053546 -0.436976
1468941040.547239 -0.141853 0.424201 -0.119892 0.896001 0.018526 0.063950 -0.439031
1468941040.593303 -0.157286 0.433476 -0.104836 0.892639 0.034448 0.069671 -0.444021
1468941040.639370 -0.173329 0.442299 -0.088118 0.891211 0.050032 0.081945 -0.443310
1468941040.685435 -0.189580 0.450565 -0.070474 0.887616 0.068164 0.095144 -0.445464
1468941040.731499 -0.204169 0.466617 -0.061725 0.883486 0.084814 0.107481 -0.448003
1468941040.777566 -0.213824 0.485152 -0.046695 0.879766 0.102218 0.120515 -0.448374
1468941040.823631 -0.230481 0.492441 -0.026866 0.879154 0.118289 0.129959 -0.442952
1468941040.869696 -0.247151 0.499621 -0.008543 0.879925 0.139742 0.136259 -0.433172
1468941040.915762 -0.263437 0.506316 0.009107 0.885131 0.156796 0.144010 -0.413786
1468941040.961827 -0.279235 0.511585 0.028927 0.884801 0.171421 0.156774 -0.403936
1468941041.007893 -0.303918 0.480598 0.047809 0.884675 0.197109 0.154349 -0.393286
1468941041.053958 -0.320278 0.481514 0.068379 0.885090 0.203436 0.165277 -0.384594
1468941041.100023 -0.335710 0.482513 0.089328 0.881749 0.210358 0.172348 -0.385441
1468941041.146089 -0.350536 0.483297 0.109395 0.878614 0.218595 0.179587 -0.384710
1468941041.192154 -0.363649 0.483830 0.127849 0.874703 0.226610 0.184808 -0.386509
1468941041.238219 -0.375320 0.483668 0.142384 0.878247 0.234210 0.182610 -0.374810
1468941041.284285 -0.384785 0.483509 0.154436 0.882728 0.238334 0.183322 -0.361083
1468941041.330350 -0.391392 0.484147 0.163267 0.886186 0.242246 0.185193 -0.348846
1468941041.376416 -0.395710 0.485295 0.169068 0.890022 0.246571 0.183035 -0.336989
1468941041.422481 -0.397069 0.487702 0.173376 0.893346 0.247025 0.183750 -0.327335
1468941041.468545 -0.395521 0.491270 0.177310 0.893982 0.246948 0.187273 -0.323639
1468941041.514612 -0.391221 0.495794 0.181045 0.896898 0.245119 0.186249 -0.317492
1468941041.560677 -0.383566 0.501095 0.184627 0.902018 0.240014 0.182845 -0.308747
1468941041.606742 -0.373021 0.507511 0.188320 0.907508 0.233934 0.179670 -0.299037
1468941041.652808 -0.364344 0.546000 0.209790 0.910490 0.220618 0.184585 -0.297092
1468941041.698873 -0.341825 0.557407 0.208146 0.911677 0.218752 0.184885 -0.294636
1468941041.744938 -0.324350 0.565892 0.214166 0.915242 0.213227 0.183220 -0.288611
1468941041.791004 -0.304916 0.574324 0.220723 0.917406 0.206792 0.180291 -0.288266
1468941041.837069 -0.282974 0.583089 0.226818 0.918754 0.198487 0.178000 -0.291222
1468941041.883135 -0.259141 0.592089 0.232807 0.919140 0.191423 0.178839 -0.294204
1468941041.929200 -0.234099 0.600803 0.237793 0.921208 0.185316 0.169182 -0.297340
1468941041.975265 -0.207410 0.610124 0.242667 0.923868 0.176012 0.160400 -0.299599
1468941042.021331 -0.216356 0.601691 0.320183 0.925240 0.166629 0.157426 -0.302295
1468941042.067396 -0.189499 0.610777 0.325981 0.926200 0.162850 0.150494 -0.304934
1468941042.113461 -0.161738 0.620318 0.331623 0.927706 0.156996 0.139885 -0.308458
1468941042.159527 -0.134011 0.629981 0.334887 0.929859 0.150414 0.124584 -0.311795
1468941042.205591 -0.106457 0.639898 0.336599 0.930759 0.147781 0.119605 -0.312319
1468941042.251657 -0.078454 0.649993 0.337378 0.930836 0.143913 0.116253 -0.315149
1468941042.297723 -0.050327 0.659821 0.337174 0.932078 0.139797 0.109187 -0.315857
1468941042.343787 -0.022014 0.669064 0.335700 0.932921 0.134851 0.102349 -0.317801
1468941042.389854 0.000699 0.661081 0.375375 0.932961 0.132772 0.100279 -0.319218
1468941042.435919 0.026794 0.676309 0.337645 0.932196 0.130157 0.092158 -0.324925
1468941042.481984 0.052223 0.682888 0.331255 0.931784 0.128530 0.087196 -0.328109
1468941042.528050 0.076783 0.687871 0.323245 0.930465 0.129036 0.080532 -0.333316
1468941042.574115 0.100801 0.691612 0.314283 0.930007 0.129434 0.074034 -0.335935
1468941042.620180 0.124809 0.693849 0.304733 0.928704 0.127161 0.067443 -0.341748
1468941042.666246 0.148516 0.694501 0.293911 0.927380 0.127542 0.058524 -0.346805
1468941042.712311 0.172617 0.693853 0.281476 0.926698 0.126328 0.051992 -0.350098
1468941042.758377 0.197103 0.692257 0.266908 0.925346 0.126660 0.051051 -0.353676
1468941042.804442 0.221971 0.690277 0.250461 0.925437 0.125241 0.046969 -0.354508
1468941042.850507 0.246851 0.686959 0.232810 0.924774 0.122620 0.039513 -0.358045
1468941042.896573 0.272183 0.682293 0.213537 0.924455 0.117537 0.030576 -0.361432
1468941042.942638 0.310992 0.687687 0.313702 0.926868 0.111766 0.028248 -0.357247
1468941042.988703 0.327754 0.678265 0.277586 0.926053 0.106639 0.023665 -0.361240
1468941043.034769 0.353026 0.674067 0.258601 0.927534 0.100754 0.017401 -0.359480
1468941043.080833 0.377128 0.669859 0.240153 0.927540 0.093070 0.011566 -0.361764
1468941043.126899 0.399717 0.665452 0.221414 0.927446 0.087017 0.008270 -0.363598
1468941043.172965 0.420906 0.661554 0.203190 0.930104 0.080787 0.006768 -0.358238
1468941043.219030 0.461762 0.645658 0.244485 0.932035 0.073132 0.005016 -0.354877
1468941043.265096 0.478652 0.638468 0.227741 0.932980 0.069152 0.003136 -0.353210
1468941043.311161 0.497214 0.635082 0.212095 0.934843 0.063638 0.002980 -0.349298
1468941043.357226 0.513900 0.631475 0.196381 0.934780 0.060608 -0.000619 -0.350018
1468941043.403292 0.529311 0.627985 0.179877 0.934854 0.056696 -0.008421 -0.350375
1468941043.449357 0.543791 0.624038 0.163044 0.933067 0.056430 -0.012648 -0.355024
1468941043.495422 0.558394 0.619380 0.144939 0.930264 0.051603 -0.019653 -0.362711
1468941043.541488 0.572529 0.614251 0.125173 0.928629 0.047345 -0.024199 -0.367180
1468941043.587553 0.614323 0.573898 0.160113 0.924871 0.042402 -0.030924 -0.376643
1468941043.633619 0.629317 0.562369 0.144973 0.923090 0.035203 -0.031177 -0.381699
1468941043.679684 0.642797 0.552224 0.127154 0.920812 0.030082 -0.031862 -0.387536
1468941043.725749 0.655307 0.540371 0.110344 0.917367 0.018609 -0.037536 -0.395832
1468941043.771815 0.665974 0.527065 0.095102 0.917195 0.009493 -0.038611 -0.396450
1468941043.817879 0.675088 0.513101 0.080680 0.915770 0.001796 -0.039135 -0.399788
1468941043.863945 0.684942 0.475411 0.089804 0.913750 -0.003863 -0.039287 -0.404353
1468941043.910011 0.691416 0.458369 0.078150 0.911399 -0.006854 -0.036371 -0.409856
1468941043.956075 0.698921 0.443361 0.062548 0.905629 -0.007816 -0.035035 -0.422548
1468941044.002141 0.705846 0.427983 0.045457 0.904260 -0.012413 -0.041920 -0.424738
1468941044.048207 0.712928 0.412152 0.027505 0.904301 -0.019629 -0.042081 -0.424363
1468941044.094272 0.719962 0.396348 0.007733 0.900753 -0.026091 -0.046484 -0.431048
1468941044.140338 0.726602 0.379981 -0.013205 0.898809 -0.031941 -0.042715 -0.435083
1468941044.186403 0.732531 0.362322 -0.034491 0.896571 -0.041486 -0.038768 -0.439245
1468941044.232468 0.721278 0.348719 -0.046383 0.896434 -0.050400 -0.036313 -0.438801
1468941044.278534 0.725223 0.331029 -0.065457 0.895914 -0.054753 -0.025592 -0.440098
1468941044.324599 0.728460 0.312649 -0.083094 0.894100 -0.059991 -0.014569 -0.443592
1468941044.370664 0.731813 0.294436 -0.099482 0.893324 -0.073120 -0.011032 -0.443287
1468941044.416730 0.734389 0.276647 -0.114239 0.889460 -0.079779 -0.010334 -0.449876
1468941044.462795 0.735908 0.261144 -0.127709 0.882595 -0.075911 -0.005773 -0.463929
1468941044.508860 0.736471 0.247721 -0.141898 0.877409 -0.068794 -0.012178 -0.474629
1468941044.554926 0.737087 0.234995 -0.154993 0.877698 -0.068841 -0.027364 -0.473453
1468941044.600991 0.738953 0.222964 -0.167597 0.871875 -0.067581 -0.054900 -0.481925
1468941044.647057 0.742158 0.210700 -0.179899 0.863774 -0.072798 -0.067345 -0.494024
1468941044.693121 0.744267 0.199038 -0.191868 0.858072 -0.073337 -0.071326 -0.503237
1468941044.739187 0.744110 0.187895 -0.203052 0.855134 -0.072429 -0.063739 -0.509350
1468941044.785253 0.741069 0.177705 -0.213993 0.855793 -0.065018 -0.051331 -0.510643
1468941044.831318 0.735348 0.168297 -0.224213 0.859708 -0.058830 -0.025395 -0.506750
1468941044.877383 0.727153 0.161472 -0.232057 0.863946 -0.058731 -0.007538 -0.500091
1468941044.923449 0.716333 0.154416 -0.238681 0.867397 -0.055341 0.003939 -0.494515
1468941044.969514 0.704253 0.149006 -0.243023 0.870587 -0.048420 0.025749 -0.488949
1468941045.015579 0.691430 0.145413 -0.245165 0.872989 -0.051397 0.034051 -0.483827
1468941045.061645 0.676600 0.143962 -0.244637 0.877624 -0.058957 0.033628 -0.474520
1468941045.107710 0.659835 0.144686 -0.241068 0.882132 -0.055525 0.035115 -0.466398
1468941045.153776 0.642517 0.147308 -0.234459 0.885285 -0.049157 0.039417 -0.460761
1468941045.199841 0.623832 0.151379 -0.225156 0.885241 -0.044478 0.032978 -0.461824
1468941045.245906 0.602942 0.156242 -0.213442 0.883396 -0.038402 0.034688 -0.465761
1468941045.291972 0.581093 0.161955 -0.200342 0.881681 -0.031497 0.035446 -0.469457
1468941045.338037 0.558975 0.167894 -0.186402 0.879375 -0.025840 0.030997 -0.474417
1468941045.384102 0.536779 0.173973 -0.172842 0.878193 -0.020359 0.027764 -0.477065
1468941045.430167 0.513800 0.180344 -0.159155 0.877398 -0.017612 0.022465 -0.478913
1468941045.476233 0.490104 0.186616 -0.145014 0.876074 -0.014300 0.017937 -0.481630
1468941045.522299 0.432008 0.210080 -0.174896 0.876493 -0.005644 0.018275 -0.481035
1468941045.568363 0.405140 0.216006 -0.162554 0.875907 -0.001479 0.017703 -0.482153
1468941045.614429 0.375765 0.221664 -0.149757 0.873310 0.001936 0.015296 -0.486921
1468941045.660495 0.346143 0.227334 -0.137100 0.869257 0.007530 0.014884 -0.494080
1468941045.706560 0.319055 0.237064 -0.124738 0.866314 0.010699 0.020430 -0.498967
1468941045.752625 0.292411 0.243275 -0.113828 0.863363 0.009933 0.021812 -0.504014
1468941045.798691 0.267110 0.250128 -0.103508 0.862209 0.006940 0.023437 -0.505963
1468941045.844756 0.243545 0.256326 -0.093545 0.859099 0.005426 0.024990 -0.511171
1468941045.890821 0.221216 0.262093 -0.085092 0.856351 0.006215 0.030825 -0.515436
1468941045.936887 0.199502 0.267180 -0.077568 0.856389 0.003872 0.032565 -0.515289
1468941045.982952 0.207440 0.254525 -0.075796 0.856307 0.006396 0.032176 -0.515425
1468941046.029018 0.186310 0.258096 -0.069108 0.855408 0.008800 0.035677 -0.516649
1468941046.075083 0.164692 0.261539 -0.062289 0.855321 0.011842 0.036789 -0.516654
1468941046.121148 0.143715 0.265684 -0.055776 0.855439 0.013841 0.037456 -0.516362
1468941046.167214 0.123448 0.271000 -0.049552 0.857291 0.015410 0.038034 -0.513193
1468941046.213279 0.104559 0.277313 -0.043081 0.857829 0.015382 0.036259 -0.512423
1468941046.259344 0.086805 0.284454 -0.036278 0.856719 0.016768 0.034304 -0.514368
1468941046.305409 0.070463 0.292763 -0.029448 0.854001 0.019894 0.039090 -0.518419
1468941046.351475 0.056208 0.302311 -0.023567 0.852768 0.020489 0.041405 -0.520243
1468941046.397540 0.043002 0.313093 -0.018476 0.850899 0.022388 0.043479 -0.523048
1468941046.443606 0.030483 0.324776 -0.014087 0.843446 0.033053 0.054863 -0.533383
1468941046.489671 0.018460 0.336491 -0.010864 0.838733 0.038630 0.060555 -0.539785
1468941046.535737 0.053399 0.311623 -0.008912 0.827646 0.050185 0.040571 -0.557527
1468941046.581802 0.041082 0.323121 -0.007347 0.819962 0.048136 0.044198 -0.568676
1468941046.627867 0.025851 0.338979 -0.006931 0.822885 0.028696 0.098906 -0.558797
1468941046.673933 0.010537 0.354559 -0.007662 0.832596 0.042180 0.104045 -0.542384
1468941046.719998 -0.004380 0.368213 -0.006706 0.835766 0.050785 0.094174 -0.538561
1468941046.766062 -0.018952 0.381021 -0.004991 0.833150 0.051556 0.087151 -0.543698
1468941046.812129 -0.032293 0.394438 -0.004021 0.834608 0.044245 0.073173 -0.544167
1468941046.858194 -0.045534 0.406820 -0.002119 0.835401 0.033336 0.055636 -0.545801
1468941046.904260 -0.059001 0.419076 0.000039 0.837178 0.020009 0.036759 -0.545327
1468941046.950325 -0.074018 0.431226 0.002005 0.839663 0.013505 0.026129 -0.542311
1468941046.996390 -0.092214 0.443481 0.003465 0.841230 0.014889 0.029681 -0.539657
1468941047.042455 -0.111268 0.455482 0.003803 0.843221 0.014981 0.038942 -0.535946
1468941047.088521 -0.129829 0.467474 0.002740 0.847162 0.010153 0.038406 -0.529848
1468941047.134586 -0.147468 0.478086 0.001372 0.849630 -0.001656 0.033697 -0.526298
1468941047.180651 -0.165768 0.488103 -0.000453 0.851245 -0.013110 0.024832 -0.524016
1468941047.226717 -0.186008 0.498433 -0.002938 0.853731 -0.019061 0.022440 -0.519881
1468941047.272782 -0.208260 0.508824 -0.005209 0.855032 -0.018842 0.026221 -0.517568
1468941047.318848 -0.230892 0.519337 -0.007343 0.855608 -0.019026 0.031113 -0.516338
1468941047.364913 -0.253083 0.529672 -0.009213 0.854952 -0.023754 0.035611 -0.516938
1468941047.410979 -0.274697 0.539917 -0.010681 0.854795 -0.033528 0.038896 -0.516419
1468941047.457044 -0.295146 0.549695 -0.010890 0.852989 -0.045337 0.044624 -0.518038
1468941047.503109 -0.316776 0.559766 -0.010795 0.851604 -0.058500 0.052219 -0.518287
1468941047.549175 -0.340926 0.571028 -0.010896 0.852925 -0.066935 0.057206 -0.514555
1468941047.595240 -0.365887 0.581271 -0.010518 0.852874 -0.073378 0.073923 -0.511622
1468941047.641304 -0.389552 0.591016 -0.011029 0.853803 -0.082139 0.085511 -0.506914
1468941047.687371 -0.412768 0.600020 -0.011944 0.853967 -0.093338 0.095614 -0.502878
1468941047.733436 -0.438252 0.609687 -0.012214 0.853651 -0.100580 0.108430 -0.499406
1468941047.779500 -0.462924 0.619824 -0.013632 0.855098 -0.111047 0.110641 -0.494200
1468941047.825567 -0.452152 0.565133 0.007085 0.853363 -0.126809 0.100185 -0.495635
1468941047.871632 -0.471038 0.568683 0.006829 0.853311 -0.139347 0.098251 -0.492736
1468941047.917697 -0.489569 0.573919 0.006548 0.851184 -0.151973 0.099552 -0.492422
1468941047.963763 -0.509104 0.580226 0.005619 0.849111 -0.162956 0.102671 -0.491847
1468941048.009828 -0.529686 0.587254 0.004641 0.847323 -0.170328 0.112440 -0.490295
1468941048.055894 -0.549590 0.594831 0.004564 0.845592 -0.176765 0.123678 -0.488295
1468941048.101959 -0.568948 0.603273 0.004837 0.844355 -0.183779 0.124261 -0.487697
1468941048.148024 -0.588925 0.612258 0.006175 0.840042 -0.190850 0.126432 -0.491854
1468941048.194090 -0.609286 0.622398 0.008719 0.834422 -0.198630 0.137343 -0.495402
1468941048.240155 -0.628866 0.633842 0.011777 0.830317 -0.211813 0.134777 -0.497538
1468941048.286221 -0.648402 0.645428 0.015637 0.825738 -0.229248 0.118738 -0.501502
1468941048.332286 -0.668251 0.657522 0.021190 0.821123 -0.242401 0.105911 -0.505748
1468941048.378350 -0.685756 0.675108 0.032893 0.813982 -0.258327 0.086763 -0.513003
1468941048.424417 -0.702877 0.686750 0.040058 0.806250 -0.276204 0.061119 -0.519554
1468941048.470482 -0.718219 0.699546 0.046625 0.801094 -0.296691 0.036887 -0.518518
1468941048.516546 -0.732294 0.711783 0.053102 0.791766 -0.319255 0.015821 -0.520512
1468941048.562613 -0.746684 0.733567 0.061668 0.785901 -0.340522 -0.003576 -0.516132
1468941048.608678 -0.759644 0.746228 0.067884 0.783208 -0.355705 -0.017388 -0.509664
1468941048.654742 -0.772027 0.757305 0.074337 0.771500 -0.378486 -0.036101 -0.510130
1468941048.700809 -0.784880 0.767802 0.079906 0.760868 -0.400532 -0.048531 -0.508231
1468941048.746874 -0.798205 0.777846 0.084356 0.750573 -0.421644 -0.059321 -0.505308
1468941048.792939 -0.812461 0.787154 0.088168 0.738662 -0.442566 -0.069552 -0.503662
1468941048.839005 -0.815975 0.786548 0.086520 0.724543 -0.462034 -0.082492 -0.504734
1468941048.885070 -0.831001 0.795936 0.089624 0.713681 -0.479492 -0.088122 -0.502972
1468941048.931136 -0.847092 0.806313 0.091830 0.706214 -0.492184 -0.093913 -0.500198
1468941048.977201 -0.865180 0.817853 0.094044 0.709480 -0.491157 -0.093235 -0.496700
1468941049.023266 -0.884007 0.828478 0.095856 0.716175 -0.481511 -0.085947 -0.497850
1468941049.069332 -0.902981 0.837672 0.096691 0.722610 -0.466685 -0.072936 -0.504698
1468941049.115396 -0.921315 0.847203 0.094248 0.734002 -0.446875 -0.057034 -0.508224
1468941049.161462 -0.938792 0.855671 0.088205 0.741338 -0.425955 -0.038553 -0.517199
1468941049.207528 -0.954794 0.863294 0.076583 0.746237 -0.409255 -0.024184 -0.524457
1468941049.253592 -0.968945 0.870617 0.059503 0.754501 -0.392040 -0.009044 -0.526261
1468941049.299659 -0.980301 0.875126 0.038511 0.761030 -0.375396 0.006644 -0.529025
1468941049.345724 -0.989457 0.876811 0.013017 0.766749 -0.361570 0.022703 -0.529950
1468941049.391788 -1.023665 0.915297 -0.011905 0.772735 -0.353076 0.037426 -0.526134
1468941049.437855 -1.024101 0.908176 -0.044354 0.779446 -0.341710 0.050212 -0.522664
1468941049.483920 -1.025954 0.903628 -0.079385 0.789220 -0.332973 0.059740 -0.512534
1468941049.529984 -1.024513 0.895082 -0.115041 0.797226 -0.326119 0.071979 -0.502888
1468941049.576051 -1.047177 0.888831 -0.149918 0.803990 -0.316751 0.085285 -0.495980
1468941049.622116 -1.041453 0.876321 -0.183912 0.808805 -0.310441 0.097270 -0.489896
1468941049.668182 -1.032363 0.861786 -0.218060 0.812599 -0.305757 0.105803 -0.484770
1468941049.714247 -1.019203 0.846551 -0.250886 0.817945 -0.300545 0.115283 -0.476811
1468941049.760312 -1.011719 0.832489 -0.280516 0.822967 -0.293188 0.124187 -0.470473
1468941049.806378 -0.985277 0.817818 -0.307253 0.828046 -0.285806 0.134543 -0.463199
1468941049.852443 -0.958774 0.802622 -0.328503 0.831050 -0.277573 0.152552 -0.457206
1468941049.898508 -0.928271 0.789265 -0.342841 0.833361 -0.269378 0.171738 -0.451055
1468941049.944574 -0.914704 0.788209 -0.348119 0.830992 -0.273534 0.190564 -0.445328
1468941049.990638 -0.881110 0.776554 -0.348024 0.826884 -0.279913 0.203772 -0.443158
1468941050.036704 -0.843194 0.770657 -0.336723 0.820530 -0.289180 0.219598 -0.441454
1468941050.082770 -0.809901 0.762841 -0.321269 0.813936 -0.296573 0.235699 -0.440453
1468941050.128834 -0.778931 0.767462 -0.294211 0.805998 -0.307399 0.252253 -0.438453
1468941050.174901 -0.750700 0.764661 -0.266834 0.796032 -0.314376 0.266114 -0.443491
1468941050.220966 -0.729492 0.768352 -0.233588 0.788770 -0.323907 0.275807 -0.443685
1468941050.267030 -0.708306 0.771350 -0.199680 0.788030 -0.329337 0.274325 -0.441918
1468941050.313097 -0.693317 0.779041 -0.161958 0.786809 -0.329638 0.281365 -0.439436
1468941050.359162 -0.684161 0.787593 -0.122559 0.782401 -0.334036 0.276253 -0.447161
1468941050.405227 -0.674481 0.787964 -0.078222 0.778821 -0.338680 0.267097 -0.455405
1468941050.451293 -0.677393 0.799281 -0.039727 0.774907 -0.339627 0.257006 -0.467034
1468941050.497358 -0.685220 0.811890 -0.001868 0.771215 -0.338110 0.247594 -0.479173
1468941050.543423 -0.697221 0.824956 0.033660 0.766788 -0.335563 0.236287 -0.493560
1468941050.589489 -0.707390 0.839401 0.062602 0.769027 -0.331219 0.226310 -0.497670
1468941050.635554 -0.725197 0.855311 0.089029 0.772798 -0.323472 0.218257 -0.500513
1468941050.681620 -0.746054 0.871865 0.112501 0.776961 -0.312678 0.212474 -0.503407
1468941050.727684 -0.768898 0.888267 0.131851 0.780215 -0.301018 0.204228 -0.508864
1468941050.773750 -0.787723 0.898926 0.146996 0.780396 -0.290184 0.193377 -0.519019
1468941050.819816 -0.812615 0.916689 0.156325 0.781551 -0.277296 0.189149 -0.525839
1468941050.865880 -0.838644 0.936692 0.160596 0.786362 -0.263700 0.184838 -0.527193
1468941050.911946 -0.862982 0.957589 0.160371 0.791187 -0.262621 0.179690 -0.522270
1468941050.958012 -0.886951 0.977609 0.155876 0.790968 -0.265194 0.179926 -0.521218
1468941051.004076 -0.912091 0.996221 0.145650 0.792741 -0.256977 0.184085 -0.521188
1468941051.050143 -0.935181 1.005637 0.128679 0.801796 -0.238754 0.182044 -0.516701
1468941051.096208 -0.956870 1.017801 0.108760 0.812217 -0.224670 0.183764 -0.506021
1468941051.142272 -0.977317 1.023168 0.082806 0.797384 -0.219094 0.198668 -0.526030
1468941051.188339 -0.993423 1.023682 0.052150 0.794257 -0.208330 0.206703 -0.532004
1468941051.234404 -1.003000 1.019301 0.018592 0.800290 -0.204772 0.209783 -0.523064
1468941051.280469 -1.007092 1.009275 -0.018042 0.801972 -0.208324 0.211820 -0.518242
1468941051.326535 -1.007216 0.994828 -0.056190 0.803945 -0.209762 0.205237 -0.517253
1468941051.372600 -1.004256 0.978258 -0.095341 0.801676 -0.208895 0.210698 -0.518927
1468941051.418665 -0.991479 0.951551 -0.128307 0.804519 -0.207203 0.208772 -0.515975
1468941051.464731 -0.982574 0.936371 -0.163070 0.807068 -0.209512 0.210303 -0.510411
1468941051.510796 -0.970204 0.917395 -0.194406 0.812123 -0.206330 0.208515 -0.504386
1468941051.556862 -0.955584 0.897677 -0.222141 0.813767 -0.202030 0.212731 -0.501709
1468941051.602926 -0.938479 0.876354 -0.246019 0.810322 -0.199852 0.214877 -0.507213
1468941051.648992 -0.919196 0.854393 -0.267221 0.808097 -0.193804 0.218988 -0.511334
1468941051.695058 -0.891299 0.830180 -0.283666 0.812912 -0.189183 0.218117 -0.505775
1468941051.741122 -0.868341 0.806244 -0.298563 0.810864 -0.184813 0.216814 -0.511211
1468941051.787188 -0.844305 0.781514 -0.311779 0.811284 -0.175606 0.213604 -0.515126
1468941051.833254 -0.819541 0.756015 -0.323939 0.807851 -0.166771 0.211919 -0.524075
1468941051.879318 -0.794257 0.730908 -0.335053 0.806309 -0.159672 0.206551 -0.530761
1468941051.925385 -0.769805 0.707211 -0.346491 0.808814 -0.153601 0.198497 -0.531814
1468941051.971450 -0.747586 0.684620 -0.358689 0.807320 -0.145265 0.192552 -0.538569
1468941052.017515 -0.726282 0.663521 -0.371601 0.803553 -0.134832 0.187354 -0.548654
1468941052.063581 -0.704147 0.643926 -0.384045 0.798713 -0.127357 0.179035 -0.560165
1468941052.109646 -0.681668 0.625632 -0.397145 0.795120 -0.118060 0.168015 -0.570629
1468941052.155711 -0.659258 0.608776 -0.410806 0.786741 -0.107409 0.170205 -0.583551
1468941052.201777 -0.636013 0.593640 -0.423147 0.781214 -0.098648 0.170613 -0.592338
1468941052.247842 -0.619924 0.573451 -0.427069 0.781042 -0.097736 0.171258 -0.592531
1468941052.293907 -0.595106 0.560292 -0.438943 0.779488 -0.094617 0.170628 -0.595258
1468941052.339972 -0.568715 0.546825 -0.451177 0.778225 -0.095266 0.166870 -0.597866
1468941052.386038 -0.542081 0.532816 -0.464604 0.777639 -0.094817 0.163061 -0.599749
1468941052.432104 -0.515469 0.517007 -0.478909 0.775800 -0.093561 0.158040 -0.603659
1468941052.478168 -0.488828 0.499114 -0.494097 0.768493 -0.087350 0.158696 -0.613680
1468941052.524234 -0.460435 0.482440 -0.507476 0.771650 -0.083537 0.158209 -0.610368
1468941052.570300 -0.430008 0.467336 -0.516962 0.770494 -0.082292 0.162222 -0.610943
1468941052.616364 -0.406178 0.435858 -0.515954 0.766132 -0.082922 0.163420 -0.616003
1468941052.662430 -0.376280 0.422214 -0.520078 0.756544 -0.080170 0.164801 -0.627737
1468941052.708496 -0.343689 0.409661 -0.522742 0.751818 -0.081846 0.164313 -0.633302
1468941052.754560 -0.309481 0.397635 -0.524080 0.757725 -0.081464 0.164789 -0.626147
1468941052.800626 -0.285611 0.376361 -0.525134 0.751011 -0.084868 0.170307 -0.632278
1468941052.846692 -0.254307 0.364493 -0.529153 0.745978 -0.079648 0.171557 -0.638546
1468941052.892757 -0.220958 0.354087 -0.535138 0.747266 -0.075039 0.172105 -0.637450
1468941052.938823 -0.188539 0.343292 -0.543285 0.740626 -0.067782 0.168215 -0.646979
1468941052.984888 -0.156155 0.333718 -0.552544 0.736810 -0.061342 0.162753 -0.653345
1468941053.030953 -0.122844 0.324907 -0.561066 0.736468 -0.055341 0.155518 -0.656023
1468941053.077019 -0.087265 0.316211 -0.569259 0.735212 -0.051575 0.147391 -0.659605
1468941053.123084 -0.049495 0.307607 -0.576217 0.740989 -0.044534 0.141054 -0.655024
1468941053.169149 -0.023126 0.279986 -0.584797 0.747072 -0.047358 0.134215 -0.649328
1468941053.215214 0.018869 0.269428 -0.588000 0.748129 -0.038880 0.126760 -0.650172
1468941053.261280 0.064831 0.260020 -0.588673 0.748266 -0.035352 0.118800 -0.651717
1468941053.307345 0.113050 0.251751 -0.586925 0.751441 -0.031801 0.106278 -0.650407
1468941053.353410 0.162512 0.244865 -0.584914 0.753670 -0.028802 0.097518 -0.649340
1468941053.399476 0.211694 0.239523 -0.584134 0.756585 -0.025203 0.092268 -0.646862
1468941053.445542 0.277112 0.229683 -0.595608 0.756802 -0.017832 0.091346 -0.646984
1468941053.491606 0.324902 0.225376 -0.596389 0.762010 -0.021329 0.100737 -0.639326
1468941053.537672 0.373678 0.219387 -0.596921 0.768788 -0.028802 0.108322 -0.629604
1468941053.583738 0.421477 0.217292 -0.593776 0.773173 -0.035218 0.112802 -0.623088
1468941053.629803 0.468432 0.210813 -0.591126 0.774751 -0.036857 0.118102 -0.620044
1468941053.675868 0.513223 0.208882 -0.585193 0.776835 -0.036040 0.125637 -0.615990
1468941053.721934 0.556458 0.208030 -0.573694 0.784100 -0.040820 0.130518 -0.605381
1468941053.767999 0.595995 0.208009 -0.555388 0.789938 -0.046411 0.136427 -0.596013
1468941053.814065 0.630831 0.204868 -0.531443 0.790925 -0.049311 0.135711 -0.594633
1468941053.860130 0.661011 0.205732 -0.499986 0.793271 -0.052922 0.134226 -0.591527
1468941053.906195 0.687411 0.206542 -0.461755 0.789652 -0.056593 0.130228 -0.596898
1468941053.952260 0.709002 0.208195 -0.417596 0.790086 -0.057540 0.121601 -0.598052
1468941053.998326 0.717034 0.223407 -0.358026 0.790840 -0.051913 0.114321 -0.599005
1468941054.044391 0.731010 0.225538 -0.305340 0.788666 -0.048889 0.102755 -0.604200
1468941054.090456 0.761765 0.250676 -0.251174 0.787533 -0.039622 0.088609 -0.608581
1468941054.136522 0.765663 0.255827 -0.193588 0.783881 -0.033329 0.078343 -0.615047
1468941054.182587 0.767823 0.262484 -0.133681 0.779143 -0.030125 0.069835 -0.622215
1468941054.228652 0.765566 0.269237 -0.073507 0.774798 -0.029732 0.058982 -0.628749
1468941054.274718 0.766731 0.275488 -0.012634 0.773785 -0.030319 0.048497 -0.630861
1468941054.320784 0.758483 0.281359 0.046407 0.768884 -0.028341 0.043754 -0.637260
1468941054.366848 0.745952 0.286819 0.105473 0.767394 -0.026444 0.036113 -0.639612
1468941054.412914 0.732395 0.291306 0.162694 0.766084 -0.024184 0.028401 -0.641657
1468941054.458980 0.716350 0.294782 0.218949 0.763440 -0.022592 0.023468 -0.645057
1468941054.505045 0.697935 0.298073 0.272287 0.765027 -0.018535 0.020922 -0.643391
1468941054.551110 0.681831 0.299683 0.321527 0.766126 -0.016055 0.025200 -0.641995
1468941054.597176 0.658697 0.302430 0.367371 0.765494 -0.016020 0.028979 -0.642590
1468941054.643241 0.634745 0.306816 0.411428 0.768557 -0.016227 0.027679 -0.638976
1468941054.689306 0.609110 0.311978 0.452850 0.772551 -0.018869 0.028960 -0.634011
1468941054.735372 0.582963 0.317294 0.491714 0.779626 -0.020142 0.021792 -0.625542
1468941054.781437 0.556307 0.322120 0.526216 0.779026 -0.030798 0.023438 -0.625796
1468941054.827502 0.528336 0.326073 0.556878 0.784914 -0.029844 0.023646 -0.618433
1468941054.873568 0.499979 0.329487 0.584513 0.784490 -0.036740 0.027563 -0.618439
1468941054.919633 0.470973 0.330773 0.609623 0.786725 -0.032352 0.024455 -0.615971
1468941054.965698 0.443343 0.331563 0.634692 0.787048 -0.038510 0.021499 -0.615313
1468941055.011764 0.417226 0.331770 0.658936 0.794325 -0.039512 0.007814 -0.606156
1468941055.057829 0.392191 0.333011 0.682361 0.797082 -0.046403 0.003092 -0.602077
1468941055.103894 0.350784 0.347584 0.708260 0.799688 -0.051062 -0.004590 -0.598223
1468941055.149960 0.325754 0.350839 0.726931 0.802714 -0.049138 -0.015322 -0.594139
1468941055.196026 0.299544 0.355755 0.744133 0.804654 -0.048576 -0.018400 -0.591467
1468941055.242091 0.273662 0.361876 0.759006 0.808444 -0.048850 -0.025881 -0.585971
1468941055.288156 0.247548 0.370179 0.771046 0.815873 -0.049752 -0.028444 -0.575385
1468941055.334222 0.221411 0.379350 0.780012 0.823738 -0.051468 -0.035424 -0.563518
1468941055.380287 0.197651 0.386169 0.785431 0.827921 -0.047905 -0.040936 -0.557294
1468941055.426352 0.170733 0.395924 0.788913 0.833808 -0.047603 -0.048059 -0.547894
1468941055.472418 0.143926 0.405205 0.790541 0.840486 -0.046543 -0.057061 -0.536806
1468941055.518483 0.116814 0.415199 0.791092 0.845508 -0.048084 -0.061674 -0.528205
1468941055.564548 0.089991 0.426054 0.791477 0.850638 -0.050945 -0.070158 -0.518553
1468941055.610614 0.064604 0.436815 0.790045 0.854651 -0.053058 -0.074851 -0.511032
1468941055.656679 0.038426 0.448917 0.787050 0.857898 -0.059188 -0.073661 -0.505056
1468941055.702744 0.011911 0.460086 0.782879 0.863746 -0.053843 -0.076776 -0.495125
1468941055.748810 -0.014908 0.469385 0.777547 0.866801 -0.044709 -0.078601 -0.490386
1468941055.794875 -0.041840 0.478306 0.770820 0.866732 -0.037821 -0.079918 -0.490875
1468941055.840940 -0.062357 0.494170 0.759628 0.869864 -0.034198 -0.076817 -0.486072
1468941055.887006 -0.090403 0.505844 0.750863 0.873271 -0.029059 -0.075975 -0.480397
1468941055.933071 -0.119677 0.517833 0.742295 0.878145 -0.022759 -0.076815 -0.471639
1468941055.979136 -0.149786 0.528348 0.733397 0.878651 -0.013497 -0.080725 -0.470397
1468941056.025202 -0.180806 0.540136 0.723282 0.881461 -0.004779 -0.074699 -0.466288
1468941056.071267 -0.211995 0.552206 0.712334 0.883041 0.002415 -0.065957 -0.464631
1468941056.117333 -0.242700 0.563796 0.701055 0.885029 0.014391 -0.055333 -0.462011
1468941056.163398 -0.272387 0.574916 0.689983 0.884733 0.021896 -0.047250 -0.463180
1468941056.209464 -0.305416 0.587073 0.677351 0.882024 0.031662 -0.041449 -0.468308
1468941056.255529 -0.342993 0.602543 0.661805 0.880778 0.048482 -0.018522 -0.470677
1468941056.301594 -0.380629 0.619459 0.643210 0.880052 0.059947 0.005037 -0.471051
1468941056.347660 -0.419256 0.636641 0.619109 0.876571 0.081175 0.029638 -0.473450
1468941056.393725 -0.423801 0.644177 0.526204 0.867556 0.112088 0.068040 -0.479742
1468941056.439790 -0.458544 0.660868 0.488152 0.860311 0.145264 0.111767 -0.475680
1468941056.485856 -0.489795 0.676056 0.446143 0.849862 0.177336 0.149509 -0.473216
1468941056.531921 -0.515974 0.689448 0.401630 0.839288 0.203568 0.179644 -0.471046
1468941056.577986 -0.541262 0.707577 0.341208 0.831756 0.230443 0.201254 -0.463222
1468941056.624052 -0.556791 0.718026 0.289837 0.821318 0.254322 0.227742 -0.457045
1468941056.670117 -0.566893 0.727666 0.234150 0.808076 0.283985 0.258320 -0.446806
1468941056.716182 -0.571166 0.737188 0.178108 0.789672 0.310538 0.292208 -0.441132
1468941056.762248 -0.569609 0.746692 0.123812 0.772523 0.330767 0.319293 -0.438011
1468941056.808313 -0.563112 0.755627 0.071716 0.764344 0.345801 0.340031 -0.424946
1468941056.854379 -0.551577 0.763719 0.019917 0.760664 0.354720 0.355269 -0.411519
1468941056.900444 -0.534976 0.769022 -0.030777 0.761199 0.364164 0.367353 -0.391167
1468941056.946509 -0.530919 0.770831 -0.101649 0.756189 0.377249 0.377559 -0.378563
1468941056.992575 -0.508993 0.771743 -0.147535 0.754290 0.383405 0.386420 -0.367052
1468941057.038640 -0.483572 0.768929 -0.182166 0.752048 0.383596 0.386767 -0.371066
1468941057.084706 -0.456341 0.760628 -0.206258 0.759966 0.381469 0.364123 -0.379929
1468941057.130771 -0.427893 0.750046 -0.220912 0.778536 0.359501 0.326880 -0.397228
1468941057.176836 -0.396871 0.736658 -0.227347 0.803427 0.326904 0.272194 -0.416592
1468941057.222902 -0.381725 0.700744 -0.179806 0.833822 0.276280 0.217238 -0.425697
1468941057.268967 -0.348469 0.685391 -0.171633 0.854757 0.216329 0.142980 -0.449610
1468941057.315032 -0.314584 0.638618 -0.120401 0.868314 0.139506 0.049367 -0.473426
1468941057.361098 -0.275322 0.617100 -0.104947 0.881600 0.057900 -0.028176 -0.467584
1468941057.407163 -0.231743 0.586282 -0.068278 0.869661 -0.028731 -0.106141 -0.481246
1468941057.453228 -0.188482 0.560131 -0.054787 0.838412 -0.099116 -0.182152 -0.504045
1468941057.499294 -0.163871 0.559972 -0.050947 0.823680 -0.161578 -0.229468 -0.492735
1468941057.545359 -0.123446 0.540358 -0.047169 0.831798 -0.191298 -0.239871 -0.462579
1468941057.591424 -0.087549 0.524724 -0.047599 0.863482 -0.165531 -0.201862 -0.431567
1468941057.637490 -0.054996 0.513355 -0.052297 0.897069 -0.104123 -0.126401 -0.410425
1468941057.683555 -0.006689 0.516570 -0.074224 0.919086 -0.030347 -0.039781 -0.390868
1468941057.729621 0.033361 0.512428 -0.076817 0.915345 0.035510 0.018434 -0.400678
1468941057.775686 0.075861 0.512060 -0.074664 0.898385 0.108904 0.077966 -0.418290
1468941057.821751 0.118593 0.514426 -0.069883 0.886314 0.150673 0.119232 -0.421342
1468941057.867817 0.159344 0.514355 -0.061733 0.875471 0.203299 0.155606 -0.409886
1468941057.913882 0.199025 0.509235 -0.049237 0.838850 0.232746 0.167009 -0.462891
1468941057.959948 0.254293 0.508583 -0.046327 0.815358 0.254661 0.160619 -0.494511
1468941058.006013 0.295577 0.494877 -0.032506 0.799558 0.262380 0.158939 -0.516335
1468941058.052078 0.353794 0.481090 -0.027895 0.789657 0.244612 0.140505 -0.544854
1468941058.098144 0.402888 0.464980 -0.017996 0.800972 0.216694 0.076835 -0.552796
1468941058.144209 0.453478 0.443772 -0.014684 0.806546 0.178102 0.046798 -0.561759
1468941058.190274 0.500707 0.417492 -0.016349 0.809155 0.141988 0.091050 -0.562865
1468941058.236340 0.541949 0.398259 -0.025960 0.811607 0.126751 0.141589 -0.552432
1468941058.282405 0.588714 0.372428 -0.031297 0.818553 0.108286 0.176706 -0.535743
1468941058.328470 0.638862 0.343832 -0.036286 0.831296 0.050143 0.177411 -0.524365
1468941058.374536 0.682610 0.312219 -0.043999 0.839654 -0.014404 0.189771 -0.508685
1468941058.420601 0.741635 0.277887 -0.052063 0.851601 -0.025236 0.200016 -0.483872
1468941058.466667 0.770097 0.246187 -0.066281 0.859563 -0.023933 0.205557 -0.467253
1468941058.512732 0.762615 0.229031 -0.084761 0.865955 -0.024111 0.206017 -0.455080
1468941058.558797 0.766315 0.199756 -0.105950 0.874416 -0.017252 0.206560 -0.438670
1468941058.604863 0.757703 0.172342 -0.127270 0.879689 0.000982 0.207682 -0.427801
1468941058.650928 0.739230 0.149204 -0.142804 0.888572 0.010429 0.190721 -0.417081
1468941058.696992 0.708622 0.131586 -0.153145 0.899090 0.012681 0.169571 -0.403389
1468941058.743059 0.672080 0.119335 -0.154801 0.904749 0.022381 0.149299 -0.398294
1468941058.789124 0.627882 0.112451 -0.145222 0.907417 0.031156 0.129233 -0.398650
1468941058.835189 0.582742 0.112277 -0.122760 0.908088 0.041142 0.105729 -0.403118
1468941058.881255 0.527267 0.136355 -0.084042 0.906580 0.046911 0.081122 -0.411499
1468941058.927320 0.483305 0.148461 -0.034690 0.899641 0.051615 0.053172 -0.430297
1468941058.973386 0.413392 0.165190 0.041572 0.892458 0.063868 0.020386 -0.446120
1468941059.019451 0.372088 0.182731 0.106348 0.880429 0.081355 0.001073 -0.467145
1468941059.065516 0.350057 0.194971 0.178999 0.864628 0.100152 -0.017909 -0.492003
1468941059.111582 0.340156 0.212509 0.244539 0.840853 0.100394 -0.037575 -0.530543
1468941059.157647 0.342877 0.229712 0.305250 0.811140 0.094609 -0.048405 -0.575115
1468941059.203712 0.354096 0.247732 0.350142 0.791653 0.085758 -0.048463 -0.602978
1468941059.249778 0.378238 0.273745 0.382390 0.780889 0.073065 -0.045422 -0.618718
1468941059.295843 0.403083 0.294467 0.395682 0.772100 0.057080 -0.033425 -0.632049
1468941059.341909 0.427488 0.316779 0.398495 0.767735 0.032579 -0.015149 -0.639760
1468941059.387974 0.455368 0.328816 0.378230 0.772407 0.010775 -0.000709 -0.635036
1468941059.434039 0.473752 0.347686 0.336764 0.779263 -0.010380 0.030830 -0.625852
1468941059.480105 0.503088 0.362567 0.281878 0.790933 -0.022915 0.064034 -0.608111
1468941059.526170 0.549785 0.364554 0.191361 0.812251 -0.047252 0.085683 -0.575042
1468941059.572235 0.577517 0.364666 0.119342 0.830198 -0.069399 0.111840 -0.541707
1468941059.618301 0.597418 0.332601 0.039280 0.836486 -0.077205 0.147040 -0.522217
1468941059.664366 0.605586 0.313903 -0.031252 0.851231 -0.084460 0.171467 -0.488744
1468941059.710431 0.610754 0.276301 -0.105504 0.867989 -0.078655 0.189119 -0.452375
1468941059.756497 0.589436 0.249386 -0.152387 0.879144 -0.071104 0.202533 -0.425476
1468941059.802562 0.565197 0.229421 -0.169865 0.890097 -0.060903 0.193948 -0.407925
1468941059.848628 0.519689 0.212242 -0.181739 0.897892 -0.052791 0.182217 -0.397241
1468941059.894693 0.466861 0.204642 -0.178362 0.908861 -0.044380 0.157007 -0.383864
1468941059.940758 0.411915 0.204527 -0.160359 0.910898 -0.042997 0.140683 -0.385518
1468941059.986824 0.323102 0.233217 -0.119038 0.918522 -0.054518 0.114476 -0.374486
1468941060.032889 0.268071 0.247416 -0.077920 0.915418 -0.051471 0.092631 -0.388303
1468941060.078954 0.218175 0.264960 -0.029138 0.910978 -0.049793 0.071546 -0.403139
1468941060.125020 0.175727 0.283804 0.025767 0.907591 -0.048340 0.054490 -0.413489
1468941060.171085 0.137014 0.308409 0.085694 0.894329 -0.045348 0.041755 -0.443142
1468941060.217150 0.099050 0.339859 0.140303 0.881003 -0.042552 0.035569 -0.469849
1468941060.263216 0.068810 0.370189 0.202314 0.877483 -0.041616 0.029082 -0.476914
1468941060.309280 0.046075 0.388714 0.243430 0.873877 -0.050780 0.026248 -0.482774
1468941060.355347 0.027811 0.403736 0.268889 0.865636 -0.066711 0.023076 -0.495672
1468941060.401412 0.009570 0.416105 0.271128 0.864365 -0.078238 0.025839 -0.496070
1468941060.447477 -0.009132 0.423964 0.248298 0.867575 -0.081449 0.032430 -0.489518
1468941060.493543 -0.024667 0.427073 0.202400 0.875439 -0.082593 0.039592 -0.474571
1468941060.539608 -0.035462 0.422935 0.137465 0.884857 -0.079367 0.060806 -0.455007
1468941060.585673 -0.039269 0.409756 0.062766 0.890809 -0.076548 0.090344 -0.438677
1468941060.631739 -0.032440 0.401849 0.007122 0.894634 -0.066247 0.117682 -0.425902
1468941060.677804 -0.024812 0.380510 -0.057501 0.895491 -0.066934 0.138729 -0.417576
1468941060.723870 -0.017596 0.348312 -0.112143 0.894889 -0.066031 0.166220 -0.408882
1468941060.769935 -0.015308 0.329883 -0.149726 0.896018 -0.064233 0.187569 -0.397296
1468941060.816000 -0.022411 0.317114 -0.169437 0.898235 -0.054584 0.198852 -0.388139
1468941060.862066 -0.041081 0.312491 -0.169034 0.900425 -0.038092 0.194597 -0.387189
1468941060.908131 -0.069963 0.316232 -0.150445 0.896118 -0.016685 0.182224 -0.404337
1468941060.954196 -0.106418 0.329235 -0.117602 0.889008 0.005572 0.164857 -0.427148
1468941061.000262 -0.151988 0.371336 -0.068103 0.879904 0.021137 0.150257 -0.450273
1468941061.046327 -0.190792 0.392125 -0.022728 0.872171 0.053825 0.133464 -0.467555
1468941061.092392 -0.244445 0.419031 0.034260 0.861072 0.081798 0.122033 -0.486798
1468941061.138458 -0.283134 0.451378 0.085645 0.854756 0.094922 0.106494 -0.499039
1468941061.184523 -0.319763 0.481100 0.131376 0.850917 0.107384 0.102766 -0.503833
1468941061.230589 -0.352335 0.514177 0.171685 0.842739 0.101086 0.105916 -0.518029
1468941061.276654 -0.371789 0.552187 0.200318 0.837022 0.094095 0.116916 -0.526184
1468941061.322719 -0.396380 0.589840 0.216194 0.845864 0.085200 0.121142 -0.512425
1468941061.368785 -0.418416 0.629375 0.220441 0.850840 0.070261 0.134975 -0.502908
1468941061.414850 -0.438475 0.668668 0.212432 0.861574 0.063728 0.140207 -0.483705
1468941061.460915 -0.431673 0.696580 0.198273 0.876275 0.072561 0.131262 -0.457873
1468941061.506981 -0.448522 0.717273 0.168305 0.875485 0.076498 0.150820 -0.452689
1468941061.553046 -0.451716 0.728938 0.129044 0.876300 0.087881 0.158397 -0.446414
1468941061.599112 -0.443261 0.725642 0.087159 0.874571 0.096309 0.164576 -0.445830
1468941061.645177 -0.423967 0.708645 0.046803 0.876439 0.106946 0.157666 -0.442220
1468941061.691242 -0.395409 0.679402 0.010515 0.880426 0.118047 0.141284 -0.436983
1468941061.737308 -0.339498 0.637786 -0.012020 0.881352 0.127094 0.127810 -0.436726
1468941061.783373 -0.296135 0.596000 -0.036563 0.880748 0.134644 0.124154 -0.436737
1468941061.829438 -0.248522 0.553284 -0.054895 0.883867 0.145506 0.121225 -0.427682
1468941061.875504 -0.199472 0.511135 -0.065623 0.883912 0.151487 0.127199 -0.423758
1468941061.921568 -0.159909 0.475677 -0.070911 0.886683 0.166426 0.130544 -0.411161
1468941061.967634 -0.109848 0.440065 -0.073176 0.887664 0.172184 0.141995 -0.402793
1468941062.013700 -0.060499 0.407217 -0.071632 0.885314 0.179428 0.147151 -0.402954
1468941062.059765 -0.010243 0.379018 -0.068985 0.877937 0.188995 0.158882 -0.410200
1468941062.105831 0.034294 0.355509 -0.063412 0.877074 0.179856 0.166713 -0.413038
1468941062.151896 0.084725 0.335620 -0.060709 0.877869 0.178050 0.173135 -0.409473
1468941062.197961 0.130308 0.318443 -0.054637 0.874498 0.175740 0.186056 -0.412010
1468941062.244027 0.179396 0.302522 -0.054382 0.877411 0.170442 0.192842 -0.404860
1468941062.290092 0.227552 0.287346 -0.057091 0.874380 0.170805 0.214087 -0.400564
1468941062.336157 0.273945 0.272495 -0.059333 0.874897 0.176568 0.222305 -0.392376
1468941062.382223 0.320385 0.269936 -0.062233 0.871927 0.184596 0.237080 -0.386602
1468941062.428288 0.364389 0.257355 -0.064458 0.869508 0.187083 0.248505 -0.383667
1468941062.474353 0.407317 0.244887 -0.067887 0.867250 0.193593 0.255400 -0.381012
1468941062.520419 0.448854 0.233488 -0.072550 0.863977 0.198834 0.265144 -0.379089
1468941062.566484 0.486113 0.217622 -0.075515 0.867318 0.197940 0.264780 -0.372116
1468941062.612550 0.524714 0.206623 -0.077624 0.863121 0.201030 0.265158 -0.379868
1468941062.658615 0.563068 0.194847 -0.081408 0.856822 0.216142 0.260141 -0.389185
1468941062.704680 0.600732 0.184086 -0.089605 0.853783 0.230464 0.264999 -0.384338
1468941062.750746 0.637649 0.173933 -0.100437 0.848891 0.245023 0.272536 -0.380883
1468941062.796811 0.673583 0.165587 -0.113178 0.843789 0.252634 0.279577 -0.382142
1468941062.842876 0.699341 0.167640 -0.132521 0.842751 0.258468 0.289430 -0.373089
1468941062.888942 0.727913 0.163921 -0.154054 0.837151 0.263782 0.297983 -0.375239
1468941062.935007 0.749026 0.159571 -0.176080 0.828609 0.270939 0.309488 -0.379759
1468941062.981072 0.763078 0.156257 -0.200945 0.820977 0.283559 0.317029 -0.380899
1468941063.027138 0.769388 0.154425 -0.228160 0.807271 0.296574 0.325977 -0.392552
1468941063.073203 0.767441 0.153894 -0.258843 0.800299 0.303265 0.328293 -0.399719
1468941063.119269 0.756361 0.154978 -0.292762 0.795352 0.309202 0.330435 -0.403264
1468941063.165334 0.735741 0.157027 -0.326596 0.795405 0.310050 0.323808 -0.407859
1468941063.211399 0.690306 0.133818 -0.368269 0.793961 0.310730 0.317827 -0.414799
1468941063.257465 0.652883 0.133878 -0.403878 0.795373 0.312737 0.309604 -0.416801
1468941063.303530 0.605690 0.140537 -0.444231 0.800598 0.310632 0.300282 -0.415189
1468941063.349595 0.554353 0.153905 -0.477197 0.804331 0.307956 0.288154 -0.418548
1468941063.395661 0.489290 0.169597 -0.512036 0.806896 0.303263 0.281411 -0.421614
1468941063.441726 0.427435 0.193347 -0.540666 0.810984 0.301486 0.271688 -0.421422
1468941063.487792 0.363210 0.223486 -0.565782 0.811860 0.298535 0.262084 -0.427870
1468941063.533857 0.293923 0.256036 -0.582121 0.810603 0.289865 0.257278 -0.438987
1468941063.579922 0.229867 0.298935 -0.595803 0.817927 0.268883 0.248183 -0.443963
1468941063.625988 0.157227 0.337412 -0.596846 0.821597 0.247901 0.241161 -0.453172
1468941063.672053 0.083784 0.377067 -0.590175 0.827993 0.218696 0.224137 -0.465147
1468941063.718118 0.014223 0.415991 -0.579512 0.832299 0.188828 0.215562 -0.474506
1468941063.764184 -0.041039 0.460169 -0.557195 0.836353 0.157658 0.196695 -0.486794
1468941063.810249 -0.101647 0.500536 -0.538141 0.838816 0.133033 0.190843 -0.492209
1468941063.856314 -0.144471 0.543788 -0.508952 0.842558 0.104310 0.180814 -0.496509
1468941063.902380 -0.191059 0.579582 -0.473366 0.842081 0.073098 0.176612 -0.504345
1468941063.948445 -0.226885 0.612467 -0.432710 0.845135 0.039590 0.171065 -0.504892
1468941063.994511 -0.256445 0.639113 -0.384818 0.847248 0.007005 0.164537 -0.505024
1468941064.040576 -0.279094 0.657067 -0.330381 0.848153 -0.018181 0.155217 -0.506175
1468941064.086641 -0.297955 0.673212 -0.275631 0.850169 -0.032023 0.149851 -0.503718
1468941064.132707 -0.314305 0.687210 -0.217556 0.856075 -0.045138 0.137882 -0.496071
1468941064.178772 -0.330262 0.699451 -0.159520 0.865105 -0.049249 0.128177 -0.482430
1468941064.224837 -0.345898 0.709681 -0.106103 0.872715 -0.044301 0.121813 -0.470709
1468941064.270903 -0.359851 0.719971 -0.060811 0.885119 -0.033911 0.119495 -0.448481
1468941064.316968 -0.368619 0.730612 -0.024886 0.901352 -0.030928 0.110543 -0.417598
1468941064.363033 -0.372548 0.739133 -0.002284 0.914359 -0.028351 0.099789 -0.391390
1468941064.409099 -0.389364 0.730146 -0.010337 0.922747 -0.031634 0.100775 -0.370651
1468941064.455164 -0.388909 0.731341 -0.021796 0.928939 -0.034303 0.099030 -0.355090
1468941064.501230 -0.378976 0.721710 -0.039037 0.935501 -0.028045 0.083815 -0.342093
1468941064.547295 -0.362925 0.706308 -0.065325 0.942259 -0.023343 0.074449 -0.325670
1468941064.593360 -0.347671 0.680899 -0.099039 0.941674 -0.010983 0.066361 -0.329735
1468941064.639426 -0.321222 0.650778 -0.127549 0.938940 -0.000176 0.063637 -0.338146
1468941064.685491 -0.288987 0.615476 -0.156162 0.939578 0.021986 0.042977 -0.338913
1468941064.731556 -0.251109 0.576228 -0.184273 0.940501 0.051172 0.030817 -0.334500
1468941064.777622 -0.200407 0.531427 -0.182705 0.936472 0.064848 0.030517 -0.343342
1468941064.823687 -0.148693 0.486426 -0.204519 0.935228 0.080479 0.025919 -0.343803
1468941064.869753 -0.089057 0.438851 -0.223454 0.930005 0.099256 0.026260 -0.352915
1468941064.915818 -0.026143 0.393998 -0.240200 0.926178 0.103809 0.044731 -0.359747
1468941064.961883 0.035263 0.369338 -0.240143 0.932152 0.110488 0.061701 -0.339230
1468941065.007949 0.084672 0.347800 -0.232547 0.930215 0.112985 0.097204 -0.335388
1468941065.054014 0.117425 0.345600 -0.189738 0.933880 0.120441 0.118321 -0.315219
1468941065.100079 0.137835 0.354842 -0.129722 0.927541 0.123909 0.117973 -0.332260
1468941065.146145 0.141456 0.367760 -0.037287 0.916358 0.116928 0.103134 -0.368754
1468941065.192210 0.146830 0.385624 0.052392 0.907124 0.110717 0.089750 -0.395997
1468941065.238275 0.154812 0.401748 0.143664 0.902767 0.096502 0.066756 -0.413814
1468941065.284341 0.166104 0.414012 0.220117 0.890890 0.077955 0.056076 -0.443952
1468941065.330406 0.183147 0.420820 0.277498 0.874741 0.046477 0.049907 -0.479768
1468941065.376472 0.203506 0.423035 0.300279 0.874249 0.029824 0.030780 -0.483583
1468941065.422537 0.229074 0.417278 0.290493 0.873093 0.021285 0.031306 -0.486082
1468941065.468602 0.262416 0.400450 0.251998 0.873604 0.006220 0.040585 -0.484902
1468941065.514668 0.326361 0.362683 0.181649 0.877032 -0.005076 0.052750 -0.477500
1468941065.560733 0.353096 0.320578 0.123858 0.883919 -0.010392 0.088842 -0.459006
1468941065.606797 0.391426 0.277685 0.069711 0.893386 0.002076 0.108744 -0.435927
1468941065.652864 0.414695 0.262227 0.061345 0.896571 -0.012459 0.119705 -0.426235
1468941065.698929 0.430741 0.269472 0.092415 0.904515 -0.030255 0.113741 -0.409877
1468941065.744993 0.444962 0.282543 0.153270 0.900698 -0.059121 0.082010 -0.422520
1468941065.791060 0.462953 0.316438 0.205297 0.878221 -0.063830 0.062684 -0.469813
1468941065.837125 0.472130 0.314220 0.259499 0.864171 -0.062083 0.056472 -0.496151
1468941065.883191 0.479603 0.311252 0.295457 0.849223 -0.077782 0.051693 -0.519710
1468941065.929256 0.498172 0.300064 0.299201 0.837732 -0.088925 0.053530 -0.536127
1468941065.975321 0.518886 0.281378 0.270053 0.839899 -0.087113 0.063968 -0.531872
1468941066.021387 0.544287 0.250814 0.216430 0.842872 -0.091448 0.076297 -0.524769
1468941066.067452 0.550907 0.195386 0.150021 0.829620 -0.105689 0.103400 -0.538395
1468941066.113517 0.569750 0.149873 0.093897 0.812538 -0.082618 0.140014 -0.559779
1468941066.159583 0.589081 0.115262 0.060657 0.803119 -0.063790 0.159405 -0.570544
1468941066.205648 0.605776 0.094372 0.053377 0.802825 -0.063941 0.159079 -0.571032
1468941066.251714 0.582510 0.085197 0.073821 0.793034 -0.050985 0.167182 -0.583564
1468941066.297779 0.589009 0.076771 0.091668 0.782734 -0.034517 0.161285 -0.600103
1468941066.343844 0.578974 0.071720 0.117386 0.775606 -0.010541 0.156886 -0.611319
1468941066.389910 0.585071 0.066945 0.133993 0.767896 -0.000980 0.165080 -0.618937
1468941066.435975 0.593501 0.064689 0.154420 0.756719 0.014194 0.165059 -0.632401
1468941066.482039 0.600552 0.061536 0.171823 0.743831 0.042074 0.166574 -0.645909
1468941066.528106 0.619908 0.073971 0.186650 0.739934 0.058929 0.157133 -0.651410
1468941066.574171 0.636142 0.082790 0.207724 0.738416 0.043552 0.141428 -0.657909
1468941066.620235 0.654349 0.093562 0.231412 0.737883 0.018018 0.125923 -0.662833
1468941066.666302 0.677076 0.117658 0.259866 0.746573 -0.006050 0.105831 -0.656804
1468941066.712367 0.700551 0.144270 0.290984 0.751213 -0.033343 0.076792 -0.654729
1468941066.758433 0.721612 0.169141 0.315861 0.742852 -0.055760 0.059853 -0.664439
1468941066.804498 0.741583 0.190598 0.326900 0.735173 -0.059513 0.038468 -0.674165
1468941066.850563 0.757299 0.210524 0.304302 0.737629 -0.059733 0.021064 -0.672229
1468941066.896629 0.768161 0.226933 0.242803 0.750390 -0.051014 0.029655 -0.658356
1468941066.942694 0.775383 0.234360 0.151643 0.782223 -0.024687 0.054702 -0.620101
1468941066.988759 0.780922 0.228807 0.043004 0.824457 -0.019553 0.072774 -0.560885
1468941067.034825 0.780341 0.220257 -0.043584 0.879580 -0.007026 0.076426 -0.469520
1468941067.080890 0.773980 0.198313 -0.067592 0.901506 0.003959 0.070949 -0.426892
1468941067.126955 0.743221 0.225814 -0.042967 0.890926 0.017812 0.048486 -0.451201
1468941067.173021 0.692924 0.277287 0.037175 0.861043 0.035284 0.028630 -0.506499
1468941067.219085 0.650699 0.311572 0.123619 0.831151 0.044121 0.010016 -0.554203
1468941067.265152 0.611451 0.333854 0.205329 0.792198 0.043177 -0.003572 -0.608724
1468941067.311217 0.579012 0.344538 0.259640 0.757691 0.028742 -0.016730 -0.651766
1468941067.357281 0.552209 0.326942 0.288752 0.737473 0.011371 -0.020721 -0.674963
1468941067.403348 0.523585 0.325769 0.260096 0.743065 0.006079 -0.014073 -0.669043
1468941067.449413 0.504347 0.311696 0.176012 0.771194 0.013459 0.006775 -0.636422
1468941067.495478 0.478818 0.291979 0.070293 0.803347 0.023450 0.044259 -0.593401
1468941067.541544 0.451424 0.267972 -0.048241 0.852163 0.038557 0.090161 -0.514006
1468941067.587609 0.426411 0.235736 -0.138726 0.892795 0.065459 0.122622 -0.428480
1468941067.633675 0.391028 0.221856 -0.168543 0.912267 0.064502 0.132424 -0.382195
1468941067.679740 0.337319 0.238258 -0.143761 0.907953 0.059524 0.126621 -0.395027
1468941067.725805 0.270812 0.269490 -0.060169 0.890890 0.053147 0.100587 -0.439741
1468941067.771871 0.199426 0.307439 0.028086 0.870045 0.048079 0.069684 -0.485649
1468941067.817936 0.143379 0.341183 0.136023 0.849046 0.045700 0.043849 -0.524509
1468941067.864001 0.087748 0.361048 0.215116 0.834258 0.045870 0.010786 -0.549357
1468941067.910067 0.046559 0.362226 0.273194 0.818161 0.053167 -0.018791 -0.572218
1468941067.956132 0.006622 0.366393 0.273484 0.805540 0.061658 -0.023598 -0.588852
1468941068.002197 -0.024853 0.370211 0.223723 0.820486 0.073646 -0.025954 -0.566308
1468941068.048263 -0.047605 0.367383 0.130053 0.846873 0.105669 -0.005991 -0.521157
1468941068.094327 -0.070691 0.345267 -0.014635 0.864667 0.141642 0.041508 -0.480172
1468941068.140394 -0.066633 0.316717 -0.129723 0.883065 0.174373 0.084142 -0.427446
1468941068.186459 -0.073106 0.262855 -0.221233 0.901487 0.213553 0.121335 -0.356363
1468941068.232523 -0.088919 0.257145 -0.262555 0.909169 0.229443 0.135386 -0.320061
1468941068.278590 -0.143328 0.282132 -0.251406 0.904671 0.241913 0.125589 -0.327531
1468941068.324655 -0.224751 0.330259 -0.192512 0.881817 0.257111 0.094228 -0.383944
1468941068.370720 -0.326030 0.398094 -0.103992 0.858331 0.259983 0.064251 -0.437663
1468941068.416786 -0.413601 0.454850 -0.012807 0.837052 0.268278 0.047714 -0.474440
1468941068.462851 -0.492677 0.502600 0.072082 0.816705 0.274454 0.022133 -0.507128
1468941068.508916 -0.555160 0.537240 0.124400 0.788642 0.276086 0.016984 -0.549119
1468941068.554982 -0.602611 0.565076 0.135356 0.779557 0.277195 0.014090 -0.561476
1468941068.601047 -0.628183 0.582510 0.098641 0.789617 0.294044 0.031866 -0.537613
1468941068.647113 -0.632017 0.588734 0.018833 0.783130 0.326085 0.069079 -0.524981
1468941068.693178 -0.609647 0.592313 -0.084645 0.793403 0.348729 0.098563 -0.489066
1468941068.739243 -0.526663 0.592832 -0.213007 0.816365 0.355579 0.134211 -0.434856
1468941068.785309 -0.447210 0.587845 -0.318853 0.847254 0.345471 0.158077 -0.371243
1468941068.831373 -0.272040 0.553061 -0.389625 0.869851 0.331139 0.184849 -0.315494
1468941068.877439 -0.170056 0.543307 -0.433066 0.874806 0.322636 0.223697 -0.283866
1468941068.923505 -0.079315 0.540703 -0.440276 0.871005 0.305544 0.266456 -0.277478
1468941068.969569 -0.025203 0.568281 -0.410799 0.872087 0.265762 0.291612 -0.289477
1468941069.015636 -0.008799 0.616948 -0.351227 0.865587 0.225360 0.302883 -0.328989
1468941069.061701 -0.027513 0.670485 -0.275502 0.853596 0.193110 0.296353 -0.382436
1468941069.107766 -0.072188 0.721269 -0.193878 0.838703 0.173448 0.283659 -0.431314
1468941069.153832 -0.129895 0.758078 -0.127477 0.829219 0.178140 0.265773 -0.458287
1468941069.199897 -0.199965 0.781107 -0.071933 0.818828 0.186072 0.229552 -0.492142
1468941069.245962 -0.262704 0.786933 -0.036301 0.804998 0.200970 0.187922 -0.525619
1468941069.292028 -0.330213 0.780342 -0.027457 0.797472 0.219541 0.147552 -0.542280
1468941069.338093 -0.382095 0.766142 -0.043478 0.795834 0.233141 0.107346 -0.548426
1468941069.384158 -0.419587 0.744783 -0.082780 0.797572 0.248106 0.071904 -0.545117
1468941069.430224 -0.435066 0.715560 -0.148889 0.812504 0.251421 0.046763 -0.523868
1468941069.476289 -0.433506 0.680693 -0.226607 0.835471 0.250160 0.033143 -0.488169
1468941069.522355 -0.395968 0.633182 -0.314156 0.857474 0.237967 0.023670 -0.455576
1468941069.568420 -0.341000 0.594355 -0.370287 0.890986 0.219493 0.016598 -0.397103
1468941069.614485 -0.251421 0.550894 -0.410499 0.919129 0.178748 -0.001704 -0.351068
1468941069.660551 -0.140384 0.541780 -0.413770 0.937332 0.122140 -0.012329 -0.326095
1468941069.706615 -0.013333 0.516213 -0.392083 0.944059 0.064211 -0.010450 -0.323296
1468941069.752681 0.130365 0.511618 -0.332976 0.942570 -0.007827 -0.016703 -0.333498
1468941069.798747 0.271933 0.499196 -0.271265 0.929325 -0.097807 -0.024156 -0.355255
1468941069.844811 0.404369 0.497987 -0.196803 0.904060 -0.182360 -0.027348 -0.385580
1468941069.890878 0.504711 0.484704 -0.128533 0.871602 -0.230996 -0.033553 -0.431074
1468941069.936943 0.540947 0.494400 -0.063075 0.844520 -0.259988 -0.073640 -0.462351
1468941069.983008 0.545826 0.514831 -0.008733 0.823720 -0.263721 -0.100124 -0.491845
1468941070.029074 0.560008 0.518688 0.033661 0.803766 -0.257693 -0.139078 -0.517891
1468941070.075139 0.538515 0.542453 0.069757 0.797239 -0.234576 -0.170650 -0.529399
1468941070.121204 0.498882 0.570540 0.090719 0.796334 -0.187989 -0.179523 -0.546154
1468941070.167270 0.444130 0.594532 0.088537 0.807376 -0.123864 -0.183361 -0.546974
1468941070.213335 0.395060 0.603534 0.058089 0.819939 -0.064759 -0.177797 -0.540273
1468941070.259400 0.348592 0.607835 0.006985 0.830225 -0.019278 -0.176521 -0.528389
1468941070.305466 0.335565 0.568606 -0.067457 0.846968 0.014057 -0.176739 -0.501209
1468941070.351531 0.347547 0.531139 -0.140642 0.870021 0.019364 -0.181484 -0.457986
1468941070.397597 0.395349 0.469234 -0.199439 0.887952 0.010774 -0.189708 -0.418850
1468941070.443661 0.473357 0.424040 -0.251550 0.901736 -0.000293 -0.188783 -0.388886
1468941070.489727 0.585828 0.354771 -0.276213 0.909373 -0.025462 -0.171232 -0.378250
1468941070.535793 0.714911 0.320317 -0.287781 0.916790 -0.069747 -0.130046 -0.371105
1468941070.581857 0.839737 0.284087 -0.249867 0.914224 -0.124044 -0.073950 -0.378600
1468941070.627923 0.935306 0.263605 -0.190861 0.895361 -0.140081 0.009212 -0.422637
1468941070.673989 0.990066 0.257477 -0.107972 0.867141 -0.145232 0.059358 -0.472706
1468941070.720054 0.997130 0.285424 -0.027451 0.839817 -0.125654 0.080908 -0.521893
1468941070.766119 0.951079 0.290155 0.053438 0.812124 -0.078333 0.096413 -0.570108
1468941070.812185 0.887130 0.318462 0.098278 0.791967 -0.017874 0.111299 -0.600068
1468941070.858250 0.813334 0.339135 0.102151 0.786908 0.053032 0.110241 -0.604823
1468941070.904316 0.752391 0.350025 0.060424 0.795028 0.137463 0.137844 -0.574486
1468941070.950381 0.725038 0.343108 -0.016978 0.800268 0.206784 0.166397 -0.537702
1468941070.996446 0.738405 0.322896 -0.094738 0.828292 0.230938 0.147823 -0.488618
1468941071.042512 0.777716 0.287895 -0.163430 0.848894 0.219652 0.136974 -0.460836
1468941071.088577 0.828003 0.263229 -0.206077 0.875031 0.171077 0.149340 -0.427494
1468941071.134642 0.857435 0.228564 -0.251063 0.894126 0.129277 0.170627 -0.393336
1468941071.180708 0.860936 0.213311 -0.275816 0.896545 0.112086 0.201485 -0.378217
1468941071.226773 0.804633 0.192198 -0.305629 0.902265 0.115973 0.199271 -0.364361
1468941071.272839 0.736336 0.190218 -0.325095 0.897923 0.153239 0.187659 -0.367472
1468941071.318903 0.623119 0.183015 -0.332172 0.888303 0.189643 0.176477 -0.379222
1468941071.364969 0.531962 0.219245 -0.307747 0.898182 0.181949 0.141095 -0.374507
1468941071.411035 0.453579 0.270821 -0.232210 0.885943 0.183227 0.124167 -0.407573
1468941071.457099 0.380785 0.321689 -0.132377 0.849412 0.175467 0.114418 -0.484375
1468941071.503165 0.328846 0.370533 -0.006556 0.815453 0.159201 0.104811 -0.546540
1468941071.549231 0.288090 0.403634 0.083331 0.790588 0.138674 0.115393 -0.585171
1468941071.595296 0.254470 0.423581 0.134053 0.771502 0.119793 0.122962 -0.612630
1468941071.641361 0.225317 0.442450 0.119692 0.773539 0.118493 0.137399 -0.607222
1468941071.687427 0.199584 0.453504 0.042978 0.797802 0.155932 0.151059 -0.562475
1468941071.733492 0.183544 0.451097 -0.080116 0.820533 0.209847 0.206577 -0.489914
1468941071.779558 0.196064 0.385149 -0.224822 0.855924 0.259751 0.236407 -0.379519
1468941071.825623 0.215252 0.372700 -0.310876 0.872196 0.287652 0.260537 -0.297743
1468941071.871688 0.196961 0.372644 -0.321286 0.880122 0.279884 0.248281 -0.292245
1468941071.917754 0.162908 0.404563 -0.277214 0.884146 0.259126 0.213028 -0.325205
1468941071.963819 0.110920 0.458032 -0.185741 0.868150 0.234516 0.174855 -0.400929
1468941072.009884 0.056327 0.510294 -0.084133 0.842938 0.192208 0.127632 -0.486027
1468941072.055949 0.014534 0.562796 0.014967 0.819777 0.141064 0.087864 -0.548039
1468941072.102015 -0.009759 0.599553 0.048905 0.803030 0.108242 0.057585 -0.583190
1468941072.148080 -0.026281 0.640971 0.039182 0.806874 0.097351 0.061756 -0.579365
1468941072.194145 -0.037867 0.668687 -0.039355 0.829828 0.116760 0.085582 -0.538914
1468941072.240211 -0.033797 0.678919 -0.162334 0.857746 0.151176 0.131076 -0.473536
1468941072.286277 -0.026159 0.678669 -0.302529 0.896951 0.191568 0.183345 -0.353787
1468941072.332342 -0.017174 0.646532 -0.418897 0.906786 0.228234 0.245098 -0.256076
1468941072.378407 -0.013046 0.640694 -0.452798 0.926819 0.203635 0.238970 -0.205991
1468941072.424473 -0.046302 0.657427 -0.442112 0.935117 0.192377 0.222558 -0.197524
1468941072.470538 -0.109521 0.705280 -0.392353 0.925152 0.210950 0.188481 -0.253119
1468941072.516603 -0.187441 0.756974 -0.302745 0.912953 0.211205 0.141378 -0.319251
1468941072.562669 -0.256986 0.808342 -0.199481 0.889170 0.209639 0.093379 -0.395864
1468941072.608734 -0.336264 0.790266 -0.050607 0.850829 0.206764 0.055457 -0.479858
1468941072.654800 -0.383962 0.805044 0.035564 0.811921 0.221342 0.035765 -0.538992
1468941072.700865 -0.422313 0.813862 0.094106 0.795146 0.237710 0.016669 -0.557636
1468941072.746930 -0.451618 0.805751 0.115391 0.778175 0.257716 0.022176 -0.572306
1468941072.792996 -0.459644 0.790747 0.105326 0.757344 0.269282 0.031485 -0.594076
1468941072.839061 -0.449322 0.774418 0.052785 0.760443 0.274492 0.036810 -0.587389
1468941072.885126 -0.414383 0.751251 -0.046474 0.782890 0.289107 0.052078 -0.548441
1468941072.931191 -0.365098 0.729081 -0.176117 0.816080 0.323494 0.076614 -0.472753
1468941072.977257 -0.272274 0.677755 -0.319832 0.852207 0.326981 0.090905 -0.398200
1468941073.023322 -0.157683 0.638042 -0.413783 0.899962 0.299859 0.108285 -0.297367
1468941073.069387 -0.049720 0.612451 -0.468068 0.936750 0.206393 0.101853 -0.263681
1468941073.115453 0.079574 0.581065 -0.459171 0.955601 0.120019 0.091751 -0.252991
1468941073.161519 0.183321 0.577855 -0.411361 0.962245 0.011891 0.093716 -0.255264
1468941073.207584 0.277439 0.564472 -0.339559 0.939180 -0.075184 0.113077 -0.315439
1468941073.253649 0.309426 0.585153 -0.243609 0.912058 -0.124245 0.108002 -0.375565
1468941073.299715 0.292900 0.584018 -0.158016 0.875113 -0.147789 0.059814 -0.456900
1468941073.345780 0.226843 0.576023 -0.090256 0.846069 -0.125835 0.002237 -0.518003
1468941073.391845 0.134057 0.554312 -0.048885 0.833098 -0.051275 -0.061029 -0.547352
1468941073.437911 0.042898 0.516787 -0.039698 0.817512 0.034430 -0.101709 -0.565813
1468941073.483976 -0.016649 0.476902 -0.061724 0.816705 0.104101 -0.113160 -0.556192
1468941073.530041 -0.027600 0.440714 -0.101412 0.839184 0.137874 -0.098933 -0.516695
1468941073.576107 0.016876 0.411321 -0.134902 0.866919 0.125274 -0.097343 -0.472528
1468941073.622172 0.091470 0.401727 -0.187902 0.884405 0.090795 -0.073361 -0.451887
1468941073.668238 0.190793 0.392124 -0.195223 0.890962 0.050079 -0.019641 -0.450881
1468941073.714303 0.295120 0.396915 -0.173543 0.896157 -0.012164 0.023391 -0.442953
1468941073.760368 0.352559 0.418708 -0.104556 0.881576 -0.067360 0.021033 -0.466737
1468941073.806433 0.350808 0.446827 -0.018094 0.869299 -0.080328 -0.017968 -0.487385
1468941073.852499 0.318361 0.461188 0.047845 0.855122 -0.047464 -0.066282 -0.511977
1468941073.898564 0.271006 0.474064 0.078529 0.848499 0.026965 -0.133126 -0.511469
1468941073.944630 0.226559 0.473511 0.057071 0.874733 0.127123 -0.178014 -0.432427
1468941073.990695 0.204179 0.447410 -0.011948 0.894946 0.203097 -0.228144 -0.325229
1468941074.036761 0.229702 0.421851 -0.066568 0.912685 0.176366 -0.220235 -0.295630
1468941074.082826 0.289410 0.400489 -0.097209 0.924107 0.137287 -0.242277 -0.261686
1468941074.128891 0.366606 0.359903 -0.107240 0.916709 0.071990 -0.168009 -0.355297
1468941074.174957 0.450816 0.329872 -0.091298 0.881773 -0.004932 -0.017381 -0.471328
1468941074.221022 0.499972 0.310480 -0.078547 0.840168 -0.030491 0.131404 -0.525282
1468941074.267087 0.541718 0.322512 -0.035571 0.809742 -0.042709 0.204295 -0.548413
1468941074.313153 0.541259 0.349913 0.012636 0.803431 -0.032912 0.215831 -0.553925
1468941074.359218 0.506338 0.383310 0.063599 0.801332 0.031809 0.218316 -0.556051
1468941074.405282 0.459548 0.424310 0.102977 0.813910 0.124030 0.234394 -0.516939
1468941074.451349 0.401109 0.456855 0.124404 0.833473 0.231655 0.205317 -0.457715
1468941074.497414 0.345433 0.479116 0.129610 0.853768 0.315858 0.121952 -0.395528
1468941074.543479 0.292915 0.488846 0.117462 0.873537 0.359694 -0.034121 -0.326172
1468941074.589545 0.262135 0.491144 0.093215 0.873852 0.347981 -0.176730 -0.289928
1468941074.635610 0.255467 0.470605 0.051349 0.876571 0.298152 -0.240273 -0.291545
1468941074.681675 0.257045 0.451327 -0.000062 0.887906 0.212145 -0.231922 -0.335901
1468941074.727741 0.267581 0.418169 -0.060906 0.891400 0.125608 -0.186984 -0.393275
1468941074.773806 0.282143 0.374425 -0.118988 0.893909 0.081142 -0.104854 -0.428192
1468941074.819872 0.272736 0.323342 -0.182288 0.903485 0.082423 -0.019699 -0.420158
1468941074.865937 0.272637 0.294547 -0.219072 0.913678 0.116029 0.021533 -0.388930
1468941074.912002 0.251392 0.295360 -0.234116 0.933027 0.159497 0.017380 -0.322055
1468941074.958068 0.228880 0.312520 -0.212791 0.939801 0.188807 -0.020615 -0.284081
1468941075.004133 0.173530 0.344337 -0.181287 0.937710 0.239874 -0.027153 -0.249845
1468941075.050199 0.126201 0.374927 -0.143547 0.906169 0.314608 0.058555 -0.276497
1468941075.096264 0.089880 0.390472 -0.099928 0.842161 0.365368 0.162528 -0.361739
1468941075.142329 0.044717 0.430648 -0.089399 0.776037 0.391281 0.275191 -0.411017
1468941075.188395 0.015482 0.456685 -0.080679 0.722642 0.374261 0.332171 -0.476843
1468941075.234460 -0.007239 0.477136 -0.073356 0.772748 0.339764 0.245496 -0.476605
1468941075.280524 -0.017414 0.444501 -0.077591 0.881375 0.298280 0.074551 -0.358676
1468941075.326591 -0.019431 0.434222 -0.086311 0.926542 0.240970 -0.051883 -0.284185
1468941075.372656 -0.022111 0.411022 -0.087211 0.925238 0.206406 -0.114367 -0.297070
1468941075.418720 -0.026290 0.372201 -0.092765 0.900263 0.203165 -0.071584 -0.378320
1468941075.464787 -0.070108 0.366599 -0.100874 0.843895 0.237090 0.084393 -0.473823
1468941075.510852 -0.119428 0.362651 -0.112989 0.793390 0.315910 0.163690 -0.493902
1468941075.556918 -0.178649 0.385908 -0.122350 0.756461 0.392500 0.229215 -0.470288
1468941075.602983 -0.241324 0.421114 -0.124013 0.724215 0.447970 0.295956 -0.432718
1468941075.649048 -0.300329 0.460384 -0.131706 0.699316 0.513507 0.329427 -0.372486
1468941075.695114 -0.352312 0.503581 -0.141725 0.693823 0.558783 0.329388 -0.312849
1468941075.741179 -0.393964 0.551857 -0.157123 0.710962 0.569277 0.313682 -0.268441
1468941075.787244 -0.422022 0.591352 -0.170603 0.731731 0.562581 0.287071 -0.256247
1468941075.833310 -0.436596 0.611235 -0.179644 0.737798 0.544407 0.244555 -0.315387
1468941075.879375 -0.433692 0.609915 -0.186096 0.745116 0.514168 0.192532 -0.378636
1468941075.925441 -0.407970 0.594619 -0.190677 0.761338 0.435509 0.124668 -0.463847
1468941075.971506 -0.356876 0.566026 -0.199364 0.779490 0.349597 0.055932 -0.516768
1468941076.017570 -0.301801 0.539247 -0.206216 0.809264 0.301801 0.007222 -0.503940
1468941076.063637 -0.235842 0.495381 -0.225003 0.845178 0.283750 0.014505 -0.452714
1468941076.109702 -0.178473 0.454922 -0.231190 0.874389 0.267519 0.049806 -0.401742
1468941076.155766 -0.125372 0.419645 -0.227226 0.895459 0.260608 0.083260 -0.351147
1468941076.201833 -0.151360 0.439518 -0.181125 0.896184 0.267614 0.096731 -0.340412
1468941076.247898 -0.184655 0.453235 -0.149865 0.874341 0.309141 0.097604 -0.361156
1468941076.293963 -0.253634 0.492316 -0.102320 0.857226 0.329210 0.086800 -0.386329
1468941076.340029 -0.310924 0.528710 -0.070540 0.843209 0.330643 0.094752 -0.413154
1468941076.386094 -0.471696 0.636517 -0.096302 0.843296 0.355030 0.097471 -0.391542
1468941076.432160 -0.479069 0.639823 -0.097846 0.828225 0.361576 0.145118 -0.402799
1468941076.478225 -0.468402 0.644874 -0.096768 0.745987 0.421746 0.194548 -0.477268
1468941076.524290 -0.411624 0.600359 -0.095159 0.711047 0.432989 0.165203 -0.528811
1468941076.570356 -0.331359 0.557793 -0.105284 0.752793 0.408686 0.123673 -0.500983
1468941076.616421 -0.234759 0.509398 -0.128077 0.794500 0.383283 0.106709 -0.458778
1468941076.662486 -0.119530 0.465133 -0.206681 0.819772 0.350847 0.092345 -0.443117
1468941076.708552 -0.019891 0.407257 -0.219673 0.848424 0.323142 0.087608 -0.409976
1468941076.754616 0.058275 0.352842 -0.216210 0.859252 0.297479 0.093434 -0.405539
1468941076.800682 0.081145 0.345347 -0.195750 0.867721 0.285845 0.082326 -0.398216
1468941076.846748 -0.011504 0.372012 -0.175472 0.851435 0.260981 0.077971 -0.448183
1468941076.892812 -0.041120 0.418669 -0.135666 0.858992 0.223614 0.031309 -0.459510
1468941076.938879 -0.061228 0.468405 -0.102627 0.884869 0.179034 -0.016504 -0.429745
1468941076.984944 -0.056941 0.495675 -0.075467 0.883042 0.140917 -0.043171 -0.445552
1468941077.031008 -0.036935 0.488256 -0.050376 0.882468 0.121338 -0.067366 -0.449432
1468941077.077075 0.011147 0.454935 -0.054842 0.851473 0.138853 -0.056402 -0.502526
1468941077.123140 0.081102 0.408077 -0.086342 0.838709 0.154225 -0.050275 -0.519860
1468941077.169205 0.157382 0.359466 -0.134151 0.860448 0.144000 -0.056855 -0.485450
1468941077.215271 0.230843 0.309625 -0.199579 0.890759 0.147040 -0.033467 -0.428728
1468941077.261336 0.289334 0.275873 -0.263460 0.921001 0.170932 0.005567 -0.350013
1468941077.307402 0.368947 0.239510 -0.277742 0.941404 0.162320 0.037226 -0.293299
1468941077.353467 0.402233 0.258587 -0.239807 0.943978 0.132397 0.025409 -0.301216
1468941077.399532 0.425879 0.288991 -0.157112 0.932310 0.108383 -0.008265 -0.344939
1468941077.445598 0.444851 0.315236 -0.059553 0.908328 0.091924 -0.041365 -0.405929
1468941077.491663 0.461982 0.334302 0.035024 0.876554 0.084922 -0.062045 -0.469673
1468941077.537728 0.479180 0.346063 0.101911 0.844264 0.074093 -0.096258 -0.521980
1468941077.583794 0.497855 0.372038 0.122041 0.824770 0.059644 -0.115533 -0.550318
1468941077.629858 0.513862 0.379849 0.086636 0.826640 0.066134 -0.120011 -0.545793
1468941077.675924 0.537948 0.357530 -0.006902 0.840021 0.079911 -0.098286 -0.527560
1468941077.721990 0.570663 0.347406 -0.129494 0.882304 0.101644 -0.042113 -0.457640
1468941077.768054 0.616480 0.326554 -0.246187 0.942627 0.089760 0.021325 -0.320846
1468941077.814121 0.646655 0.310193 -0.291155 0.961033 0.075340 0.038328 -0.263193
1468941077.860186 0.661173 0.339635 -0.271887 0.955327 0.083145 0.026234 -0.282399
1468941077.906251 0.638377 0.375027 -0.205617 0.938015 0.087383 -0.000069 -0.335398
1468941077.952317 0.613357 0.415777 -0.113378 0.909823 0.078512 -0.035503 -0.405952
1468941077.998382 0.596964 0.441487 -0.034603 0.868683 0.066545 -0.051867 -0.488130
1468941078.044447 0.617790 0.474591 0.004748 0.832086 0.053150 -0.077473 -0.546632
1468941078.090513 0.625463 0.470365 -0.026158 0.832300 0.027578 -0.077117 -0.548241
1468941078.136578 0.633076 0.430907 -0.153622 0.872949 0.044980 -0.030290 -0.484788
1468941078.182643 0.652976 0.393620 -0.282910 0.922315 0.051687 0.047312 -0.380033
1468941078.228709 0.672332 0.345606 -0.403969 0.972481 0.053274 0.117654 -0.193906
1468941078.274774 0.655235 0.329632 -0.416876 0.977456 0.035641 0.101902 -0.181454
1468941078.320840 0.572577 0.350752 -0.334860 0.968153 0.054844 0.058671 -0.237129
1468941078.366904 0.500330 0.401514 -0.255593 0.943559 0.090806 0.025403 -0.317499
1468941078.412970 0.434965 0.447103 -0.155418 0.901782 0.101880 -0.020891 -0.419491
1468941078.459036 0.393524 0.468773 -0.087243 0.860474 0.113369 -0.050038 -0.494195
1468941078.505100 0.372556 0.462829 -0.067824 0.845360 0.100970 -0.051369 -0.522047
1468941078.551166 0.376459 0.457936 -0.107338 0.868970 0.092488 -0.032886 -0.485032
1468941078.597232 0.404442 0.429535 -0.214719 0.891982 0.096448 0.042030 -0.439658
1468941078.643296 0.423788 0.395220 -0.311077 0.921037 0.109952 0.135801 -0.348079
1468941078.689363 0.423805 0.351682 -0.378781 0.935453 0.133404 0.200333 -0.258840
1468941078.735428 0.384406 0.320455 -0.393575 0.922297 0.185499 0.208716 -0.267199
1468941078.781493 0.291646 0.317012 -0.368243 0.903059 0.258748 0.202173 -0.276875
1468941078.827559 0.199360 0.322765 -0.342244 0.865412 0.346626 0.212071 -0.293154
1468941078.873624 0.088044 0.308252 -0.290348 0.833011 0.419107 0.231304 -0.277382
1468941078.919689 -0.003431 0.337124 -0.248856 0.810294 0.448402 0.246721 -0.285460
1468941078.965755 -0.077528 0.381964 -0.200747 0.803735 0.447635 0.250911 -0.301126
1468941079.011820 -0.146048 0.416749 -0.165212 0.802609 0.456463 0.247116 -0.293929
1468941079.057885 -0.205076 0.451293 -0.133844 0.804977 0.445996 0.241751 -0.307661
1468941079.103951 -0.251318 0.483944 -0.111288 0.806533 0.433228 0.234448 -0.326883
1468941079.150016 -0.292007 0.519713 -0.095885 0.836058 0.405984 0.196958 -0.312077
1468941079.196082 -0.326934 0.556104 -0.082692 0.870037 0.369096 0.123684 -0.302498
1468941079.242146 -0.357836 0.595483 -0.074034 0.895119 0.325044 0.054217 -0.300282
1468941079.288212 -0.377969 0.629853 -0.071158 0.914076 0.278675 -0.031846 -0.292903
1468941079.334278 -0.392972 0.664004 -0.093556 0.919652 0.219032 -0.109202 -0.307148
1468941079.380342 -0.391747 0.690681 -0.123101 0.926050 0.151615 -0.162218 -0.305171
1468941079.426408 -0.348127 0.698869 -0.160871 0.935828 0.098610 -0.190536 -0.279640
1468941079.472474 -0.313373 0.694939 -0.205583 0.937050 0.043226 -0.207689 -0.277369
1468941079.518539 -0.262074 0.696931 -0.262539 0.943975 0.007440 -0.209144 -0.255175
1468941079.564604 -0.205177 0.672766 -0.311788 0.952367 -0.021737 -0.199914 -0.229259
1468941079.610670 -0.134522 0.643917 -0.352963 0.962360 -0.035068 -0.167257 -0.211328
1468941079.656735 -0.058249 0.610402 -0.381544 0.971982 -0.028127 -0.115538 -0.202756
1468941079.702801 0.030199 0.587631 -0.394787 0.978346 -0.030905 -0.070261 -0.192218
1468941079.748866 0.124359 0.564656 -0.387496 0.981290 -0.042930 -0.034427 -0.184503
1468941079.794931 0.217382 0.544376 -0.350697 0.980438 -0.056152 0.002243 -0.188638
1468941079.840997 0.304468 0.525734 -0.308094 0.973339 -0.069030 0.039708 -0.215103
1468941079.887062 0.375851 0.521200 -0.249189 0.964174 -0.074928 0.082575 -0.240697
1468941079.933127 0.432541 0.510178 -0.189279 0.949995 -0.072212 0.127014 -0.275975
1468941079.979192 0.465630 0.507486 -0.125748 0.932119 -0.067514 0.174564 -0.310039
1468941080.025258 0.473811 0.510470 -0.071633 0.917641 -0.045432 0.199885 -0.340465
1468941080.071324 0.453976 0.523595 -0.023940 0.904893 -0.020658 0.223068 -0.361916
1468941080.117388 0.416181 0.543589 0.006982 0.908012 0.010822 0.242768 -0.341265
1468941080.163454 0.355590 0.565472 0.028229 0.911309 0.049150 0.243995 -0.327974
1468941080.209520 0.287031 0.585558 0.041492 0.917829 0.097309 0.203630 -0.326583
1468941080.255584 0.198421 0.600949 0.042634 0.912727 0.149949 0.185769 -0.331564
1468941080.301650 0.103966 0.609858 0.033370 0.897212 0.211661 0.160730 -0.352671
1468941080.347904 0.007593 0.609075 -0.010049 0.886603 0.271939 0.121781 -0.353771
1468941080.393970 -0.082394 0.612236 -0.049360 0.872208 0.303314 0.109196 -0.367872
1468941080.440035 -0.155360 0.604562 -0.109851 0.870264 0.309360 0.082382 -0.374365
1468941080.486101 -0.216280 0.598147 -0.169734 0.874997 0.323941 0.053326 -0.355806
1468941080.532166 -0.234393 0.586500 -0.236960 0.872961 0.325908 0.013255 -0.362694
1468941080.578231 -0.237125 0.577282 -0.300168 0.876099 0.314696 -0.012158 -0.365060
1468941080.624297 -0.208342 0.574613 -0.360446 0.900455 0.272280 -0.029682 -0.337880
1468941080.670362 -0.150938 0.561142 -0.405381 0.920054 0.234784 -0.038233 -0.311311
1468941080.716427 -0.066569 0.536236 -0.426365 0.929271 0.214302 -0.039877 -0.298229
1468941080.762493 0.023414 0.497411 -0.419973 0.934430 0.195763 -0.035126 -0.295439
1468941080.808558 0.112501 0.457619 -0.386182 0.933522 0.187890 -0.024098 -0.304390
1468941080.854623 0.170063 0.421603 -0.345106 0.928718 0.193008 -0.013090 -0.316321
1468941080.900689 0.193315 0.420429 -0.287302 0.915608 0.209934 -0.016927 -0.342496
1468941080.946754 0.184095 0.442623 -0.231975 0.897493 0.213664 -0.028702 -0.384747
1468941080.992820 0.156262 0.481508 -0.171525 0.879217 0.204554 -0.061267 -0.425890
1468941081.038885 0.120830 0.521237 -0.127154 0.865931 0.203020 -0.081823 -0.449724
1468941081.084950 0.074789 0.587168 -0.087347 0.861423 0.205166 -0.105331 -0.452506
1468941081.131016 0.052821 0.615123 -0.097678 0.857759 0.207868 -0.088977 -0.461652
1468941081.177081 0.040537 0.632783 -0.115716 0.872622 0.222504 -0.024696 -0.434066
1468941081.223146 0.077675 0.608432 -0.123670 0.897897 0.212841 -0.017009 -0.384956
1468941081.269212 0.132742 0.540872 -0.098654 0.893956 0.211809 -0.033340 -0.393532
1468941081.315277 0.206296 0.461290 -0.076688 0.889056 0.220836 -0.049790 -0.397909
1468941081.361342 0.273308 0.391759 -0.061254 0.886919 0.236635 -0.046344 -0.393994
1468941081.407408 0.310899 0.361929 -0.052040 0.876918 0.240244 -0.037057 -0.414638
1468941081.453473 0.308136 0.381536 -0.053340 0.869606 0.243496 -0.044393 -0.427228
1468941081.499539 0.274730 0.438183 -0.080278 0.876444 0.249026 -0.032599 -0.410816
1468941081.545604 0.206541 0.462055 -0.104898 0.876968 0.233400 0.025574 -0.419283
1468941081.591669 0.202511 0.510871 -0.159212 0.899631 0.218971 0.077213 -0.369803
1468941081.637735 0.225315 0.507374 -0.156450 0.933625 0.190596 0.089213 -0.289930
1468941081.683800 0.275302 0.463555 -0.111231 0.905023 0.204496 0.022056 -0.372329
1468941081.729865 0.357649 0.369442 -0.060029 0.882369 0.219703 -0.033893 -0.414737
1468941081.775931 0.433096 0.298137 -0.022770 0.872269 0.227191 -0.075691 -0.426382
1468941081.821995 0.504962 0.245585 0.000053 0.840139 0.237177 -0.083283 -0.480601
1468941081.868062 0.540729 0.235397 0.016467 0.827319 0.239321 -0.086977 -0.500703
1468941081.914127 0.540518 0.268431 0.022320 0.830343 0.242469 -0.084999 -0.494484
1468941081.960192 0.513795 0.328796 0.012599 0.833108 0.237309 -0.065455 -0.495309
1468941082.006258 0.474331 0.400048 -0.014087 0.840735 0.236778 -0.054312 -0.483891
1468941082.052323 0.443408 0.462853 -0.052787 0.869412 0.229058 -0.044225 -0.435546
1468941082.098388 0.479703 0.509450 -0.102956 0.879384 0.203345 -0.033853 -0.429172
1468941082.144454 0.496678 0.522564 -0.141744 0.898798 0.191295 -0.028607 -0.393382
1468941082.190519 0.569208 0.556130 -0.180653 0.919856 0.162290 -0.043620 -0.354436
1468941082.236584 0.624859 0.536748 -0.219345 0.922209 0.150922 -0.057217 -0.351397
1468941082.282650 0.677713 0.502945 -0.256095 0.926367 0.142393 -0.055096 -0.344286
1468941082.328715 0.738811 0.483091 -0.298624 0.934203 0.133755 -0.035772 -0.328777
1468941082.374781 0.804525 0.466545 -0.325305 0.947211 0.096405 -0.000531 -0.305773
1468941082.420846 0.869660 0.464472 -0.336137 0.957133 0.053872 0.027312 -0.283281
1468941082.466911 0.910728 0.475405 -0.313607 0.955560 0.023370 0.053654 -0.288930
1468941082.512977 0.930945 0.491134 -0.278330 0.946969 0.014801 0.084644 -0.309624
1468941082.559042 0.901207 0.521999 -0.207247 0.934181 0.005056 0.095338 -0.343789
1468941082.605107 0.861563 0.544936 -0.113674 0.915993 -0.002825 0.084706 -0.392140
1468941082.651173 0.775747 0.582815 0.003236 0.904642 -0.008056 0.070383 -0.420243
1468941082.697238 0.707083 0.597541 0.078679 0.892524 -0.012204 0.044627 -0.448621
1468941082.743303 0.615505 0.603690 0.155137 0.885539 -0.009300 0.024261 -0.463839
1468941082.789369 0.539074 0.615418 0.202770 0.881622 0.008917 -0.002899 -0.471863
1468941082.835434 0.439905 0.620877 0.234103 0.873534 0.031664 -0.023477 -0.485164
1468941082.881500 0.355336 0.639790 0.235610 0.862442 0.062454 -0.033249 -0.501186
1468941082.927565 0.224864 0.642518 0.199586 0.867175 0.079483 -0.026738 -0.490892
1468941082.973630 0.147533 0.670970 0.145318 0.893083 0.100032 -0.037768 -0.437001
1468941083.019696 0.082410 0.663030 0.059586 0.912569 0.135752 -0.030026 -0.384563
1468941083.065761 0.039235 0.665708 -0.035661 0.912649 0.165787 0.004517 -0.373586
1468941083.111826 0.021441 0.654884 -0.152506 0.920685 0.187751 0.012453 -0.341955
1468941083.157892 0.028696 0.627885 -0.267047 0.920560 0.212577 0.052551 -0.323449
1468941083.203957 0.068829 0.587972 -0.371514 0.924251 0.219105 0.082330 -0.301620
1468941083.250023 0.123000 0.537537 -0.416406 0.941593 0.196513 0.083210 -0.260503
1468941083.296088 0.184338 0.469084 -0.419708 0.941187 0.199188 0.099634 -0.254094
1468941083.342153 0.234780 0.406900 -0.406818 0.937001 0.220570 0.118447 -0.243616
1468941083.388219 0.259567 0.359186 -0.373787 0.928050 0.241093 0.135079 -0.249703
1468941083.434283 0.254534 0.365572 -0.341277 0.930020 0.234100 0.138354 -0.247219
1468941083.480349 0.208700 0.409667 -0.299429 0.929783 0.222828 0.119999 -0.267303
1468941083.526415 0.150955 0.469062 -0.264635 0.926190 0.220174 0.097890 -0.290024
1468941083.572480 0.070719 0.555638 -0.212318 0.918347 0.213552 0.083093 -0.322691
1468941083.618545 -0.001197 0.638687 -0.177734 0.902516 0.210588 0.070405 -0.369000
1468941083.664611 -0.077572 0.724513 -0.148872 0.895321 0.209855 0.064008 -0.387640
1468941083.710676 -0.146144 0.803034 -0.136948 0.899200 0.219427 0.026317 -0.377622
1468941083.756742 -0.197361 0.862629 -0.147115 0.905000 0.243960 0.021682 -0.347835
1468941083.802807 -0.237146 0.908351 -0.169501 0.919782 0.244573 0.024037 -0.305953
1468941083.848872 -0.251677 0.911341 -0.218981 0.944085 0.214541 0.035455 -0.247826
1468941083.894938 -0.251024 0.897083 -0.237920 0.954664 0.162915 0.026243 -0.247763
1468941083.941003 -0.236700 0.851486 -0.261165 0.950988 0.159465 0.000980 -0.264938
1468941083.987068 -0.200282 0.782290 -0.297727 0.937341 0.186726 0.034492 -0.292123
1468941084.033134 -0.138714 0.693996 -0.348714 0.936759 0.185595 0.041984 -0.293724
1468941084.079199 -0.056279 0.606762 -0.377656 0.936264 0.180251 0.063994 -0.294660
1468941084.125264 0.036649 0.518149 -0.393304 0.929282 0.183713 0.093752 -0.306422
1468941084.171329 0.122436 0.445451 -0.386019 0.923132 0.181981 0.134017 -0.311046
1468941084.217395 0.198862 0.387809 -0.369350 0.913187 0.182027 0.184694 -0.314394
1468941084.263461 0.251758 0.355457 -0.337196 0.913805 0.176357 0.219284 -0.292871
1468941084.309526 0.286411 0.346238 -0.292074 0.911264 0.171931 0.226868 -0.297606
1468941084.355591 0.285451 0.367930 -0.228767 0.907266 0.159215 0.219237 -0.321642
1468941084.401657 0.267126 0.411731 -0.158029 0.908706 0.147086 0.194945 -0.338549
1468941084.447722 0.238443 0.461601 -0.086599 0.907502 0.139769 0.183337 -0.351130
1468941084.493787 0.214288 0.503852 -0.015593 0.904052 0.135719 0.147265 -0.377601
1468941084.539853 0.163846 0.547604 0.035670 0.899045 0.164641 0.112827 -0.389719
1468941084.585918 0.106193 0.583898 0.065808 0.876674 0.205688 0.086038 -0.426302
1468941084.631984 0.047998 0.614690 0.071347 0.854450 0.252526 0.040269 -0.452244
1468941084.678049 0.011940 0.624933 0.045761 0.844280 0.302041 -0.035906 -0.441218
1468941084.724114 -0.017552 0.632221 0.000109 0.856278 0.316308 -0.084687 -0.399455
1468941084.770180 -0.012482 0.616357 -0.075402 0.864364 0.286022 -0.060852 -0.409100
1468941084.816245 0.008604 0.574368 -0.134966 0.873587 0.276630 -0.028800 -0.399366
1468941084.862310 0.024422 0.512787 -0.188079 0.880012 0.257249 -0.024706 -0.398488
1468941084.908376 0.080770 0.441886 -0.228453 0.868105 0.271817 -0.020407 -0.414841
1468941084.954441 0.178576 0.377438 -0.260093 0.879379 0.257138 -0.032505 -0.399395
1468941085.000506 0.278837 0.337207 -0.279636 0.902780 0.210462 -0.039603 -0.372995
1468941085.046571 0.413172 0.330280 -0.284043 0.917217 0.173118 -0.013656 -0.358547
1468941085.092637 0.515951 0.309627 -0.279045 0.930440 0.115392 0.030532 -0.346459
1468941085.138703 0.629753 0.316933 -0.257092 0.939294 0.041713 0.045496 -0.337517
1468941085.184768 0.693528 0.312866 -0.221560 0.934929 -0.006657 0.075749 -0.346591
1468941085.230833 0.708971 0.332430 -0.174963 0.924477 -0.022675 0.082863 -0.371433
1468941085.276899 0.695031 0.340973 -0.125884 0.906106 -0.027407 0.094841 -0.411370
1468941085.322964 0.635626 0.355920 -0.080438 0.884645 -0.034015 0.104510 -0.453127
1468941085.369029 0.573857 0.364690 -0.048780 0.869349 -0.045864 0.071523 -0.486840
1468941085.415095 0.484338 0.365353 -0.038153 0.858391 -0.042082 0.039188 -0.509763
1468941085.461160 0.389975 0.368036 -0.055354 0.858996 -0.012326 -0.000366 -0.511834
1468941085.507225 0.298599 0.375728 -0.092194 0.867377 0.023799 -0.029268 -0.496220
1468941085.553291 0.222421 0.380232 -0.134422 0.873644 0.042890 -0.053678 -0.481691
1468941085.599356 0.193502 0.386874 -0.178333 0.893639 0.042765 -0.054857 -0.443363
1468941085.645422 0.202593 0.400326 -0.200381 0.905333 0.024846 -0.079951 -0.416369
1468941085.691487 0.244854 0.405962 -0.216046 0.903208 0.020766 -0.086250 -0.419934
1468941085.737552 0.312137 0.404006 -0.235439 0.901834 0.022374 -0.077987 -0.424398
1468941085.783617 0.403509 0.410133 -0.272355 0.901180 0.025221 -0.037021 -0.431125
1468941085.829683 0.502273 0.412744 -0.293648 0.913579 0.008220 0.002493 -0.406572
1468941085.875748 0.601941 0.423258 -0.299571 0.930945 -0.038721 0.030802 -0.361792
1468941085.921814 0.667029 0.427572 -0.285782 0.932215 -0.071458 0.072085 -0.347380
1468941085.967879 0.675287 0.464866 -0.249903 0.932487 -0.084969 0.074171 -0.343143
1468941086.013945 0.630509 0.485378 -0.209551 0.930631 -0.048763 0.055928 -0.358357
1468941086.060010 0.548383 0.512352 -0.151545 0.921434 0.012905 0.038014 -0.386455
1468941086.106075 0.477387 0.546429 -0.063168 0.907024 0.055412 0.013763 -0.417190
1468941086.152141 0.400319 0.584005 0.053742 0.900689 0.072476 -0.008938 -0.428283
1468941086.198206 0.357699 0.609325 0.177706 0.884217 0.071513 -0.035630 -0.460193
1468941086.244271 0.311999 0.623159 0.291950 0.859678 0.076151 -0.041272 -0.503440
1468941086.290337 0.263904 0.631258 0.380020 0.839836 0.096855 -0.058485 -0.530918
1468941086.336402 0.199993 0.628900 0.432184 0.815746 0.093877 -0.039618 -0.569364
1468941086.382467 0.146814 0.640740 0.449855 0.803375 0.109845 -0.038997 -0.583954
1468941086.428533 0.097322 0.654587 0.424882 0.794943 0.141384 -0.037160 -0.588808
1468941086.474598 0.053653 0.664370 0.357742 0.785070 0.163686 -0.024666 -0.596878
1468941086.520663 0.022510 0.676678 0.244157 0.800054 0.182762 -0.006990 -0.571369
1468941086.566729 0.007978 0.678580 0.098074 0.835381 0.195170 -0.015293 -0.513627
1468941086.612794 0.028832 0.651745 -0.077456 0.866386 0.196889 0.018850 -0.458535
1468941086.658859 0.049722 0.606357 -0.247725 0.902950 0.210825 0.059021 -0.369798
1468941086.704925 0.068251 0.557846 -0.379207 0.923101 0.226870 0.116105 -0.287985
1468941086.750990 0.073219 0.520669 -0.451994 0.944647 0.212330 0.142205 -0.205755
1468941086.797056 0.029943 0.523662 -0.468233 0.945328 0.217469 0.153899 -0.188087
1468941086.843121 -0.036434 0.560189 -0.430204 0.934484 0.240243 0.131954 -0.227180
1468941086.889185 -0.149482 0.607816 -0.351226 0.913429 0.263775 0.100346 -0.293258
1468941086.935252 -0.240705 0.664267 -0.246470 0.892970 0.276048 0.070816 -0.348408
1468941086.981317 -0.330585 0.708053 -0.132712 0.871415 0.282584 0.051262 -0.397686
1468941087.027383 -0.394171 0.738273 -0.037246 0.846358 0.288618 0.033968 -0.446344
1468941087.073448 -0.438218 0.754701 0.022807 0.830310 0.283373 0.014289 -0.479667
1468941087.119513 -0.454925 0.762007 0.026807 0.827255 0.280599 -0.001155 -0.486737
1468941087.165579 -0.448258 0.758418 -0.029700 0.826727 0.296388 0.003884 -0.478185
1468941087.211644 -0.411685 0.744094 -0.137795 0.841562 0.325131 0.038882 -0.429594
1468941087.257709 -0.322880 0.705448 -0.271966 0.868148 0.335038 0.074386 -0.358518
1468941087.303775 -0.217038 0.662736 -0.385586 0.895388 0.335127 0.115353 -0.269564
1468941087.349840 -0.073143 0.592484 -0.482210 0.907606 0.330292 0.157710 -0.205638
1468941087.395905 0.040597 0.543155 -0.515546 0.918475 0.315004 0.176629 -0.161177
1468941087.441971 0.170331 0.459081 -0.505261 0.935111 0.277868 0.174964 -0.133207
1468941087.488036 0.262558 0.436942 -0.478011 0.947696 0.236727 0.168945 -0.131492
1468941087.534102 0.335559 0.466429 -0.427564 0.966402 0.169652 0.142553 -0.130247
1468941087.580167 0.407890 0.479824 -0.365028 0.974191 0.118484 0.101043 -0.163410
1468941087.626232 0.456192 0.506295 -0.289143 0.973547 0.081285 0.073291 -0.200566
1468941087.672298 0.502844 0.529544 -0.206285 0.971017 0.041992 0.044573 -0.231033
1468941087.718363 0.533244 0.556400 -0.113863 0.965045 -0.002527 0.026118 -0.260769
1468941087.764427 0.554478 0.576427 -0.021509 0.959220 -0.028259 0.000756 -0.281243
1468941087.810494 0.567164 0.585942 0.069511 0.948824 -0.045973 -0.015316 -0.312065
1468941087.856559 0.563248 0.590120 0.159577 0.941537 -0.045250 -0.029214 -0.332576
1468941087.902625 0.539481 0.584604 0.243060 0.935031 -0.029203 -0.046503 -0.350287
1468941087.948690 0.514064 0.577112 0.321208 0.930550 -0.006023 -0.054566 -0.362026
1468941087.994755 0.476568 0.562369 0.389989 0.928282 0.027659 -0.072104 -0.363769
1468941088.040821 0.440963 0.548124 0.452079 0.916960 0.054693 -0.072192 -0.388564
1468941088.086886 0.401959 0.530910 0.503969 0.903444 0.080091 -0.077960 -0.413880
1468941088.132951 0.364102 0.518563 0.542563 0.905216 0.110870 -0.088007 -0.400682
1468941088.179017 0.324516 0.507241 0.579748 0.901418 0.133305 -0.091501 -0.401625
1468941088.225082 0.284871 0.501497 0.608107 0.901892 0.139313 -0.087429 -0.399424
1468941088.271147 0.239881 0.499565 0.627189 0.907597 0.164817 -0.088404 -0.375883
1468941088.317213 0.193104 0.500272 0.637561 0.914452 0.181598 -0.077580 -0.353244
1468941088.363278 0.151879 0.504075 0.646074 0.919158 0.193085 -0.053864 -0.339065
1468941088.409344 0.104325 0.503924 0.643375 0.922571 0.205653 -0.027436 -0.325296
1468941088.455409 0.053987 0.503773 0.634207 0.925503 0.215097 -0.005580 -0.311684
1468941088.501473 0.000306 0.502238 0.617301 0.928110 0.225829 0.011888 -0.295757
1468941088.547540 -0.042055 0.501073 0.609398 0.925583 0.247167 0.021641 -0.285895
1468941088.593605 -0.094424 0.496457 0.580149 0.926015 0.257836 0.030155 -0.274058
1468941088.639670 -0.146019 0.488837 0.542501 0.925014 0.273138 0.039276 -0.261157
1468941088.685736 -0.193480 0.480009 0.497430 0.922557 0.286609 0.050778 -0.253310
1468941088.731801 -0.238319 0.457559 0.482306 0.919269 0.299289 0.060753 -0.248354
1468941088.777867 -0.272004 0.449145 0.432477 0.918531 0.308303 0.064263 -0.238998
1468941088.823932 -0.303067 0.440624 0.375063 0.915828 0.316339 0.060471 -0.239857
1468941088.869997 -0.327132 0.432475 0.313487 0.906785 0.322170 0.051272 -0.267055
1468941088.916063 -0.356305 0.410902 0.275433 0.898177 0.328008 0.036612 -0.290429
1468941088.962128 -0.364094 0.405286 0.204485 0.891733 0.327437 0.007270 -0.312322
1468941089.008193 -0.359620 0.398299 0.144630 0.885464 0.322152 -0.037189 -0.332849
1468941089.054259 -0.343620 0.392369 0.063728 0.870522 0.318160 -0.053083 -0.371682
1468941089.100324 -0.310680 0.392515 -0.027959 0.874393 0.302681 -0.091521 -0.368029
1468941089.146389 -0.256576 0.392975 -0.125409 0.885594 0.275202 -0.105876 -0.358856
1468941089.192455 -0.163886 0.413971 -0.211198 0.899840 0.254491 -0.126493 -0.330940
1468941089.238520 -0.072141 0.410239 -0.304370 0.912870 0.236605 -0.107541 -0.314836
1468941089.284586 0.050600 0.404878 -0.378679 0.921198 0.203863 -0.091470 -0.318540
1468941089.330651 0.156093 0.404203 -0.433296 0.925526 0.197421 -0.063616 -0.316827
1468941089.376715 0.279859 0.406100 -0.461279 0.933442 0.163525 -0.057578 -0.314056
1468941089.422782 0.388750 0.410356 -0.474337 0.937263 0.126709 -0.045353 -0.321598
1468941089.468847 0.492813 0.400376 -0.479771 0.939114 0.098475 -0.026654 -0.328112
1468941089.514912 0.584354 0.388689 -0.469514 0.938503 0.095847 -0.014363 -0.331390
1468941089.560978 0.658264 0.369669 -0.440707 0.933644 0.105405 -0.005272 -0.342302
1468941089.607043 0.722447 0.348256 -0.406564 0.924972 0.120083 0.000651 -0.360564
1468941089.653108 0.761484 0.319887 -0.352365 0.912901 0.141889 0.012806 -0.382511
1468941089.699174 0.781568 0.289004 -0.294660 0.900301 0.149317 0.017898 -0.408463
1468941089.745239 0.793356 0.258325 -0.246537 0.896032 0.138258 0.005763 -0.421875
1468941089.791305 0.793165 0.239264 -0.213873 0.896815 0.131023 -0.017048 -0.422215
1468941089.837370 0.775521 0.241724 -0.198241 0.886012 0.136591 -0.020914 -0.442592
1468941089.883435 0.745085 0.273343 -0.197851 0.881560 0.133292 -0.060832 -0.448758
1468941089.929501 0.680233 0.319953 -0.201268 0.875623 0.130668 -0.079389 -0.458156
1468941089.975566 0.633122 0.382463 -0.211059 0.883652 0.120845 -0.093673 -0.442472
1468941090.021631 0.601180 0.456885 -0.235062 0.902626 0.119045 -0.072986 -0.407147
1468941090.067697 0.573591 0.488136 -0.254191 0.901375 0.123083 -0.058309 -0.411065
1468941090.113761 0.561043 0.491708 -0.262025 0.907868 0.136155 -0.034079 -0.395064
1468941090.159828 0.564900 0.457770 -0.246134 0.895094 0.157936 -0.041968 -0.414852
1468941090.205893 0.581935 0.397877 -0.219899 0.874531 0.172558 -0.046067 -0.450885
1468941090.251958 0.605843 0.325549 -0.192191 0.867807 0.171105 -0.047422 -0.464097
1468941090.298024 0.627218 0.250243 -0.168685 0.872377 0.166118 -0.044122 -0.457620
1468941090.344089 0.636896 0.185137 -0.152105 0.888937 0.162492 -0.032002 -0.427040
1468941090.390154 0.627810 0.115643 -0.164951 0.893141 0.156547 -0.012038 -0.421482
1468941090.436220 0.606897 0.099447 -0.161622 0.892613 0.159309 -0.003306 -0.421725
1468941090.482285 0.568469 0.116053 -0.166937 0.892464 0.161630 -0.014117 -0.420934
1468941090.528350 0.517581 0.158617 -0.179168 0.877575 0.151445 -0.001135 -0.454890
1468941090.574416 0.481018 0.234061 -0.192836 0.877849 0.135972 -0.008238 -0.459156
1468941090.620481 0.424958 0.300180 -0.213719 0.878282 0.102446 0.016868 -0.466734
1468941090.666547 0.388421 0.369281 -0.241256 0.879085 0.090300 0.037888 -0.466498
1468941090.712612 0.345999 0.403223 -0.260076 0.877255 0.085511 0.085414 -0.464560
1468941090.758677 0.313543 0.407970 -0.269634 0.880906 0.096372 0.113614 -0.449231
1468941090.804743 0.293245 0.378689 -0.265021 0.879262 0.098839 0.106616 -0.453610
1468941090.850808 0.282298 0.321811 -0.259182 0.869441 0.114260 0.098707 -0.470398
1468941090.896873 0.281931 0.250515 -0.256877 0.869487 0.114283 0.100845 -0.469852
1468941090.942939 0.304073 0.186485 -0.257668 0.880146 0.104220 0.098717 -0.452479
1468941090.989003 0.314098 0.123929 -0.259179 0.890091 0.119607 0.090937 -0.430305
1468941091.035069 0.286687 0.075232 -0.254034 0.883901 0.147350 0.093011 -0.433999
1468941091.081135 0.260032 0.063259 -0.256049 0.891280 0.158876 0.083931 -0.416334
1468941091.127200 0.220936 0.084432 -0.258798 0.894274 0.166013 0.079344 -0.407943
1468941091.173266 0.173902 0.131676 -0.256517 0.889064 0.159820 0.073345 -0.422662
1468941091.219331 0.103794 0.195897 -0.236765 0.886415 0.155132 0.078631 -0.428976
1468941091.265396 0.045459 0.265875 -0.223050 0.886466 0.147640 0.076442 -0.431900
1468941091.311462 -0.018987 0.338247 -0.212679 0.884713 0.153034 0.086958 -0.431628
1468941091.357527 -0.080435 0.411798 -0.204021 0.885835 0.163974 0.093104 -0.423957
1468941091.403592 -0.141196 0.485034 -0.197381 0.889288 0.178259 0.113705 -0.405539
1468941091.449658 -0.201593 0.553446 -0.190080 0.887366 0.189846 0.115846 -0.403880
1468941091.495723 -0.260224 0.613319 -0.186268 0.885397 0.212685 0.138726 -0.389349
1468941091.541789 -0.313248 0.669023 -0.189884 0.886693 0.226279 0.147769 -0.375150
1468941091.587854 -0.363251 0.717139 -0.200844 0.886802 0.249415 0.169256 -0.350323
1468941091.633919 -0.408153 0.756791 -0.213510 0.886762 0.263218 0.187526 -0.330460
1468941091.679985 -0.452138 0.776910 -0.229320 0.880432 0.271673 0.208787 -0.327784
1468941091.726049 -0.485778 0.798270 -0.248247 0.880277 0.285437 0.225377 -0.304703
1468941091.772115 -0.514458 0.811756 -0.268379 0.882468 0.289079 0.232391 -0.289273
1468941091.818181 -0.537759 0.815836 -0.290331 0.880453 0.297814 0.244052 -0.276672
1468941091.864246 -0.533718 0.778579 -0.319734 0.877130 0.309446 0.245904 -0.272795
1468941091.910311 -0.533345 0.753079 -0.336973 0.876808 0.320029 0.233278 -0.272709
1468941091.956377 -0.530794 0.721283 -0.349733 0.876689 0.325183 0.212702 -0.283602
