1473347430.705942 0.358681 1.278325 -0.980795 0.893699 0.009738 0.018930 -0.448163
1473347431.553119 0.424143 1.285498 -0.993904 0.891801 0.054228 -0.010088 -0.449053
1473347431.741380 0.500974 1.301989 -0.996666 0.884323 0.084472 -0.038286 -0.457571
1473347432.023772 0.654873 1.379968 -0.979703 0.879816 0.135021 -0.085486 -0.447644
1473347432.212034 0.752592 1.373090 -0.946677 0.876229 0.163920 -0.115126 -0.438291
1473347433.059211 0.610067 1.342373 -0.912237 0.892769 0.104670 -0.071414 -0.432328
1473347433.247472 0.457510 1.307393 -0.940164 0.893068 0.049707 -0.020501 -0.446698
1473347433.718126 0.005415 1.204726 -0.914449 0.874234 -0.078092 0.128774 -0.461556
1473347434.941825 0.464005 1.346550 -0.910944 0.902639 0.059568 -0.010478 -0.426128
1473347438.989447 0.597082 1.364069 -1.308461 0.811047 0.059639 -0.074102 -0.577195
1473347444.354899 0.119441 2.701652 -2.016687 0.845175 0.029927 -0.010793 -0.533542
1473347445.578598 0.478289 1.179500 -0.975670 0.854995 0.042912 -0.029733 -0.516001
1473347446.331644 0.702276 0.924167 -0.835353 0.845489 0.091296 -0.095796 -0.517336
1473347446.378709 -1.319689 1.560445 -1.063930 0.836575 -0.082719 0.020811 -0.541171
1473347446.425775 -1.339943 1.556739 -1.066035 0.838447 -0.076348 0.016806 -0.539347
1473347446.472840 -1.360002 1.552404 -1.068582 0.839334 -0.072343 0.012319 -0.538640
1473347446.519906 -1.380692 1.547605 -1.072254 0.840906 -0.069588 0.014198 -0.536500
1473347446.566971 -1.400741 1.541361 -1.076772 0.839754 -0.067236 0.012579 -0.538642
1473347446.614036 -0.397584 1.251795 -0.838259 0.838025 -0.141202 0.065997 -0.522896
1473347446.661102 -0.416050 1.259784 -0.840750 0.841113 -0.141462 0.059195 -0.518666
1473347446.708167 -0.434210 1.266347 -0.841631 0.839327 -0.141269 0.059360 -0.521583
1473347446.755232 -0.451419 1.272627 -0.841659 0.839404 -0.136447 0.055629 -0.523153
1473347446.802298 -0.467112 1.278165 -0.841502 0.839680 -0.132680 0.052620 -0.523989
1473347446.849363 -0.481790 1.282353 -0.841045 0.839460 -0.126802 0.051058 -0.525948
1473347446.896428 -0.494642 1.285239 -0.840586 0.840039 -0.120607 0.047908 -0.526776
1473347446.943494 -0.504675 1.286442 -0.840104 0.839554 -0.118247 0.044678 -0.528365
1473347446.990559 -0.550931 1.395732 -0.834928 0.840680 -0.099631 0.029638 -0.531462
1473347447.037624 -0.612323 1.307823 -0.829956 0.838157 -0.118333 0.039596 -0.530963
1473347447.084690 -0.614419 1.302791 -0.830710 0.839073 -0.116959 0.036110 -0.530068
1473347447.131755 -0.614100 1.296534 -0.831545 0.838788 -0.119372 0.033924 -0.530127
1473347447.178821 -0.612743 1.289731 -0.832028 0.837003 -0.117832 0.034460 -0.533248
1473347447.225886 -0.609298 1.283201 -0.832787 0.837315 -0.117389 0.034854 -0.532831
1473347447.272951 -0.603794 1.276393 -0.833906 0.836382 -0.117351 0.036708 -0.534179
1473347447.320017 -0.596102 1.269401 -0.835754 0.834695 -0.119307 0.041739 -0.536012
1473347447.367082 -0.585973 1.262190 -0.838552 0.834914 -0.121234 0.044656 -0.535002
1473347447.414147 -0.573109 1.254019 -0.841753 0.834260 -0.126779 0.049957 -0.534267
1473347447.461213 -0.558372 1.245184 -0.845107 0.833650 -0.130716 0.053957 -0.533882
1473347447.508278 -0.541982 1.235745 -0.848194 0.831476 -0.133830 0.062197 -0.535601
1473347447.555343 -0.537100 1.231891 -0.840396 0.831264 -0.136441 0.065232 -0.534910
1473347447.602409 -0.517012 1.222065 -0.841910 0.829407 -0.144103 0.071841 -0.534937
1473347447.649474 -0.494608 1.212316 -0.843828 0.828476 -0.153866 0.077501 -0.532867
1473347447.696540 -0.470570 1.203030 -0.846261 0.828777 -0.163045 0.084099 -0.528651
1473347447.743605 -0.449543 1.271717 -0.816517 0.825855 -0.175456 0.095660 -0.527283
1473347447.790670 -0.424517 1.262770 -0.819079 0.825846 -0.185953 0.101277 -0.522631
1473347447.837736 -0.399503 1.253470 -0.821587 0.823941 -0.195260 0.111709 -0.520111
1473347447.884801 -0.374897 1.244061 -0.823861 0.821779 -0.203536 0.121981 -0.518046
1473347447.931866 -0.269792 1.232436 -0.953468 0.820495 -0.211619 0.120093 -0.517285
1473347447.978932 -0.245917 1.223250 -0.955243 0.820878 -0.218751 0.122945 -0.513023
1473347448.025997 -0.223314 1.213845 -0.955599 0.817443 -0.224022 0.135165 -0.513158
1473347448.073063 -0.201592 1.204613 -0.954749 0.813707 -0.229393 0.144550 -0.514165
1473347448.120128 -0.181667 1.196341 -0.953526 0.810824 -0.235492 0.152957 -0.513529
1473347448.167193 -0.163789 1.188526 -0.952131 0.806809 -0.240943 0.162723 -0.514322
1473347448.214259 -0.148050 1.182349 -0.950787 0.803111 -0.246128 0.172640 -0.514422
1473347448.261324 -0.134860 1.177808 -0.949464 0.801110 -0.252455 0.174289 -0.513919
1473347448.308389 -0.126322 1.175075 -0.948026 0.797273 -0.257576 0.179664 -0.515491
1473347448.355455 -0.122182 1.174543 -0.947044 0.796098 -0.259570 0.183963 -0.514791
1473347448.402520 -0.121928 1.175760 -0.946257 0.793750 -0.262797 0.184530 -0.516572
1473347448.449585 -0.126266 1.179745 -0.945958 0.793013 -0.263157 0.186596 -0.516779
1473347448.496651 -0.134434 1.185518 -0.946001 0.792602 -0.264404 0.184955 -0.517362
1473347448.543716 -0.146394 1.193064 -0.946144 0.792770 -0.263929 0.181940 -0.518417
1473347448.590782 -0.161526 1.202225 -0.946307 0.793564 -0.263015 0.176881 -0.519416
1473347448.637847 -0.179691 1.212727 -0.946400 0.793966 -0.261360 0.171708 -0.521368
1473347448.684912 -0.200609 1.224517 -0.946375 0.795984 -0.257711 0.163794 -0.522653
1473347448.731978 -0.224206 1.236798 -0.945952 0.795335 -0.254033 0.159157 -0.526857
1473347448.779043 0.019505 1.257342 -0.942598 0.812370 -0.190908 0.111079 -0.539695
1473347448.826108 -0.006116 1.269023 -0.942747 0.814183 -0.187222 0.101847 -0.540075
1473347448.873174 -0.034475 1.281484 -0.942917 0.814447 -0.181913 0.096143 -0.542531
1473347448.920239 -0.064630 1.293898 -0.942824 0.813311 -0.175580 0.091927 -0.547034
1473347448.967304 0.458122 1.309067 -0.934789 0.830386 -0.049691 -0.000050 -0.554968
1473347449.014370 0.425399 1.312454 -0.935769 0.830466 -0.044138 -0.005600 -0.555290
1473347449.061435 0.391411 1.316020 -0.936896 0.830400 -0.039295 -0.012807 -0.555633
1473347449.108501 0.356669 1.319992 -0.938405 0.832628 -0.032293 -0.023029 -0.552411
1473347449.155566 0.749085 1.375175 -0.928644 0.830342 0.074362 -0.093021 -0.544381
1473347449.202631 0.715931 1.369271 -0.930040 0.830432 0.078367 -0.099085 -0.542608
1473347449.249697 0.682030 1.364049 -0.931641 0.832941 0.083711 -0.105809 -0.536661
1473347449.296762 0.648717 1.358163 -0.932941 0.834111 0.089695 -0.112372 -0.532528
1473347449.343827 0.618195 1.380607 -0.945926 0.834386 0.097291 -0.116527 -0.529864
1473347449.390893 0.588584 1.374575 -0.947069 0.835248 0.102268 -0.121347 -0.526476
1473347449.437958 0.560355 1.368400 -0.947611 0.834331 0.105741 -0.123534 -0.526736
1473347449.485024 0.534755 1.362791 -0.947746 0.833922 0.106339 -0.125949 -0.526691
1473347449.532089 0.512063 1.357336 -0.947556 0.835557 0.107627 -0.129981 -0.522844
1473347449.579154 0.494282 1.350783 -0.946116 0.833919 0.104512 -0.136599 -0.524401
1473347449.626220 0.337424 1.315310 -0.951376 0.834140 0.068793 -0.118021 -0.534368
1473347449.673285 0.325278 1.311718 -0.950479 0.835563 0.069995 -0.122485 -0.530973
1473347449.720350 0.316257 1.308693 -0.949309 0.833326 0.072232 -0.127576 -0.532986
1473347449.767416 0.310092 1.307412 -0.948476 0.831708 0.077053 -0.130433 -0.534147
1473347449.814481 0.308263 1.307886 -0.948194 0.831100 0.080127 -0.135356 -0.533415
1473347449.861546 0.310963 1.309692 -0.948234 0.829891 0.079773 -0.135581 -0.535290
1473347449.908612 0.317530 1.313078 -0.949014 0.831082 0.079821 -0.135758 -0.533387
1473347449.955677 0.327895 1.317042 -0.949866 0.830050 0.077734 -0.133094 -0.535966
1473347450.002743 0.341040 1.322753 -0.951215 0.830836 0.077917 -0.131321 -0.535159
1473347450.049808 0.357296 1.329826 -0.953251 0.832630 0.076447 -0.127375 -0.533535
1473347450.096873 0.376316 1.337735 -0.955443 0.833178 0.075778 -0.122752 -0.533857
1473347450.143939 0.397844 1.346710 -0.957871 0.833310 0.075867 -0.114966 -0.535370
1473347450.191004 0.422775 1.356400 -0.959956 0.832168 0.070357 -0.103825 -0.540155
1473347450.238069 0.449942 1.367690 -0.962062 0.833402 0.065102 -0.095441 -0.540458
1473347450.285135 0.335237 1.313150 -0.965992 0.836380 0.018478 -0.060633 -0.544473
1473347450.332200 0.363977 1.318459 -0.968796 0.836982 0.012361 -0.051034 -0.544705
1473347450.379265 0.391715 1.322509 -0.972438 0.837027 0.010876 -0.039283 -0.545641
1473347450.426331 0.418410 1.325473 -0.976622 0.837107 0.010008 -0.027433 -0.546259
1473347450.473396 0.565195 1.326263 -0.965392 0.839309 0.037001 -0.038606 -0.541019
1473347450.520462 0.588799 1.330137 -0.969999 0.843736 0.032702 -0.032224 -0.534791
1473347450.567527 0.610498 1.332265 -0.973510 0.845202 0.029428 -0.027816 -0.532911
1473347450.614592 0.629012 1.334275 -0.975165 0.846677 0.027313 -0.021488 -0.530970
1473347450.661658 0.631629 1.437191 -0.994949 0.847816 0.030611 -0.028266 -0.528651
1473347450.708723 0.645523 1.441926 -0.990204 0.850230 0.023221 -0.029288 -0.525083
1473347450.755788 0.657446 1.446792 -0.981296 0.851372 0.015708 -0.034468 -0.523192
1473347450.802854 0.666774 1.451075 -0.968527 0.849490 0.011114 -0.038482 -0.526082
1473347450.849919 0.674047 1.456258 -0.953248 0.849103 0.008961 -0.044668 -0.526259
1473347450.896985 0.680485 1.461491 -0.935457 0.846166 0.005462 -0.051867 -0.530361
1473347450.944050 0.685777 1.466683 -0.915509 0.841150 0.001000 -0.051772 -0.538317
1473347450.991115 0.690773 1.471972 -0.894018 0.837292 -0.003011 -0.058310 -0.543630
1473347451.038181 0.827454 1.547128 -0.874289 0.831557 0.028034 -0.082257 -0.548599
1473347451.085246 0.830123 1.552162 -0.850787 0.830597 0.027650 -0.091672 -0.548581
1473347451.132311 0.832428 1.557202 -0.825767 0.829352 0.023751 -0.094108 -0.550231
1473347451.179377 0.834809 1.561395 -0.799592 0.825589 0.020476 -0.099044 -0.555135
1473347451.226442 0.836611 1.565737 -0.772656 0.822937 0.016467 -0.098518 -0.559283
1473347451.273507 0.836985 1.570583 -0.746715 0.823677 0.017755 -0.094045 -0.558925
1473347451.320573 0.811244 1.585868 -0.728224 0.822341 0.006093 -0.088542 -0.562031
1473347451.367638 0.812298 1.590845 -0.706987 0.821305 0.005799 -0.089749 -0.563356
1473347451.414704 0.813502 1.595102 -0.687978 0.817597 0.002395 -0.091800 -0.568421
1473347451.461769 0.814295 1.597948 -0.671734 0.811297 0.000306 -0.091892 -0.577367
1473347451.508834 0.814403 1.601069 -0.659436 0.807890 0.000492 -0.093056 -0.581940
1473347451.555900 0.814446 1.604118 -0.651322 0.805369 -0.001830 -0.093633 -0.585330
1473347451.602965 0.760561 1.545365 -0.641946 0.802648 -0.019809 -0.081566 -0.590518
1473347451.650030 0.759858 1.546713 -0.641867 0.800121 -0.021585 -0.080291 -0.594048
1473347451.697096 0.758352 1.548693 -0.646182 0.799635 -0.023300 -0.078769 -0.594842
1473347451.744161 0.756163 1.551071 -0.654246 0.802266 -0.021916 -0.083102 -0.590748
1473347451.791226 0.752864 1.552492 -0.665140 0.801472 -0.020779 -0.080975 -0.592160
1473347451.838292 0.748544 1.553593 -0.678678 0.801553 -0.016966 -0.078305 -0.592531
1473347451.885357 0.744284 1.554893 -0.694626 0.804039 -0.012596 -0.080288 -0.588996
1473347451.932423 0.740436 1.555687 -0.712250 0.805150 -0.011533 -0.078738 -0.587708
1473347451.979488 0.736440 1.556066 -0.731405 0.805959 -0.007756 -0.078507 -0.586691
1473347452.026553 0.732475 1.555505 -0.752083 0.804918 -0.005322 -0.073155 -0.588835
1473347452.073619 0.728573 1.555007 -0.774537 0.805767 -0.000640 -0.068322 -0.588278
1473347452.120684 0.725653 1.554942 -0.798329 0.810083 0.003171 -0.066404 -0.582535
1473347452.167749 0.711475 1.479361 -0.853447 0.815071 0.001409 -0.063625 -0.575855
1473347452.214815 0.615148 1.503397 -0.891206 0.823233 -0.019300 -0.045289 -0.565564
1473347452.261880 0.613786 1.502205 -0.915929 0.828990 -0.016996 -0.040391 -0.557544
1473347452.308946 0.612406 1.500150 -0.939691 0.831862 -0.014654 -0.032546 -0.553834
1473347452.356011 0.584738 1.322287 -0.928817 0.832673 -0.014812 -0.028217 -0.552848
1473347452.403076 0.582872 1.316392 -0.949069 0.837693 -0.010370 -0.028289 -0.545310
1473347452.450142 0.580986 1.310819 -0.967861 0.842691 -0.007061 -0.026281 -0.537709
1473347452.497207 0.578979 1.305651 -0.984865 0.847983 -0.002235 -0.023046 -0.529518
1473347452.544272 0.807212 1.506395 -1.043249 0.848108 0.051360 -0.051287 -0.524828
1473347452.591338 0.808044 1.503048 -1.057020 0.851294 0.053269 -0.049679 -0.519608
1473347452.638403 0.808848 1.500344 -1.070362 0.856061 0.054873 -0.048241 -0.511685
1473347452.685468 0.809265 1.497916 -1.082203 0.859174 0.056411 -0.042438 -0.506791
1473347452.732534 0.875860 1.515011 -1.096175 0.861051 0.075382 -0.051010 -0.500307
1473347452.779599 0.876496 1.511830 -1.102005 0.863359 0.074081 -0.049140 -0.496698
1473347452.826665 0.876448 1.510218 -1.104088 0.866077 0.073351 -0.048708 -0.492095
1473347452.873730 0.876189 1.509862 -1.101548 0.867446 0.069476 -0.048070 -0.490306
1473347452.920795 0.875388 1.510649 -1.094299 0.868357 0.066207 -0.049586 -0.488993
1473347452.967861 0.874242 1.511809 -1.083034 0.867441 0.060769 -0.049499 -0.491328
1473347453.014926 0.872185 1.513592 -1.068652 0.865682 0.057195 -0.048056 -0.494989
1473347453.061991 0.870062 1.515777 -1.051786 0.863003 0.052648 -0.050776 -0.499877
1473347453.109057 0.866866 1.518566 -1.033171 0.860727 0.051194 -0.051349 -0.503876
1473347453.156122 0.864068 1.521059 -1.012615 0.856838 0.047744 -0.053376 -0.510588
1473347453.203188 0.883648 1.532423 -0.996890 0.854173 0.049267 -0.057082 -0.514494
1473347453.250253 0.881680 1.535031 -0.974813 0.850384 0.045478 -0.060464 -0.520694
1473347453.297318 0.880018 1.537293 -0.950901 0.843742 0.040782 -0.062910 -0.531488
1473347453.344384 0.878601 1.539865 -0.926186 0.838021 0.037106 -0.066393 -0.540311
1473347453.391449 0.870084 1.556311 -0.913962 0.834220 0.031677 -0.071503 -0.545858
1473347453.438514 0.869944 1.559019 -0.889363 0.831428 0.027579 -0.075911 -0.549730
1473347453.485580 0.869739 1.561113 -0.864076 0.828322 0.024900 -0.078060 -0.554228
1473347453.532645 0.870080 1.562274 -0.839117 0.825206 0.022305 -0.082498 -0.558329
1473347453.579710 0.894235 1.559927 -0.813590 0.822339 0.026370 -0.086864 -0.561710
1473347453.626776 0.895546 1.559565 -0.790883 0.820708 0.023693 -0.090726 -0.563601
1473347453.673841 0.897325 1.558308 -0.768506 0.816833 0.018908 -0.090726 -0.569381
1473347453.720907 0.899193 1.556676 -0.747641 0.813289 0.015434 -0.092991 -0.574174
1473347453.767972 0.900525 1.554687 -0.728758 0.809649 0.013193 -0.091039 -0.579660
1473347453.815037 0.901633 1.552349 -0.712382 0.804921 0.011891 -0.092089 -0.586072
1473347453.862103 0.858353 1.551228 -0.712486 0.801737 -0.001531 -0.083831 -0.591766
1473347453.909168 0.858545 1.549412 -0.703220 0.797487 -0.003567 -0.083621 -0.597502
1473347453.956233 0.857722 1.548093 -0.697421 0.794490 -0.003338 -0.081817 -0.601732
1473347454.003299 0.857006 1.547480 -0.695835 0.794477 -0.003836 -0.084095 -0.601432
1473347454.050364 0.855790 1.546888 -0.698466 0.794422 -0.004715 -0.081754 -0.601821
1473347454.097429 0.854275 1.546780 -0.705266 0.796333 -0.005053 -0.081099 -0.599376
1473347454.144495 0.852160 1.546529 -0.715432 0.797974 -0.004401 -0.078505 -0.597541
1473347454.191560 0.849550 1.545942 -0.728438 0.798750 -0.003103 -0.075709 -0.596872
1473347454.238626 0.847068 1.544329 -0.743219 0.797818 -0.001191 -0.075443 -0.598158
1473347454.285691 0.844140 1.542220 -0.759165 0.797125 0.001251 -0.071483 -0.599566
1473347454.332756 0.841095 1.540548 -0.776111 0.799463 0.005931 -0.071120 -0.596461
1473347454.379822 0.838612 1.538758 -0.793978 0.802262 0.006972 -0.067500 -0.593102
1473347454.426887 0.836573 1.537316 -0.812970 0.808956 0.007868 -0.068974 -0.583756
1473347454.473952 0.834286 1.535103 -0.832502 0.814824 0.009147 -0.067047 -0.575745
1473347454.521018 0.850873 1.514965 -0.849684 0.818104 0.011228 -0.066808 -0.571067
1473347454.568083 0.850046 1.510192 -0.868578 0.820191 0.012740 -0.066620 -0.568054
1473347454.615148 0.848572 1.505871 -0.887797 0.823353 0.015244 -0.063967 -0.563707
1473347454.662214 0.847120 1.501802 -0.906477 0.826718 0.016572 -0.060675 -0.559090
1473347454.709279 0.844959 1.497877 -0.924848 0.830936 0.020689 -0.057994 -0.552951
1473347454.756345 0.842405 1.494022 -0.943240 0.835113 0.025408 -0.055172 -0.546715
1473347454.803410 0.858421 1.508819 -0.967617 0.839103 0.031152 -0.058880 -0.539878
1473347454.850475 0.856685 1.506765 -0.984825 0.845076 0.032453 -0.059105 -0.530377
1473347454.897541 0.854675 1.504761 -1.001954 0.849845 0.033512 -0.056157 -0.522959
1473347454.944606 0.852380 1.502370 -1.018009 0.852610 0.037212 -0.053382 -0.518480
1473347454.991671 0.850471 1.499277 -1.032622 0.852101 0.040021 -0.050049 -0.519439
1473347455.038737 0.848384 1.497208 -1.046822 0.854494 0.046290 -0.049380 -0.515033
1473347455.085802 0.898887 1.512989 -1.064547 0.856129 0.061647 -0.053718 -0.510252
1473347455.132868 0.898508 1.511297 -1.074867 0.856663 0.063051 -0.051210 -0.509442
1473347455.179933 0.897835 1.510951 -1.082325 0.859343 0.064330 -0.051365 -0.504730
1473347455.226998 0.896611 1.511022 -1.085907 0.860635 0.064884 -0.051511 -0.502439
1473347455.274064 0.894805 1.511531 -1.085018 0.860573 0.064785 -0.050061 -0.502704
1473347455.321129 0.892985 1.512916 -1.079828 0.859720 0.063067 -0.051038 -0.504281
1473347455.368194 0.891240 1.514733 -1.070402 0.856775 0.059042 -0.050627 -0.509792
1473347455.415260 0.889146 1.517058 -1.058221 0.854033 0.056311 -0.053391 -0.514399
1473347455.462325 0.886020 1.519133 -1.045366 0.852035 0.056368 -0.051578 -0.517878
1473347455.509390 0.882781 1.519692 -1.031312 0.847689 0.058930 -0.052301 -0.524610
1473347455.556456 0.879337 1.520466 -1.016865 0.844380 0.062413 -0.053411 -0.529410
1473347455.603521 0.876229 1.521806 -1.002456 0.841223 0.065623 -0.056706 -0.533688
1473347455.650587 0.873400 1.474753 -0.979033 0.839517 0.060938 -0.054342 -0.537164
1473347455.697652 0.872115 1.476581 -0.968061 0.840297 0.060792 -0.059012 -0.535466
1473347455.744717 0.871921 1.476547 -0.958256 0.835737 0.055221 -0.060907 -0.542940
1473347455.791783 0.870981 1.476361 -0.951147 0.832803 0.054584 -0.062750 -0.547287
1473347455.838848 0.869873 1.476549 -0.946919 0.831290 0.053371 -0.063231 -0.549645
1473347455.885913 0.868714 1.477474 -0.945007 0.830529 0.052538 -0.062893 -0.550914
1473347455.932979 0.867767 1.479612 -0.944912 0.830135 0.049912 -0.063798 -0.551648
1473347455.980044 0.866625 1.483814 -0.946474 0.831139 0.046359 -0.065084 -0.550293
1473347456.027109 0.864452 1.490178 -0.949502 0.833779 0.044523 -0.065206 -0.546423
1473347456.074175 0.861610 1.497812 -0.953427 0.834125 0.041995 -0.064136 -0.546222
1473347456.121240 0.857542 1.507414 -0.958594 0.834906 0.040800 -0.062004 -0.545366
1473347456.168306 0.852909 1.518500 -0.964582 0.834808 0.038485 -0.060453 -0.545858
1473347456.215371 0.847409 1.531267 -0.971310 0.835320 0.038194 -0.060023 -0.545141
1473347456.262436 0.841389 1.545527 -0.978671 0.835951 0.037762 -0.059909 -0.544216
1473347456.309502 0.834628 1.560800 -0.986538 0.834976 0.037517 -0.057934 -0.545941
1473347456.356567 0.827191 1.577714 -0.995160 0.834867 0.038942 -0.056372 -0.546171
1473347456.403632 0.819773 1.595697 -1.004035 0.833945 0.039430 -0.056154 -0.547566
1473347456.450698 0.812157 1.615020 -1.012839 0.834507 0.039307 -0.054886 -0.546846
1473347456.497763 0.805152 1.635072 -1.021500 0.834475 0.036490 -0.057597 -0.546811
1473347456.544829 0.797303 1.656550 -1.030709 0.835913 0.035787 -0.058885 -0.544519
1473347456.591894 0.788481 1.678877 -1.040113 0.837317 0.036524 -0.058691 -0.542329
1473347456.638959 0.779544 1.701250 -1.049263 0.837615 0.036421 -0.060284 -0.541702
1473347456.686025 0.770514 1.723387 -1.058069 0.837966 0.036217 -0.062520 -0.540918
1473347456.733090 0.761183 1.745148 -1.066705 0.837984 0.036214 -0.062325 -0.540914
1473347456.780155 0.752044 1.766786 -1.075130 0.840218 0.036995 -0.064295 -0.537151
1473347456.827221 0.743474 1.786737 -1.082805 0.839279 0.037176 -0.064642 -0.538564
1473347456.874286 0.402115 1.704286 -1.168690 0.836817 -0.043624 -0.004704 -0.545722
1473347456.921351 0.396433 1.722519 -1.175915 0.837430 -0.043718 -0.004900 -0.544771
1473347456.968417 0.390385 1.740720 -1.183562 0.837545 -0.043776 -0.001653 -0.544610
1473347457.015482 0.384374 1.758260 -1.191526 0.840497 -0.043666 -0.000788 -0.540053
1473347457.062548 0.378301 1.772981 -1.198495 0.840199 -0.044548 0.000483 -0.540446
1473347457.109613 0.371931 1.785660 -1.204914 0.841692 -0.045341 0.000833 -0.538050
1473347457.156678 0.365227 1.795719 -1.210566 0.841091 -0.046352 0.001545 -0.538902
1473347457.203744 0.358089 1.804037 -1.215489 0.843463 -0.046084 0.001267 -0.535205
1473347457.250809 0.350091 1.808618 -1.218558 0.842738 -0.042940 0.002881 -0.536601
1473347457.297874 0.342142 1.809970 -1.220013 0.842173 -0.037201 0.002316 -0.537918
1473347457.344940 0.335380 1.808198 -1.220074 0.841292 -0.033461 0.002553 -0.539538
1473347457.392005 0.330615 1.803602 -1.218599 0.840351 -0.032621 0.001625 -0.541058
1473347457.439070 0.327771 1.796756 -1.215990 0.840956 -0.033983 -0.001026 -0.540034
1473347457.486136 0.326518 1.787194 -1.212200 0.840676 -0.035688 -0.003082 -0.540352
1473347457.533201 0.326514 1.775668 -1.207370 0.840797 -0.036695 -0.002584 -0.540100
1473347457.580267 0.327882 1.762010 -1.201546 0.839512 -0.040325 -0.000854 -0.541841
1473347457.627332 0.329605 1.746911 -1.195329 0.839640 -0.042111 -0.002674 -0.541501
1473347457.674397 0.331082 1.729749 -1.188903 0.839602 -0.042821 -0.004208 -0.541496
1473347457.721463 0.332098 1.710481 -1.182386 0.839483 -0.042551 -0.003402 -0.541707
1473347457.768528 0.332771 1.689433 -1.175836 0.840034 -0.041589 -0.003040 -0.540929
1473347457.815593 0.333120 1.666226 -1.169160 0.836906 -0.040255 -0.002434 -0.545859
1473347457.862659 0.332924 1.642457 -1.163405 0.837253 -0.037734 -0.004653 -0.545493
1473347457.909724 0.332594 1.616823 -1.157749 0.835524 -0.035522 -0.007049 -0.548259
1473347457.956790 0.331645 1.589861 -1.152567 0.833845 -0.032586 -0.006254 -0.551001
1473347458.003855 0.330219 1.562232 -1.148074 0.834262 -0.029871 -0.005370 -0.550532
1473347458.050920 0.328022 1.533770 -1.143809 0.833006 -0.023969 -0.006232 -0.552709
1473347458.097986 0.325166 1.505911 -1.140429 0.833981 -0.019967 -0.004152 -0.551416
1473347458.145051 0.323501 1.479164 -1.137685 0.840033 -0.020081 -0.011860 -0.542033
1473347458.192116 0.320787 1.452785 -1.134545 0.842256 -0.016531 -0.012629 -0.538677
1473347458.239182 0.318065 1.427578 -1.130287 0.840293 -0.010258 -0.012377 -0.541894
1473347458.286247 0.316732 1.405716 -1.125852 0.840549 -0.009891 -0.014829 -0.541443
1473347458.333312 0.315859 1.387454 -1.121866 0.841811 -0.010143 -0.016987 -0.539410
1473347458.380378 0.315431 1.372225 -1.118352 0.842385 -0.011622 -0.021526 -0.538321
1473347458.427443 0.314124 1.360236 -1.115478 0.840669 -0.011201 -0.021737 -0.540997
1473347458.474509 0.312107 1.352436 -1.113695 0.839395 -0.009725 -0.023582 -0.542923
1473347458.521574 0.309218 1.349068 -1.112943 0.839163 -0.007942 -0.024858 -0.543253
1473347458.568639 0.416689 1.447714 -1.127625 0.838289 -0.023232 -0.014495 -0.544537
1473347458.615705 0.416661 1.453154 -1.128926 0.837542 -0.023574 -0.013368 -0.545700
1473347458.662770 0.415687 1.462758 -1.131459 0.837680 -0.022783 -0.009595 -0.545602
1473347458.709835 0.414900 1.475095 -1.134893 0.837380 -0.024416 -0.008297 -0.546012
1473347458.756901 0.413345 1.490255 -1.139912 0.837277 -0.025562 -0.006476 -0.546143
1473347458.803966 0.411012 1.508287 -1.146592 0.838496 -0.025765 -0.003013 -0.544290
1473347458.851032 0.408498 1.527952 -1.153985 0.837047 -0.026028 -0.001143 -0.546510
1473347458.898097 0.405532 1.550437 -1.162234 0.837367 -0.024836 0.001994 -0.546073
1473347458.945162 0.402962 1.575133 -1.171430 0.838274 -0.026048 0.001583 -0.544624
1473347458.992228 0.399544 1.601794 -1.181696 0.839568 -0.026085 0.004400 -0.542611
1473347459.039293 0.395704 1.630031 -1.192571 0.841641 -0.025638 0.005723 -0.539398
1473347459.086358 0.391975 1.658768 -1.203324 0.842268 -0.027196 0.004823 -0.538350
1473347459.133424 0.387249 1.688402 -1.214359 0.843354 -0.026281 0.008507 -0.536649
1473347459.180489 0.382893 1.718460 -1.225505 0.844626 -0.026332 0.008565 -0.534640
1473347459.227554 0.379808 1.741714 -1.233884 0.845059 -0.025993 0.010383 -0.533940
1473347459.274620 0.375735 1.771226 -1.244846 0.847651 -0.024671 0.013235 -0.529815
1473347459.321685 0.373024 1.800309 -1.255599 0.847386 -0.028191 0.015321 -0.530008
1473347459.368751 0.371017 1.829187 -1.266488 0.849507 -0.031709 0.017552 -0.526331
1473347459.415816 0.369526 1.856779 -1.276615 0.851244 -0.035675 0.019732 -0.523185
1473347459.462881 0.367878 1.882827 -1.285627 0.852898 -0.037571 0.021673 -0.520273
1473347459.509947 0.366316 1.906929 -1.293015 0.853361 -0.040305 0.026259 -0.519096
1473347459.557012 0.365281 1.928656 -1.298590 0.853712 -0.043637 0.028896 -0.518109
1473347459.604077 0.364894 1.947454 -1.302602 0.853595 -0.048610 0.029440 -0.517829
1473347459.651143 0.364624 1.963189 -1.305906 0.853805 -0.052495 0.030772 -0.517025
1473347459.698208 0.364252 1.973451 -1.307993 0.853251 -0.055280 0.030997 -0.517635
1473347459.745273 0.364280 1.980909 -1.309939 0.852613 -0.056617 0.031426 -0.518516
1473347459.792339 0.364319 1.985063 -1.311943 0.852980 -0.057166 0.032148 -0.517807
1473347459.839404 0.364422 1.985128 -1.313695 0.852254 -0.056278 0.031727 -0.519123
1473347459.886470 0.364713 1.982041 -1.315523 0.852376 -0.054569 0.031754 -0.519104
1473347459.933535 0.365582 1.975941 -1.317190 0.852401 -0.054245 0.031614 -0.519105
1473347459.980600 0.366824 1.967128 -1.318670 0.852293 -0.053993 0.031262 -0.519330
1473347460.027666 0.368358 1.956265 -1.320178 0.851897 -0.054732 0.031900 -0.519864
1473347460.074731 0.370028 1.943904 -1.322089 0.852928 -0.056443 0.032553 -0.517946
1473347460.121796 0.371292 1.929872 -1.324276 0.853436 -0.057004 0.032975 -0.517021
1473347460.168862 0.371971 1.914556 -1.326412 0.853528 -0.056170 0.033717 -0.516913
1473347460.215927 0.372669 1.898767 -1.328509 0.853544 -0.055751 0.033648 -0.516936
1473347460.262993 0.373256 1.883545 -1.330994 0.854492 -0.055966 0.032577 -0.515413
1473347460.310058 0.373071 1.868774 -1.333445 0.855204 -0.055193 0.037448 -0.513982
1473347460.357123 0.372549 1.853754 -1.335573 0.857276 -0.056160 0.037849 -0.510383
1473347460.404189 0.369450 1.838467 -1.336946 0.858141 -0.053039 0.042059 -0.508932
1473347460.451254 0.364412 1.823762 -1.336796 0.857931 -0.048079 0.046003 -0.509438
1473347460.498319 0.358746 1.809952 -1.334026 0.857730 -0.044770 0.044194 -0.510237
1473347460.545385 0.352378 1.797165 -1.328439 0.856762 -0.044400 0.042758 -0.512014
1473347460.592450 0.344632 1.785859 -1.320433 0.856446 -0.044091 0.040863 -0.512724
1473347460.639515 0.335985 1.780363 -1.309664 0.854269 -0.041854 0.037221 -0.516805
1473347460.686581 0.326335 1.771136 -1.297401 0.851673 -0.039164 0.033879 -0.521508
1473347460.733646 0.315440 1.762578 -1.283409 0.848124 -0.034949 0.028300 -0.527886
1473347460.780712 0.303193 1.754646 -1.268300 0.843422 -0.027403 0.024029 -0.536014
1473347460.827777 0.290200 1.748317 -1.252874 0.839558 -0.019779 0.021019 -0.542503
1473347460.874842 0.277642 1.743379 -1.236826 0.837743 -0.013116 0.013833 -0.545732
1473347460.921908 0.265090 1.739846 -1.219124 0.834621 -0.008958 0.011465 -0.550633
1473347460.968973 0.253730 1.737799 -1.200464 0.833094 -0.005297 0.002793 -0.553099
1473347461.016038 0.242913 1.736734 -1.181065 0.829247 0.000506 0.001274 -0.558880
1473347461.063104 0.234949 1.736332 -1.161366 0.824883 0.004515 -0.004622 -0.565267
1473347461.110169 0.230005 1.737767 -1.141462 0.821490 0.006369 -0.014024 -0.570015
1473347461.157234 0.228251 1.740276 -1.122080 0.816037 0.005048 -0.018959 -0.577667
1473347461.204300 0.230223 1.744433 -1.103874 0.810609 0.001712 -0.029179 -0.584858
1473347461.251365 0.235621 1.750305 -1.088062 0.805885 -0.004229 -0.036355 -0.590940
1473347461.298431 0.244617 1.758965 -1.074490 0.803634 -0.012148 -0.042039 -0.593513
1473347461.345496 0.257573 1.768463 -1.063715 0.800010 -0.024694 -0.047643 -0.597583
1473347461.392561 0.272347 1.778699 -1.056257 0.794775 -0.035225 -0.048730 -0.603918
1473347461.439627 0.287943 1.789949 -1.053361 0.792586 -0.043663 -0.044678 -0.606551
1473347461.486692 0.304148 1.803029 -1.055041 0.793284 -0.049184 -0.038658 -0.605630
1473347461.533757 0.320725 1.816332 -1.061796 0.793681 -0.055716 -0.029527 -0.605058
1473347461.580823 0.336946 1.829565 -1.073855 0.795446 -0.061872 -0.022569 -0.602435
1473347461.627888 0.351561 1.842217 -1.090929 0.797866 -0.066200 -0.017466 -0.598934
1473347461.674953 0.363532 1.853561 -1.111536 0.799779 -0.067739 -0.012206 -0.596335
1473347461.722019 0.373143 1.863366 -1.134511 0.803463 -0.064788 -0.008277 -0.591761
1473347461.769084 0.381981 1.872346 -1.159694 0.806048 -0.065221 -0.007848 -0.588193
1473347461.816150 0.389027 1.880798 -1.186323 0.809708 -0.063531 -0.006764 -0.583344
1473347461.863215 0.395306 1.889197 -1.214411 0.815057 -0.063156 -0.008987 -0.575857
1473347461.910280 0.400491 1.896297 -1.242813 0.819511 -0.060097 -0.008606 -0.569839
1473347461.957346 0.404466 1.903328 -1.272397 0.823421 -0.053595 -0.003187 -0.564885
1473347462.004411 0.408559 1.910773 -1.302318 0.830075 -0.046132 -0.000910 -0.555739
1473347462.051476 0.412988 1.918001 -1.331636 0.834095 -0.038203 0.004449 -0.550278
1473347462.098542 0.417776 1.923857 -1.358912 0.835205 -0.029047 0.012463 -0.549029
1473347462.145607 0.423190 1.931053 -1.386138 0.838524 -0.019050 0.022932 -0.544049
1473347462.192673 0.430879 1.939755 -1.412493 0.844613 -0.011773 0.028886 -0.534468
1473347462.239738 0.440891 1.949288 -1.437020 0.849910 -0.007603 0.034144 -0.525765
1473347462.286803 0.452854 1.958881 -1.458457 0.854366 -0.004709 0.042906 -0.517876
1473347462.333869 0.468041 1.969748 -1.476925 0.857627 -0.007670 0.048237 -0.511948
1473347462.380934 0.485545 1.982881 -1.492314 0.861646 -0.015165 0.055741 -0.504211
1473347462.427999 0.505381 1.997879 -1.504323 0.864080 -0.027643 0.063793 -0.498530
1473347462.475065 0.526203 2.013208 -1.511935 0.865268 -0.042275 0.070777 -0.494485
1473347462.522130 0.547998 2.030192 -1.515238 0.863413 -0.059656 0.078504 -0.494768
1473347462.569196 0.567777 2.046554 -1.514321 0.860247 -0.075838 0.086700 -0.496696
1473347462.616261 0.585707 2.064587 -1.509801 0.856431 -0.091366 0.094298 -0.499286
1473347462.663326 0.599616 2.081611 -1.502288 0.850831 -0.101732 0.103788 -0.504941
1473347462.710392 0.610948 2.099981 -1.492042 0.845901 -0.111242 0.108355 -0.510231
1473347462.757457 0.618879 2.117129 -1.480655 0.840563 -0.120538 0.112762 -0.515954
1473347462.804522 0.623392 2.134781 -1.467804 0.835147 -0.126978 0.116153 -0.522412
1473347462.851588 0.624486 2.151834 -1.453797 0.828619 -0.130200 0.118452 -0.531421
1473347462.898653 0.623049 2.168862 -1.438418 0.823131 -0.133982 0.116036 -0.539480
1473347462.945718 0.619276 2.184117 -1.423089 0.818138 -0.136214 0.112500 -0.547211
1473347462.992784 0.612938 2.199464 -1.407629 0.812177 -0.137585 0.111061 -0.555971
1473347463.039849 0.605341 2.215491 -1.393807 0.812957 -0.139399 0.099302 -0.556604
1473347463.086915 0.594739 2.231657 -1.381587 0.813440 -0.140090 0.094207 -0.556610
1473347463.133980 0.581466 2.246931 -1.371919 0.812598 -0.140553 0.091194 -0.558223
1473347463.181045 0.724299 1.813775 -1.062609 0.809329 -0.151424 0.093753 -0.559703
1473347463.228111 0.633850 1.581756 -0.990338 0.806859 -0.148099 0.093176 -0.564237
1473347463.275176 0.615216 1.585043 -0.985964 0.804024 -0.144017 0.088280 -0.570098
1473347463.322241 0.595058 1.588949 -0.986603 0.803468 -0.140229 0.084117 -0.572451
1473347463.369307 0.573517 1.593061 -0.991922 0.803691 -0.135079 0.082945 -0.573546
1473347463.416372 0.551464 1.596372 -1.000897 0.803461 -0.131220 0.080059 -0.575171
1473347463.463438 0.528634 1.598284 -1.012267 0.800677 -0.129409 0.079781 -0.579486
1473347463.510503 0.503867 1.600499 -1.025710 0.801993 -0.121331 0.081337 -0.579198
1473347463.557568 0.486413 1.568957 -1.024090 0.805678 -0.114077 0.082235 -0.575419
1473347463.604634 0.461726 1.568339 -1.036991 0.810770 -0.106830 0.076257 -0.570459
1473347463.651699 0.435363 1.567589 -1.049851 0.814098 -0.098275 0.075125 -0.567400
1473347463.698764 0.408859 1.566594 -1.062534 0.817280 -0.091937 0.072215 -0.564257
1473347463.745830 0.381732 1.533928 -1.062094 0.824104 -0.081157 0.067200 -0.556552
1473347463.792895 0.354437 1.531043 -1.075376 0.830574 -0.072244 0.063065 -0.548590
1473347463.839960 0.326083 1.526603 -1.087512 0.835582 -0.061889 0.056066 -0.542982
1473347463.887026 0.297290 1.520966 -1.097902 0.839285 -0.048312 0.048098 -0.539401
1473347463.934091 0.268197 1.505465 -1.101659 0.841110 -0.039385 0.043400 -0.537679
1473347463.981156 0.242244 1.498898 -1.107147 0.843228 -0.030092 0.036603 -0.535464
1473347464.028222 0.216894 1.493112 -1.110033 0.845903 -0.020510 0.027171 -0.532249
1473347464.075287 0.192841 1.487842 -1.109620 0.846789 -0.010350 0.018539 -0.531505
1473347464.122353 0.174337 1.472895 -1.100724 0.843987 -0.004443 0.013341 -0.536179
1473347464.169418 0.155337 1.469412 -1.094031 0.841842 0.000875 0.007981 -0.539664
1473347464.216483 0.138865 1.467913 -1.084172 0.839136 0.002384 0.000523 -0.543917
1473347464.263549 0.124572 1.468534 -1.071227 0.836134 0.003622 -0.007310 -0.548465
1473347464.310614 0.116618 1.468104 -1.055600 0.834396 0.007029 -0.012939 -0.550969
1473347464.357679 0.106526 1.471386 -1.038888 0.829465 0.006122 -0.013824 -0.558354
1473347464.404745 0.097322 1.477096 -1.021365 0.826990 0.008515 -0.012440 -0.562014
1473347464.451810 0.090476 1.484450 -1.003942 0.826161 0.009795 -0.015940 -0.563123
1473347464.498876 0.091118 1.486738 -0.988914 0.821453 0.008701 -0.016547 -0.569970
1473347464.545941 0.087542 1.495578 -0.973768 0.816955 0.008528 -0.012339 -0.576507
1473347464.593006 0.085938 1.506356 -0.960117 0.814145 0.009282 -0.013432 -0.580431
1473347464.640072 0.087110 1.518032 -0.948310 0.810421 0.006759 -0.015810 -0.585595
1473347464.687137 0.090973 1.530538 -0.938220 0.806011 0.002583 -0.016522 -0.591664
1473347464.734202 0.097541 1.544454 -0.929965 0.803143 -0.002100 -0.018638 -0.595491
1473347464.781268 0.136782 1.537291 -0.919679 0.802669 -0.010606 -0.016081 -0.596114
1473347464.828333 0.149010 1.554234 -0.915835 0.802897 -0.018099 -0.017282 -0.595592
1473347464.875398 0.162393 1.572204 -0.915545 0.804621 -0.024503 -0.016521 -0.593053
1473347464.922464 0.176146 1.588930 -0.919568 0.804720 -0.031467 -0.010954 -0.592718
1473347464.969529 0.189314 1.604277 -0.927759 0.805695 -0.033408 -0.005525 -0.591361
1473347465.016595 0.202424 1.617821 -0.939149 0.807467 -0.034213 -0.000778 -0.588919
1473347465.063660 0.215702 1.628438 -0.952289 0.807530 -0.033297 -0.000097 -0.588886
1473347465.110725 0.228017 1.635243 -0.966881 0.804054 -0.035112 0.012621 -0.593385
1473347465.157791 0.239718 1.638977 -0.982819 0.800997 -0.035645 0.019398 -0.597291
1473347465.204856 0.250264 1.640981 -1.000585 0.804231 -0.038353 0.018278 -0.592796
1473347465.251921 0.256975 1.630243 -1.010156 0.805212 -0.036817 0.020069 -0.591503
1473347465.298987 0.264548 1.624720 -1.028406 0.804224 -0.037597 0.018387 -0.592850
1473347465.346052 0.270819 1.617452 -1.047939 0.805187 -0.037502 0.014997 -0.591643
1473347465.393117 0.275523 1.609198 -1.068401 0.806595 -0.035709 0.012999 -0.589881
1473347465.440183 0.279790 1.600135 -1.089846 0.807969 -0.035384 0.011625 -0.588047
1473347465.487248 0.284286 1.591068 -1.112146 0.813028 -0.038343 0.012177 -0.580833
1473347465.534314 0.298761 1.537531 -1.108985 0.820361 -0.038042 0.011783 -0.570458
1473347465.581379 0.302585 1.526327 -1.128753 0.825786 -0.039112 0.014757 -0.562432
1473347465.628444 0.304982 1.513835 -1.146531 0.833169 -0.034835 0.023018 -0.551440
1473347465.675510 0.308893 1.497671 -1.159697 0.836452 -0.035834 0.023458 -0.546364
1473347465.722575 0.317088 1.485498 -1.167342 0.838535 -0.036404 0.023332 -0.543129
1473347465.769640 0.321521 1.465100 -1.171666 0.842180 -0.037917 0.023185 -0.537361
1473347465.816706 0.326110 1.442692 -1.171883 0.844111 -0.039335 0.024568 -0.534158
1473347465.863771 0.330531 1.419983 -1.168438 0.845499 -0.038558 0.036205 -0.531352
1473347465.910836 0.337023 1.397377 -1.161810 0.850496 -0.042072 0.034518 -0.523158
1473347465.957902 0.343357 1.374749 -1.152516 0.850225 -0.042345 0.035683 -0.523499
1473347466.004967 0.350092 1.354063 -1.141870 0.847982 -0.040543 0.039960 -0.526959
1473347466.052033 0.358276 1.336601 -1.131541 0.848337 -0.045415 0.035545 -0.526306
1473347466.099098 0.364849 1.323029 -1.121854 0.847198 -0.043835 0.037428 -0.528141
1473347466.146163 0.370390 1.314964 -1.112962 0.848574 -0.041863 0.039271 -0.525954
1473347466.193229 0.371307 1.329033 -1.099980 0.849872 -0.039721 0.042121 -0.523799
1473347466.240294 0.374335 1.332675 -1.092707 0.850720 -0.037891 0.048618 -0.521993
1473347466.287359 0.377811 1.340553 -1.085430 0.851397 -0.042106 0.041841 -0.521153
1473347466.334425 0.379419 1.351806 -1.078460 0.848107 -0.046673 0.045059 -0.525838
1473347466.381490 0.379995 1.366347 -1.071971 0.844703 -0.052469 0.047785 -0.530509
1473347466.428556 0.379669 1.383383 -1.066506 0.839824 -0.060087 0.049343 -0.537262
1473347466.475621 0.410273 1.440470 -1.087358 0.835358 -0.064376 0.044372 -0.544117
1473347466.522686 0.408632 1.461342 -1.086125 0.835066 -0.071736 0.043532 -0.543713
1473347466.569752 0.406037 1.483646 -1.086495 0.831222 -0.078149 0.044634 -0.548607
1473347466.616817 0.402262 1.508050 -1.090042 0.828191 -0.081705 0.048586 -0.552326
1473347466.663882 0.398610 1.534029 -1.095697 0.829265 -0.083069 0.049182 -0.550455
1473347466.710948 0.395582 1.559778 -1.102021 0.826401 -0.087263 0.051011 -0.553935
1473347466.758013 0.392687 1.586328 -1.108713 0.825621 -0.088354 0.049616 -0.555051
1473347466.805078 0.390181 1.613354 -1.115471 0.823395 -0.092161 0.047799 -0.557891
1473347466.852144 0.387015 1.642832 -1.123008 0.827206 -0.092170 0.047851 -0.552218
1473347466.899209 0.384169 1.672398 -1.130223 0.829760 -0.094327 0.048090 -0.547986
1473347466.946275 0.381680 1.700050 -1.136500 0.829804 -0.095789 0.047700 -0.547700
1473347466.993340 0.378853 1.729134 -1.144188 0.832044 -0.097304 0.050544 -0.543765
1473347467.040405 0.375911 1.758722 -1.152682 0.833403 -0.097660 0.051544 -0.541521
1473347467.087471 0.372721 1.788743 -1.162448 0.835402 -0.096266 0.055357 -0.538305
1473347467.134536 0.370473 1.817488 -1.173047 0.836301 -0.098418 0.058774 -0.536153
1473347467.181601 0.368715 1.843544 -1.183404 0.836244 -0.100381 0.063257 -0.535367
1473347467.228667 0.368040 1.865630 -1.192647 0.833539 -0.105867 0.067169 -0.538045
1473347467.275732 0.367883 1.883755 -1.200017 0.829634 -0.111629 0.072791 -0.542170
1473347467.322797 0.367959 1.897646 -1.205224 0.826292 -0.118348 0.078298 -0.545074
1473347467.369863 0.367844 1.906526 -1.208920 0.821790 -0.122567 0.085493 -0.549845
1473347467.416928 0.368133 1.911183 -1.211262 0.821410 -0.128181 0.087319 -0.548844
1473347467.463994 0.368229 1.909524 -1.211520 0.822449 -0.132842 0.086726 -0.546268
1473347467.511059 0.367452 1.900527 -1.208840 0.821185 -0.135463 0.084749 -0.547834
1473347467.558124 0.365800 1.885368 -1.203899 0.820117 -0.136207 0.082535 -0.549585
1473347467.605190 0.363464 1.865187 -1.197593 0.815508 -0.135971 0.085253 -0.556050
1473347467.652255 0.360884 1.842949 -1.190945 0.817655 -0.131832 0.081678 -0.554427
1473347467.699320 0.358633 1.816618 -1.184323 0.815973 -0.132306 0.080198 -0.557002
1473347467.746386 0.355095 1.788506 -1.179650 0.820122 -0.126617 0.076095 -0.552790
1473347467.793451 0.350626 1.756726 -1.176367 0.819201 -0.121553 0.080546 -0.554660
1473347467.840517 0.344518 1.722629 -1.174583 0.817714 -0.116272 0.080155 -0.558033
1473347467.887582 0.334919 1.688435 -1.174056 0.817493 -0.103679 0.082968 -0.560422
1473347467.934647 0.322866 1.654848 -1.173648 0.817351 -0.091991 0.082278 -0.562765
1473347467.981713 0.308982 1.626471 -1.171799 0.822441 -0.082243 0.077963 -0.557449
1473347468.028778 0.294578 1.598517 -1.164851 0.826302 -0.077608 0.072638 -0.553105
1473347468.075843 0.278050 1.573300 -1.151710 0.832878 -0.068231 0.065425 -0.545325
1473347468.122909 0.260936 1.549556 -1.131752 0.832037 -0.061483 0.063657 -0.547615
1473347468.169974 0.243308 1.527805 -1.106032 0.829578 -0.050557 0.059469 -0.552909
1473347468.217039 0.227283 1.507711 -1.077286 0.823956 -0.046332 0.056689 -0.561904
1473347468.264105 0.211416 1.490333 -1.046140 0.821385 -0.043578 0.049869 -0.566516
1473347468.311170 0.195162 1.475875 -1.014933 0.820718 -0.040551 0.048884 -0.567792
1473347468.358236 0.180278 1.461993 -0.983242 0.820065 -0.038045 0.038463 -0.569707
1473347468.405301 0.167275 1.448575 -0.953639 0.816435 -0.040223 0.034177 -0.575020
1473347468.452366 0.156070 1.435110 -0.924402 0.813093 -0.043474 0.025743 -0.579937
1473347468.499432 0.146449 1.421863 -0.896880 0.810121 -0.046627 0.019755 -0.584072
1473347468.546497 0.138757 1.408812 -0.870838 0.806846 -0.050718 0.011162 -0.588475
1473347468.593562 0.133347 1.395768 -0.847709 0.802008 -0.054650 0.003676 -0.594797
1473347468.640628 0.129275 1.383795 -0.827189 0.799443 -0.058913 -0.005513 -0.597821
1473347468.687693 0.126440 1.373105 -0.810210 0.798583 -0.063276 -0.015956 -0.598337
1473347468.734758 0.124089 1.363763 -0.797430 0.797754 -0.066743 -0.020914 -0.598913
1473347468.781824 0.123045 1.355001 -0.789617 0.796198 -0.070330 -0.024502 -0.600435
1473347468.828889 0.123664 1.346342 -0.787805 0.794791 -0.073702 -0.030816 -0.601602
1473347468.875955 0.125035 1.337408 -0.792220 0.793681 -0.073367 -0.034217 -0.602923
1473347468.923020 0.128017 1.328039 -0.802522 0.792023 -0.073071 -0.034744 -0.605106
1473347468.970085 0.132436 1.318630 -0.818163 0.790285 -0.073034 -0.034159 -0.607411
1473347469.017151 0.137567 1.309764 -0.838722 0.792815 -0.071787 -0.028608 -0.604543
1473347469.064216 0.144574 1.299316 -0.862904 0.793652 -0.070248 -0.028576 -0.603627
1473347469.111281 0.152572 1.288405 -0.889909 0.797178 -0.068596 -0.029803 -0.599094
1473347469.158347 0.161376 1.277052 -0.918381 0.800672 -0.066448 -0.028932 -0.594703
1473347469.205412 0.170866 1.265725 -0.947828 0.803969 -0.068493 -0.023462 -0.590248
1473347469.252478 0.179221 1.255119 -0.977647 0.807860 -0.066653 -0.013530 -0.585437
1473347469.299543 0.186651 1.246348 -1.003442 0.814330 -0.062820 -0.008683 -0.576927
1473347469.346608 0.195208 1.237432 -1.031483 0.814435 -0.062240 0.000413 -0.576907
1473347469.393674 0.204829 1.232658 -1.058762 0.824086 -0.056246 0.002283 -0.563661
1473347469.440739 0.217425 1.229625 -1.083311 0.832468 -0.053112 0.008158 -0.551461
1473347469.487804 0.233716 1.226824 -1.102763 0.836795 -0.055649 0.011285 -0.544564
1473347469.534870 0.252821 1.225076 -1.119338 0.840734 -0.053995 0.017936 -0.538450
1473347469.581935 0.275712 1.224205 -1.132469 0.842174 -0.057972 0.026266 -0.535436
1473347469.629000 0.300382 1.225084 -1.142896 0.846472 -0.063659 0.032415 -0.527620
1473347469.676066 0.323423 1.225896 -1.150019 0.847371 -0.067568 0.042996 -0.524926
1473347469.723131 0.347378 1.226098 -1.154623 0.846938 -0.073350 0.052037 -0.524031
1473347469.770197 0.370267 1.226302 -1.157586 0.847345 -0.079694 0.058648 -0.521743
1473347469.817262 0.391064 1.226001 -1.158898 0.846914 -0.087034 0.062878 -0.520776
1473347469.864327 0.408221 1.226253 -1.158078 0.845758 -0.090606 0.067347 -0.521487
1473347469.911393 0.424615 1.226538 -1.154599 0.844526 -0.095270 0.070193 -0.522277
1473347469.958458 0.439807 1.227423 -1.148199 0.842450 -0.102637 0.071267 -0.524084
1473347470.005523 0.451577 1.229338 -1.139114 0.841139 -0.106337 0.070670 -0.525532
1473347470.052589 0.458713 1.231856 -1.128961 0.838368 -0.108190 0.070769 -0.529552
1473347470.099654 0.461786 1.234866 -1.118080 0.836408 -0.106695 0.070979 -0.532917
1473347470.146719 0.460818 1.237863 -1.107513 0.832795 -0.107622 0.071941 -0.538232
1473347470.193785 0.455440 1.241740 -1.098703 0.832033 -0.108040 0.073623 -0.539099
1473347470.240850 0.446230 1.245429 -1.090690 0.832294 -0.109296 0.072755 -0.538560
1473347470.287916 0.433376 1.248677 -1.082353 0.832790 -0.109415 0.071919 -0.537882
1473347470.334981 0.418652 1.251193 -1.071849 0.832631 -0.109901 0.066778 -0.538690
1473347470.382046 0.403678 1.252970 -1.057359 0.830010 -0.112410 0.060103 -0.542987
1473347470.429112 0.391095 1.254731 -1.039596 0.825490 -0.114573 0.059398 -0.549465
1473347470.476177 0.377249 1.256194 -1.017311 0.818966 -0.115772 0.054945 -0.559350
1473347470.523242 0.362661 1.259376 -0.991770 0.812670 -0.113133 0.055818 -0.568905
1473347470.570308 0.348765 1.265148 -0.964083 0.810673 -0.108922 0.054151 -0.572724
1473347470.617373 0.336301 1.272305 -0.935555 0.807659 -0.107104 0.054547 -0.577270
1473347470.664439 0.324039 1.280587 -0.905821 0.802630 -0.107676 0.065149 -0.583050
1473347470.711504 0.313019 1.291077 -0.876841 0.805215 -0.106363 0.059184 -0.580356
1473347470.758569 0.302595 1.301631 -0.850407 0.801622 -0.112991 0.067541 -0.583158
1473347470.805635 0.293960 1.311731 -0.826470 0.798530 -0.120975 0.066886 -0.585868
1473347470.852700 0.286078 1.317441 -0.804439 0.787982 -0.132089 0.066734 -0.597648
1473347470.899765 0.277093 1.321203 -0.787377 0.780167 -0.136815 0.071688 -0.606203
1473347470.946831 0.266470 1.324719 -0.774262 0.776773 -0.137056 0.082220 -0.609163
1473347470.993896 0.256159 1.325365 -0.765737 0.772207 -0.140035 0.084694 -0.613933
1473347471.040961 0.244784 1.324342 -0.763289 0.770228 -0.142586 0.091867 -0.614799
1473347471.088027 0.232378 1.321149 -0.766981 0.772742 -0.142043 0.091696 -0.611789
1473347471.135092 0.219007 1.314804 -0.775969 0.774013 -0.139052 0.086569 -0.611616
1473347471.182158 0.204501 1.306477 -0.789952 0.773761 -0.135720 0.090760 -0.612075
1473347471.229223 0.190925 1.296115 -0.808342 0.775833 -0.135236 0.085981 -0.610247
1473347471.276288 0.176821 1.284681 -0.829939 0.779475 -0.134662 0.083054 -0.606125
1473347471.323354 0.162278 1.271947 -0.853306 0.783991 -0.132246 0.081897 -0.600968
1473347471.370419 0.149133 1.260597 -0.873996 0.788045 -0.129911 0.078765 -0.596578
1473347471.417484 0.134853 1.246800 -0.898784 0.792809 -0.126625 0.079439 -0.590854
1473347471.464550 0.120762 1.232897 -0.924571 0.798295 -0.121092 0.075573 -0.585107
1473347471.511615 0.107376 1.220077 -0.950947 0.806970 -0.115127 0.075988 -0.574257
1473347471.558680 0.095582 1.207903 -0.976548 0.815571 -0.113603 0.074216 -0.562521
1473347471.605746 0.083057 1.195439 -1.001339 0.822095 -0.107350 0.075694 -0.553991
1473347471.652811 0.069817 1.183498 -1.024191 0.826526 -0.098733 0.079734 -0.548407
1473347471.699877 0.057286 1.173154 -1.042564 0.829502 -0.090904 0.079486 -0.545294
1473347471.746942 0.108445 1.190873 -1.026639 0.831115 -0.098743 0.088057 -0.540133
1473347471.794007 0.098405 1.185402 -1.036111 0.833623 -0.095659 0.087122 -0.536965
1473347471.841073 0.087393 1.183069 -1.043541 0.837108 -0.091596 0.083179 -0.532861
1473347471.888138 0.075615 1.184206 -1.049327 0.839744 -0.089179 0.082473 -0.529221
1473347471.935203 0.063885 1.190084 -1.054488 0.844641 -0.087069 0.076759 -0.522599
1473347471.982269 0.052515 1.199437 -1.059129 0.846889 -0.085786 0.072636 -0.519754
1473347472.029334 0.172781 1.404101 -1.091069 0.848705 -0.095399 0.078293 -0.514265
1473347472.076400 0.166307 1.423530 -1.095960 0.848719 -0.091155 0.078369 -0.515001
1473347472.123465 0.160455 1.445144 -1.099791 0.847374 -0.083486 0.078935 -0.518418
1473347472.170530 0.156367 1.468201 -1.103051 0.844928 -0.077934 0.076921 -0.523552
1473347472.217596 0.153281 1.492918 -1.106558 0.843556 -0.071700 0.074766 -0.526956
1473347472.264661 0.151022 1.518270 -1.110503 0.841007 -0.068309 0.076959 -0.531148
1473347472.311726 0.358817 1.863621 -1.197294 0.845095 -0.031568 0.059211 -0.530389
1473347472.358792 0.348742 1.882664 -1.200566 0.844754 -0.033004 0.065837 -0.530064
1473347472.405857 0.347897 1.908742 -1.206971 0.844217 -0.034134 0.066054 -0.530820
1473347472.452922 0.346562 1.933290 -1.213643 0.844485 -0.035647 0.067150 -0.530156
1473347472.499988 0.344767 1.955223 -1.220273 0.844980 -0.036843 0.067728 -0.529211
1473347472.547053 0.342593 1.973420 -1.225824 0.845314 -0.037509 0.069120 -0.528450
1473347472.594119 0.340350 1.986810 -1.229531 0.845609 -0.038467 0.067907 -0.528066
1473347472.641184 0.337732 1.994983 -1.231354 0.846059 -0.038457 0.068182 -0.527310
1473347472.688249 0.335446 1.997443 -1.231459 0.845694 -0.040246 0.067420 -0.527860
1473347472.735315 0.333421 1.994125 -1.230221 0.845224 -0.042572 0.065623 -0.528656
1473347472.782380 0.331338 1.985538 -1.227906 0.844223 -0.041711 0.059404 -0.531054
1473347472.829445 0.328903 1.972698 -1.225359 0.842943 -0.041042 0.060842 -0.532974
1473347472.876511 0.346320 1.951062 -1.215098 0.842878 -0.038405 0.059468 -0.533428
1473347472.923576 0.343994 1.931281 -1.211882 0.842809 -0.036252 0.058395 -0.533806
1473347472.970642 0.341190 1.908299 -1.208816 0.842829 -0.033215 0.065485 -0.533148
1473347473.017707 0.340087 1.882399 -1.205911 0.846603 -0.035258 0.057000 -0.527988
1473347473.064772 0.337967 1.853895 -1.203165 0.848593 -0.032531 0.059261 -0.524709
1473347473.111838 0.336862 1.822692 -1.199998 0.849691 -0.031760 0.055734 -0.523365
1473347473.158903 0.335624 1.790313 -1.197293 0.850954 -0.029840 0.054752 -0.521525
1473347473.205968 0.334318 1.757174 -1.195126 0.851177 -0.025120 0.055293 -0.521353
1473347473.253034 0.334490 1.723784 -1.193833 0.850900 -0.023974 0.051525 -0.522244
1473347473.300099 0.334871 1.691650 -1.194305 0.854897 -0.023308 0.049949 -0.515862
1473347473.347164 0.326273 1.676425 -1.178602 0.856129 -0.021032 0.053460 -0.513558
1473347473.394230 0.326615 1.646414 -1.176280 0.855557 -0.018269 0.054036 -0.514557
1473347473.441295 0.326902 1.618453 -1.171431 0.856865 -0.014844 0.050908 -0.512807
1473347473.488361 0.327035 1.593674 -1.162447 0.856640 -0.013881 0.048849 -0.513409
1473347473.535426 0.326085 1.573223 -1.148828 0.855488 -0.010850 0.050143 -0.515275
1473347473.582491 0.325634 1.557115 -1.130704 0.855023 -0.013157 0.047448 -0.516248
1473347473.629557 0.324801 1.544847 -1.108466 0.854821 -0.015560 0.043119 -0.516895
1473347473.676622 0.323005 1.536153 -1.083009 0.853869 -0.015597 0.039251 -0.518772
1473347473.723687 0.309105 1.531539 -1.047795 0.848568 -0.017915 0.038158 -0.527405
1473347473.770753 0.306316 1.528444 -1.018078 0.842375 -0.017179 0.036143 -0.537404
1473347473.817818 0.303585 1.529643 -0.987649 0.839508 -0.015711 0.031296 -0.542217
1473347473.864883 0.301674 1.532812 -0.956476 0.833975 -0.017501 0.029047 -0.550759
1473347473.911949 0.301801 1.554182 -0.923365 0.828550 -0.017791 0.029714 -0.558843
1473347473.959014 0.300241 1.561232 -0.890870 0.824571 -0.018237 0.027480 -0.564796
1473347474.006080 0.298139 1.568229 -0.856608 0.813531 -0.019897 0.038283 -0.579919
1473347474.053145 0.296984 1.577722 -0.823071 0.812137 -0.018317 0.035896 -0.582074
1473347474.100210 0.298542 1.585420 -0.792991 0.807164 -0.023322 0.032326 -0.588980
1473347474.147276 0.299519 1.591841 -0.760373 0.798560 -0.028479 0.033921 -0.600284
1473347474.194341 0.300142 1.599735 -0.729119 0.796536 -0.029722 0.034664 -0.602865
1473347474.241406 0.302172 1.607125 -0.700045 0.794385 -0.035252 0.026677 -0.605803
1473347474.288472 0.297603 1.611258 -0.681124 0.789852 -0.038990 0.032180 -0.611210
1473347474.335537 0.298561 1.618064 -0.660964 0.789073 -0.040420 0.026841 -0.612380
1473347474.382603 0.299598 1.625117 -0.646090 0.786399 -0.044210 0.027087 -0.615540
1473347474.429668 0.300786 1.632045 -0.637793 0.783593 -0.047980 0.028813 -0.618748
1473347474.476733 0.302287 1.637653 -0.636719 0.780011 -0.053057 0.029003 -0.622837
1473347474.523799 0.303347 1.642339 -0.643530 0.782118 -0.053051 0.025864 -0.620329
1473347474.570864 0.304660 1.644103 -0.656845 0.781657 -0.054465 0.022521 -0.620918
1473347474.617929 0.305687 1.643086 -0.675443 0.781465 -0.053414 0.022243 -0.621261
1473347474.664995 0.307066 1.640312 -0.697647 0.783138 -0.050665 0.017724 -0.619527
1473347474.712060 0.309044 1.636353 -0.721557 0.784287 -0.050094 0.016920 -0.618141
1473347474.759125 0.311127 1.631786 -0.746241 0.786332 -0.047944 0.017807 -0.615683
1473347474.806191 0.314111 1.626543 -0.771689 0.787553 -0.047812 0.019097 -0.614092
1473347474.853256 0.317862 1.621090 -0.798443 0.791006 -0.046895 0.014935 -0.609825
1473347474.900322 0.320917 1.615843 -0.826473 0.795105 -0.043738 0.017941 -0.604627
1473347474.947387 0.316956 1.593854 -0.846530 0.798616 -0.037309 0.022741 -0.600253
1473347474.994452 0.321044 1.592794 -0.875983 0.803141 -0.034256 0.025580 -0.594253
1473347475.041518 0.325477 1.585442 -0.900950 0.804399 -0.032070 0.028603 -0.592534
1473347475.088583 0.329568 1.578832 -0.923162 0.807364 -0.029897 0.031546 -0.588450
1473347475.135648 0.324781 1.570335 -0.940284 0.814235 -0.031061 0.032255 -0.578806
1473347475.182714 0.324884 1.565555 -0.955234 0.819265 -0.032552 0.035640 -0.571380
1473347475.229779 0.320714 1.561610 -0.967735 0.822814 -0.031543 0.039328 -0.566070
1473347475.276844 0.312715 1.558719 -0.978158 0.825026 -0.029123 0.040925 -0.562858
1473347475.323910 0.301590 1.557957 -0.987331 0.828207 -0.028272 0.037676 -0.558439
1473347475.370975 0.286598 1.559600 -0.995513 0.831848 -0.026804 0.038131 -0.553043
1473347475.418041 0.264319 1.559327 -0.999763 0.831020 -0.025434 0.033184 -0.554669
1473347475.465106 0.243974 1.562317 -1.004751 0.829857 -0.019848 0.033279 -0.556628
1473347475.512171 0.221503 1.566659 -1.008860 0.829782 -0.013042 0.028521 -0.557206
1473347475.559237 0.198140 1.571441 -1.012124 0.828869 -0.007427 0.024626 -0.558852
1473347475.606302 0.176927 1.569424 -1.010231 0.830831 0.002321 0.012856 -0.556371
1473347475.653367 0.153868 1.574173 -1.012413 0.830173 0.008127 0.008483 -0.557383
1473347475.700433 0.131343 1.580404 -1.014633 0.831024 0.015415 0.000305 -0.556022
1473347475.747498 0.110976 1.587503 -1.016662 0.830508 0.019811 -0.007926 -0.556598
1473347475.794563 0.084908 1.598642 -1.012094 0.831857 0.022073 -0.011147 -0.554439
1473347475.841629 0.070329 1.607784 -1.013855 0.832664 0.025885 -0.015395 -0.552959
1473347475.888694 0.059746 1.617746 -1.014463 0.835176 0.028086 -0.020454 -0.548884
1473347475.935760 0.052828 1.626313 -1.011954 0.833411 0.031065 -0.016125 -0.551545
1473347475.982825 0.050736 1.633952 -1.005157 0.830041 0.030718 -0.015787 -0.556632
1473347476.029890 0.050936 1.641786 -0.994386 0.827499 0.032287 -0.017243 -0.560273
1473347476.076956 0.050189 1.649680 -0.981721 0.823745 0.040459 -0.011395 -0.565400
1473347476.124021 0.052615 1.658582 -0.966019 0.819802 0.041396 -0.009048 -0.571077
1473347476.171086 0.057373 1.669445 -0.947576 0.816591 0.035025 -0.006723 -0.576115
1473347476.218152 0.062622 1.681924 -0.927512 0.817383 0.029391 -0.005192 -0.575321
1473347476.265217 0.068517 1.693121 -0.906810 0.816236 0.021696 -0.009096 -0.577239
1473347476.312283 0.074166 1.702991 -0.885105 0.812293 0.017099 -0.005131 -0.582976
1473347476.359348 0.080726 1.712144 -0.862993 0.809836 0.012736 -0.007066 -0.586476
1473347476.406413 0.088178 1.720162 -0.841803 0.807019 0.006993 -0.008623 -0.590420
1473347476.453479 0.095085 1.727000 -0.823379 0.804701 0.003511 -0.006736 -0.593631
1473347476.500544 0.102420 1.732193 -0.806968 0.800912 0.000202 -0.003183 -0.598774
1473347476.547609 0.109384 1.736931 -0.792916 0.800738 -0.000275 0.000041 -0.599015
1473347476.594675 0.116325 1.739560 -0.781506 0.800225 -0.000861 -0.002573 -0.599693
1473347476.641740 0.122323 1.739973 -0.773612 0.796754 -0.004256 -0.000347 -0.604289
1473347476.688805 0.128218 1.738801 -0.769785 0.796545 -0.005509 -0.003959 -0.604541
1473347476.735871 0.134258 1.735275 -0.769888 0.793873 -0.010221 -0.002616 -0.607993
1473347476.782936 0.140842 1.730290 -0.774300 0.795232 -0.012642 -0.011394 -0.606066
1473347476.830002 0.147007 1.723104 -0.782885 0.793452 -0.016380 -0.011319 -0.608307
1473347476.877067 0.153128 1.714393 -0.795487 0.793145 -0.016890 -0.014232 -0.608633
1473347476.924132 0.159200 1.704503 -0.812174 0.794615 -0.016668 -0.013566 -0.606733
1473347476.971198 0.165589 1.693818 -0.831629 0.798451 -0.014199 -0.014139 -0.601726
1473347477.018263 0.172496 1.681911 -0.852734 0.799770 -0.012072 -0.009962 -0.600103
1473347477.065328 0.179753 1.669996 -0.875193 0.804628 -0.006775 -0.005752 -0.593712
1473347477.112394 0.188861 1.657236 -0.898177 0.807443 -0.005588 -0.006548 -0.589882
1473347477.159459 0.198144 1.645066 -0.921335 0.809639 -0.004301 -0.000005 -0.586913
1473347477.206524 0.206508 1.636437 -0.939226 0.814074 -0.000535 0.000407 -0.580761
1473347477.253590 0.217617 1.625150 -0.961178 0.815868 -0.001160 0.000728 -0.578237
1473347477.300655 0.230196 1.614813 -0.983014 0.818412 -0.002926 0.000220 -0.574624
1473347477.347721 0.243249 1.606677 -1.004769 0.822998 -0.005928 -0.001783 -0.568011
1473347477.394786 0.276835 1.580176 -1.006989 0.828100 -0.006752 -0.004019 -0.560526
1473347477.441851 0.289702 1.576082 -1.024552 0.831790 -0.007927 -0.000132 -0.555033
1473347477.488917 0.304438 1.574174 -1.039921 0.835150 -0.010524 0.006336 -0.549885
1473347477.535982 0.321617 1.573709 -1.053353 0.838416 -0.015707 0.009869 -0.544715
1473347477.583047 0.339496 1.574726 -1.065126 0.840739 -0.020977 0.014676 -0.540834
1473347477.630113 0.358664 1.576661 -1.075385 0.841692 -0.026097 0.021144 -0.538913
1473347477.677178 0.378892 1.580784 -1.084169 0.842206 -0.032679 0.028357 -0.537416
1473347477.724244 0.399193 1.587009 -1.091428 0.843379 -0.038663 0.034842 -0.534793
1473347477.771309 0.418222 1.594550 -1.096719 0.842711 -0.043656 0.040415 -0.535070
1473347477.818374 0.435805 1.604385 -1.100719 0.842087 -0.044922 0.048321 -0.535291
1473347477.865440 0.452916 1.616973 -1.103400 0.841603 -0.048873 0.053430 -0.535221
1473347477.912505 0.468415 1.631298 -1.104469 0.840675 -0.050364 0.057038 -0.536168
1473347477.959570 0.482571 1.647337 -1.104230 0.839191 -0.052650 0.062188 -0.537697
1473347478.006636 0.495270 1.665640 -1.103182 0.838459 -0.054671 0.065197 -0.538282
1473347478.053701 0.505805 1.685369 -1.101455 0.837652 -0.058737 0.068650 -0.538680
1473347478.100766 0.515396 1.707308 -1.098634 0.837357 -0.063644 0.068916 -0.538548
1473347478.147832 0.523595 1.732311 -1.095223 0.838445 -0.068474 0.065513 -0.536684
1473347478.194897 0.530299 1.758606 -1.091192 0.837790 -0.073571 0.064809 -0.537117
1473347478.241963 0.535899 1.785908 -1.087492 0.837325 -0.077940 0.062036 -0.537554
1473347478.289028 0.540182 1.813712 -1.084932 0.836181 -0.081880 0.062597 -0.538683
1473347478.336093 0.543610 1.841260 -1.083873 0.834987 -0.084668 0.061185 -0.540263
1473347478.383159 0.545959 1.868789 -1.084843 0.835179 -0.086087 0.062660 -0.539572
1473347478.430224 0.547501 1.893565 -1.086683 0.834976 -0.087501 0.064328 -0.539464
1473347478.477289 0.548659 1.917784 -1.088554 0.834521 -0.087784 0.065474 -0.539983
1473347478.524355 0.549100 1.941183 -1.090528 0.833258 -0.088131 0.070108 -0.541294
1473347478.571420 0.549679 1.962263 -1.092483 0.833164 -0.088851 0.069397 -0.541412
1473347478.618486 0.550154 1.980244 -1.094661 0.831055 -0.090467 0.071694 -0.544080
1473347478.665551 0.550914 1.994798 -1.097664 0.827973 -0.092728 0.074155 -0.548054
1473347478.712616 0.552591 2.005802 -1.102043 0.825992 -0.096074 0.072575 -0.550673
1473347478.759682 0.554841 2.013277 -1.107919 0.827126 -0.099613 0.065483 -0.549229
1473347478.806747 0.556940 2.016518 -1.114304 0.824471 -0.106413 0.067755 -0.551663
1473347478.853812 0.558672 2.017008 -1.121102 0.823883 -0.112388 0.068187 -0.551305
1473347478.900878 0.558953 2.014527 -1.127869 0.825866 -0.113031 0.069171 -0.548074
1473347478.947943 0.558098 2.007559 -1.133558 0.827212 -0.111213 0.072790 -0.545943
1473347478.995008 0.556345 1.995913 -1.137614 0.829411 -0.108180 0.077480 -0.542560
1473347479.042074 0.554133 1.979236 -1.139235 0.831223 -0.105252 0.080334 -0.539941
1473347479.089139 0.551668 1.958559 -1.138720 0.833016 -0.100143 0.079101 -0.538330
1473347479.136205 0.549351 1.934970 -1.136967 0.834393 -0.097917 0.077025 -0.536906
1473347479.183270 0.546520 1.909525 -1.134863 0.836159 -0.095458 0.076461 -0.534677
1473347479.230335 0.542311 1.883590 -1.133495 0.838986 -0.089335 0.076486 -0.531293
1473347479.277401 0.537845 1.861875 -1.132912 0.841183 -0.085945 0.078583 -0.528063
1473347479.324466 0.533020 1.836336 -1.135246 0.845012 -0.085782 0.081244 -0.521531
1473347479.371531 0.527039 1.809739 -1.140063 0.849071 -0.088220 0.078118 -0.514970
1473347479.418597 0.517815 1.782453 -1.147389 0.849445 -0.082838 0.080515 -0.514878
1473347479.465662 0.506246 1.756595 -1.156637 0.851396 -0.072313 0.084850 -0.512539
1473347479.512727 0.495176 1.732029 -1.164904 0.854694 -0.065364 0.080267 -0.508707
1473347479.559793 0.573712 1.502801 -1.187140 0.851979 -0.057189 0.078962 -0.514418
1473347479.606858 0.567689 1.475415 -1.190221 0.852536 -0.056347 0.076585 -0.513948
1473347479.653924 0.561223 1.451996 -1.191743 0.855401 -0.053162 0.070305 -0.510411
1473347479.700989 0.554114 1.434571 -1.192218 0.854945 -0.047216 0.072379 -0.511469
1473347479.748054 0.547831 1.425943 -1.191511 0.854359 -0.044514 0.071327 -0.512837
1473347479.795120 0.541676 1.428698 -1.190154 0.857090 -0.040316 0.064686 -0.509498
1473347479.842185 0.535721 1.441516 -1.188425 0.855414 -0.039765 0.063661 -0.512477
1473347479.889250 0.529709 1.464418 -1.188123 0.854631 -0.041129 0.069171 -0.512962
1473347479.936316 0.525080 1.494551 -1.188772 0.853685 -0.047729 0.067795 -0.514148
1473347479.983381 0.520029 1.530774 -1.191651 0.849349 -0.054939 0.071552 -0.520065
1473347480.030446 0.514289 1.573670 -1.197258 0.848835 -0.059974 0.074971 -0.519867
1473347480.077512 0.509174 1.620637 -1.204838 0.850202 -0.067929 0.074630 -0.516694
1473347480.124577 0.503420 1.666349 -1.212101 0.848897 -0.074362 0.082442 -0.516767
1473347480.171643 0.497865 1.704596 -1.218035 0.844601 -0.083707 0.086286 -0.521726
1473347480.218708 0.491469 1.708961 -1.219232 0.846386 -0.089829 0.091384 -0.516925
1473347480.265773 0.483217 1.718984 -1.220966 0.841691 -0.092603 0.097640 -0.522922
1473347480.312839 0.473931 1.714946 -1.220717 0.841543 -0.089971 0.101361 -0.522912
1473347480.359904 0.465446 1.697432 -1.220050 0.843920 -0.086792 0.099149 -0.520035
1473347480.406969 0.458408 1.668809 -1.220102 0.845895 -0.082509 0.095837 -0.518139
1473347480.454035 0.453178 1.633728 -1.220848 0.852119 -0.075425 0.093400 -0.509393
1473347480.501100 0.450920 1.592499 -1.218338 0.851922 -0.069472 0.092219 -0.510782
1473347480.548166 0.451124 1.550490 -1.212036 0.850651 -0.063751 0.090267 -0.513984
1473347480.595231 0.453572 1.511840 -1.202227 0.848830 -0.060369 0.086678 -0.518006
1473347480.642296 0.456436 1.479405 -1.189921 0.847750 -0.063748 0.083148 -0.519945
1473347480.689362 0.455977 1.455057 -1.175648 0.846542 -0.058438 0.080110 -0.523005
1473347480.736427 0.451594 1.439617 -1.159931 0.839462 -0.051903 0.090528 -0.533306
1473347480.783492 0.445714 1.432441 -1.142819 0.834290 -0.044640 0.083657 -0.543111
1473347480.830558 0.438588 1.433053 -1.126130 0.831091 -0.043162 0.083532 -0.548131
1473347480.877623 0.428698 1.428195 -1.103430 0.832374 -0.039191 0.076848 -0.547459
1473347480.924688 0.422984 1.435764 -1.088830 0.832156 -0.040064 0.067985 -0.548898
1473347480.971754 0.421457 1.447388 -1.075005 0.833978 -0.040590 0.058966 -0.547135
1473347481.018819 0.428840 1.462692 -1.062056 0.837959 -0.039545 0.045039 -0.542432
1473347481.065885 0.446297 1.477898 -1.050158 0.836877 -0.038733 0.045805 -0.544094
1473347481.112950 0.473244 1.490877 -1.039984 0.834283 -0.041541 0.045344 -0.547896
1473347481.160015 0.506615 1.500728 -1.031126 0.826848 -0.052960 0.051712 -0.557533
1473347481.207081 0.541578 1.509379 -1.025018 0.824646 -0.070985 0.056160 -0.558360
1473347481.254146 0.572979 1.529384 -1.027749 0.819545 -0.096520 0.068005 -0.560718
1473347481.301211 0.591727 1.532289 -1.026654 0.810696 -0.113920 0.085915 -0.567814
1473347481.348277 0.593977 1.534890 -1.028224 0.804328 -0.123577 0.102167 -0.572143
1473347481.395342 0.578857 1.536912 -1.031558 0.802869 -0.131072 0.096118 -0.573570
1473347481.442407 0.543814 1.539366 -1.036070 0.799408 -0.127147 0.088739 -0.580435
1473347481.489473 0.492059 1.544243 -1.041350 0.798953 -0.109684 0.078479 -0.586076
1473347481.536538 0.440153 1.549454 -1.043854 0.802150 -0.095150 0.049527 -0.587408
1473347481.583604 0.379725 1.555504 -1.045588 0.805313 -0.081002 0.023771 -0.586809
1473347481.630669 0.321427 1.563115 -1.046735 0.809440 -0.069406 -0.000940 -0.583086
1473347481.677734 0.273310 1.571746 -1.048247 0.815589 -0.068540 -0.030305 -0.573759
1473347481.724800 0.234523 1.583037 -1.051131 0.832868 -0.063522 -0.050946 -0.547449
1473347481.771865 0.211045 1.589771 -1.053301 0.839264 -0.064786 -0.063106 -0.536150
1473347481.818930 0.202860 1.597779 -1.055640 0.850207 -0.056537 -0.069984 -0.518704
1473347481.865996 0.213672 1.605462 -1.056194 0.856239 -0.050598 -0.072480 -0.508961
1473347481.913061 0.243938 1.611801 -1.055068 0.849936 -0.060393 -0.069163 -0.518824
1473347481.960127 0.286411 1.621915 -1.056213 0.850606 -0.066993 -0.056389 -0.518461
1473347482.007192 0.334579 1.630388 -1.058075 0.846967 -0.079239 -0.046411 -0.523654
1473347482.054257 0.392481 1.638139 -1.060350 0.839843 -0.094618 -0.020253 -0.534135
1473347482.101323 0.451997 1.646595 -1.062886 0.834402 -0.104868 0.007163 -0.541040
1473347482.148388 0.508873 1.653780 -1.065134 0.826419 -0.117507 0.045994 -0.548734
1473347482.195453 0.559720 1.660173 -1.067108 0.820882 -0.133839 0.081188 -0.549226
1473347482.242519 0.598075 1.663321 -1.068161 0.813793 -0.147352 0.111801 -0.550935
1473347482.289584 0.635650 1.641857 -1.071970 0.809907 -0.158872 0.130777 -0.549279
1473347482.336649 0.640044 1.640235 -1.074061 0.805999 -0.168213 0.140363 -0.549880
1473347482.383715 0.623995 1.638528 -1.078447 0.804612 -0.169256 0.136627 -0.552527
1473347482.430780 0.587363 1.637024 -1.086336 0.806401 -0.156764 0.127676 -0.555734
1473347482.477846 0.533911 1.633817 -1.097582 0.811108 -0.135043 0.110830 -0.558197
1473347482.524911 0.469002 1.627643 -1.111292 0.816897 -0.106345 0.090230 -0.559668
1473347482.571976 0.401040 1.630148 -1.132793 0.825098 -0.080912 0.059242 -0.556019
1473347482.619042 0.342435 1.619503 -1.144731 0.835841 -0.064706 0.020792 -0.544748
1473347482.666107 0.271949 1.597019 -1.150452 0.841084 -0.055249 -0.001535 -0.538074
1473347482.713172 0.237223 1.586578 -1.156187 0.850773 -0.033662 -0.014776 -0.524247
1473347482.760238 0.220646 1.576367 -1.149110 0.853627 -0.017193 -0.023912 -0.520052
1473347482.807303 0.221115 1.566787 -1.127857 0.851130 -0.007094 -0.027005 -0.524213
1473347482.854369 0.233826 1.562911 -1.090564 0.844658 -0.014007 -0.029556 -0.534307
1473347482.901434 0.250338 1.565147 -1.039921 0.841093 -0.023026 -0.035709 -0.539218
1473347482.948499 0.277168 1.582047 -0.986533 0.831545 -0.025862 -0.024163 -0.554328
1473347482.995565 0.292329 1.584018 -0.925801 0.822725 -0.030685 -0.021457 -0.567206
1473347483.042630 0.306461 1.576633 -0.863913 0.813153 -0.032665 -0.020143 -0.580783
1473347483.089695 0.320113 1.572887 -0.821730 0.796049 -0.043221 -0.021858 -0.603291
1473347483.136761 0.338699 1.573593 -0.800084 0.777674 -0.057997 -0.036568 -0.624918
1473347483.183826 0.349371 1.574471 -0.800249 0.768787 -0.070380 -0.050935 -0.633576
1473347483.230891 0.357713 1.576942 -0.823760 0.765310 -0.082907 -0.051891 -0.636188
1473347483.277957 0.363778 1.579491 -0.869143 0.768950 -0.090198 -0.052600 -0.630724
1473347483.325022 0.366920 1.581275 -0.932403 0.777732 -0.091808 -0.044069 -0.620292
1473347483.372088 0.368730 1.582077 -1.006993 0.800156 -0.084144 -0.038952 -0.592581
1473347483.419153 0.370998 1.577053 -1.087848 0.812380 -0.074558 -0.017015 -0.578092
1473347483.466218 0.372440 1.566826 -1.157639 0.831610 -0.057078 0.003726 -0.552407
1473347483.513284 0.366504 1.560135 -1.226740 0.851298 -0.043781 0.023430 -0.522327
1473347483.560349 0.369230 1.548464 -1.276820 0.869465 -0.037189 0.038592 -0.491079
1473347483.607414 0.378932 1.557435 -1.320140 0.886688 -0.035786 0.045591 -0.458721
1473347483.654480 0.381147 1.550520 -1.329575 0.893080 -0.041302 0.048512 -0.445364
1473347483.701545 0.379570 1.550453 -1.315302 0.893596 -0.040770 0.046813 -0.444559
1473347483.748610 0.376703 1.557736 -1.280177 0.887152 -0.041744 0.040474 -0.457799
1473347483.795676 0.377821 1.580693 -1.230345 0.876793 -0.046939 0.031703 -0.477521
1473347483.842741 0.376574 1.594097 -1.177945 0.866926 -0.051260 0.028448 -0.494977
1473347483.889807 0.375483 1.610898 -1.132690 0.859227 -0.051092 0.028229 -0.508253
1473347483.936872 0.372709 1.614545 -1.098907 0.845218 -0.056738 0.023480 -0.530883
1473347483.983937 0.359687 1.604735 -1.080071 0.839641 -0.061399 0.028286 -0.538918
1473347484.031003 0.345860 1.595392 -1.077910 0.843003 -0.063298 0.016833 -0.533907
1473347484.078068 0.321030 1.580137 -1.085118 0.845818 -0.053583 0.006248 -0.530738
1473347484.125133 0.290166 1.565659 -1.098707 0.851110 -0.029447 -0.000167 -0.524162
1473347484.172199 0.275409 1.555045 -1.118392 0.860990 -0.012616 -0.020836 -0.508039
1473347484.219264 0.271525 1.555394 -1.132114 0.869745 -0.005963 -0.033428 -0.492331
1473347484.266329 0.289993 1.562377 -1.139897 0.868057 -0.009002 -0.027982 -0.495593
1473347484.313395 0.329096 1.574986 -1.142321 0.861239 -0.019245 -0.005932 -0.507801
1473347484.360460 0.373949 1.597727 -1.140817 0.851769 -0.047956 0.021346 -0.521282
1473347484.407526 0.435354 1.610390 -1.138826 0.845413 -0.083555 0.044665 -0.525644
1473347484.454591 0.493175 1.617542 -1.133470 0.835771 -0.112028 0.083854 -0.530948
1473347484.501656 0.528578 1.620140 -1.132631 0.831454 -0.128505 0.117970 -0.527498
1473347484.548722 0.549801 1.616438 -1.133753 0.828441 -0.134078 0.134137 -0.526988
1473347484.595787 0.531228 1.610714 -1.137127 0.825606 -0.129956 0.137960 -0.531463
1473347484.642852 0.488074 1.603996 -1.145804 0.827786 -0.118608 0.124411 -0.534063
1473347484.689918 0.428393 1.596700 -1.158529 0.832186 -0.097862 0.098144 -0.536896
1473347484.736983 0.360576 1.597547 -1.175489 0.842774 -0.072101 0.071376 -0.528620
1473347484.784049 0.301505 1.591462 -1.184272 0.857663 -0.055433 0.040841 -0.509581
1473347484.831114 0.263857 1.599827 -1.180853 0.873460 -0.046131 0.009537 -0.484611
1473347484.878179 0.243745 1.602980 -1.162495 0.876700 -0.037505 -0.004601 -0.479551
1473347484.925245 0.248417 1.624053 -1.137296 0.873208 -0.030306 -0.009234 -0.486317
1473347484.972310 0.254874 1.635656 -1.108364 0.860872 -0.030145 -0.006891 -0.507881
1473347485.019375 0.255110 1.644197 -1.075190 0.846267 -0.038105 -0.002950 -0.531387
1473347485.066441 0.254971 1.686910 -1.058654 0.843902 -0.044465 -0.000897 -0.534651
1473347485.113506 0.247261 1.739443 -1.051069 0.832402 -0.050533 0.009694 -0.551779
1473347485.160571 0.235198 1.794771 -1.054767 0.832573 -0.053786 0.017575 -0.551018
1473347485.207637 0.219225 1.840238 -1.068015 0.837044 -0.051760 0.018314 -0.544374
1473347485.254702 0.210974 1.864861 -1.080255 0.837090 -0.050796 0.022977 -0.544217
1473347485.301768 0.206060 1.866719 -1.090133 0.841809 -0.037251 0.025321 -0.537894
1473347485.348833 0.207846 1.845798 -1.093426 0.839921 -0.018833 0.017886 -0.542087
1473347485.395898 0.220401 1.810527 -1.094069 0.837363 -0.011597 0.010680 -0.546421
1473347485.442964 0.243778 1.769398 -1.097911 0.835996 -0.016682 -0.001586 -0.548479
1473347485.490029 0.276669 1.711086 -1.116492 0.845843 -0.019252 -0.005146 -0.533060
1473347485.537094 0.303721 1.670750 -1.142582 0.856476 -0.015156 -0.012302 -0.515818
1473347485.584160 0.328769 1.622203 -1.177335 0.861851 -0.014393 0.000067 -0.506958
1473347485.631225 0.358357 1.573197 -1.213080 0.870061 -0.011650 0.006248 -0.492766
1473347485.678290 0.386140 1.526247 -1.235093 0.876114 -0.012414 0.016008 -0.481679
1473347485.725356 0.413838 1.482602 -1.247215 0.882080 -0.011733 0.026054 -0.470232
1473347485.772421 0.441557 1.458242 -1.240619 0.885065 -0.026920 0.027521 -0.463872
1473347485.819487 0.466267 1.442975 -1.224411 0.880959 -0.034434 0.043668 -0.469913
1473347485.866552 0.489626 1.441214 -1.186892 0.872742 -0.052433 0.061335 -0.481467
1473347485.913617 0.510089 1.459469 -1.149912 0.865762 -0.076821 0.066245 -0.490068
1473347485.960683 0.519115 1.494756 -1.109442 0.857656 -0.092485 0.082912 -0.498998
1473347486.007748 0.512747 1.531401 -1.077778 0.847325 -0.104923 0.088214 -0.513079
1473347486.054813 0.486588 1.570408 -1.056547 0.837931 -0.110876 0.076680 -0.528866
1473347486.101879 0.450588 1.612444 -1.053363 0.830037 -0.099567 0.065949 -0.544771
1473347486.148944 0.404036 1.646680 -1.066777 0.817670 -0.086481 0.067182 -0.565176
1473347486.196010 0.362937 1.679206 -1.098415 0.821386 -0.080064 0.056279 -0.561913
1473347486.243075 0.320143 1.696383 -1.147408 0.834059 -0.059902 0.056157 -0.545531
1473347486.290140 0.276986 1.695219 -1.199333 0.838691 -0.030111 0.063383 -0.540068
1473347486.337206 0.228492 1.670211 -1.253304 0.851739 0.011090 0.064499 -0.519863
1473347486.384271 0.186483 1.641962 -1.298861 0.864807 0.041140 0.056107 -0.497261
1473347486.431336 0.143956 1.606600 -1.328671 0.880157 0.073375 0.035581 -0.467625
1473347486.478402 0.107128 1.587584 -1.325166 0.883509 0.093084 0.005643 -0.459038
1473347486.525467 0.075518 1.587695 -1.294258 0.885262 0.105389 -0.017205 -0.452668
1473347486.572533 0.062946 1.604816 -1.241115 0.879275 0.100739 -0.034018 -0.464295
1473347486.619598 0.071744 1.631336 -1.172540 0.862558 0.064760 -0.049092 -0.499390
1473347486.666663 0.090519 1.660065 -1.110202 0.844429 0.032719 -0.052528 -0.532081
1473347486.713729 0.128242 1.701973 -1.048381 0.832704 0.009040 -0.045233 -0.551793
1473347486.760794 0.157534 1.731575 -1.015349 0.818769 -0.018814 -0.038397 -0.572529
1473347486.807859 0.195421 1.765311 -1.004310 0.814952 -0.039602 -0.021728 -0.577766
1473347486.854925 0.229087 1.774083 -1.012762 0.815997 -0.054070 -0.010437 -0.575427
1473347486.901990 0.251722 1.752622 -1.032739 0.819681 -0.056424 0.014639 -0.569847
1473347486.949055 0.283301 1.720884 -1.076536 0.834601 -0.053548 0.029518 -0.547451
1473347486.996121 0.312756 1.662292 -1.123541 0.840178 -0.040416 0.037825 -0.539479
1473347487.043186 0.337830 1.594578 -1.164903 0.850165 -0.015802 0.044359 -0.524407
1473347487.090251 0.369088 1.524002 -1.195446 0.862854 -0.010035 0.044278 -0.503410
1473347487.137317 0.403264 1.467507 -1.207381 0.873657 -0.015694 0.033713 -0.485119
1473347487.184382 0.444067 1.472096 -1.208023 0.872612 -0.027113 0.038144 -0.486166
1473347487.231448 0.475114 1.463918 -1.191673 0.866791 -0.042120 0.039453 -0.495321
1473347487.278513 0.491940 1.482448 -1.159805 0.869528 -0.059462 0.041837 -0.488503
1473347487.325578 0.508418 1.522255 -1.142088 0.867841 -0.075448 0.047513 -0.488777
1473347487.372644 0.516833 1.573286 -1.133404 0.844828 -0.089739 0.075653 -0.522005
1473347487.419709 0.513130 1.627150 -1.133052 0.840404 -0.100952 0.085994 -0.525485
1473347487.466774 0.494873 1.678351 -1.143209 0.836731 -0.101453 0.102986 -0.528188
1473347487.513840 0.461972 1.718182 -1.158296 0.837517 -0.104648 0.108697 -0.525166
1473347487.560905 0.410655 1.740923 -1.172256 0.842619 -0.101354 0.096651 -0.519980
1473347487.607971 0.341110 1.743999 -1.180496 0.842408 -0.087000 0.077803 -0.526048
1473347487.655036 0.273184 1.727799 -1.182737 0.843938 -0.059363 0.049476 -0.530845
1473347487.702101 0.205791 1.716442 -1.181007 0.847658 -0.030233 0.007031 -0.529634
1473347487.749167 0.189590 1.705508 -1.170386 0.855678 0.000823 -0.033052 -0.516452
1473347487.796232 0.174689 1.703482 -1.160990 0.855635 0.011916 -0.054519 -0.514563
1473347487.843297 0.193979 1.707875 -1.149952 0.848125 0.009696 -0.054655 -0.526880
1473347487.890363 0.243356 1.718969 -1.143142 0.842097 -0.004929 -0.046259 -0.537315
1473347487.937428 0.307834 1.732159 -1.141673 0.839977 -0.022124 -0.023890 -0.541644
1473347487.984493 0.387029 1.740975 -1.140459 0.830513 -0.050409 0.002709 -0.554707
1473347488.031559 0.461547 1.745546 -1.139005 0.822220 -0.071368 0.052638 -0.562219
1473347488.078624 0.520599 1.744872 -1.136195 0.819569 -0.088990 0.096350 -0.557766
1473347488.125690 0.551984 1.738831 -1.132711 0.815079 -0.101408 0.124732 -0.556600
1473347488.172755 0.547705 1.731203 -1.131321 0.815901 -0.099970 0.128906 -0.554703
1473347488.219820 0.506131 1.722964 -1.132907 0.818695 -0.089515 0.115157 -0.555396
1473347488.266886 0.434876 1.711448 -1.137030 0.823090 -0.060109 0.084344 -0.558387
1473347488.313951 0.358289 1.698119 -1.142348 0.826305 -0.027265 0.048360 -0.560480
1473347488.361016 0.289403 1.687439 -1.147776 0.838083 -0.005323 0.001924 -0.545514
1473347488.408082 0.241252 1.682296 -1.150330 0.856022 0.016286 -0.031267 -0.515737
1473347488.455147 0.222260 1.676348 -1.141848 0.861919 0.037306 -0.039861 -0.504099
1473347488.502213 0.233211 1.671106 -1.114772 0.858968 0.046984 -0.045144 -0.507867
1473347488.549278 0.264387 1.670398 -1.069255 0.849293 0.037917 -0.044304 -0.524691
1473347488.596343 0.299053 1.678267 -1.014181 0.838616 0.014253 -0.058098 -0.541429
1473347488.643409 0.328722 1.694892 -0.953754 0.828641 -0.006989 -0.063075 -0.556172
1473347488.690474 0.346620 1.716424 -0.899190 0.826672 -0.005991 -0.066540 -0.558703
1473347488.737539 0.354857 1.732559 -0.860171 0.811417 0.001591 -0.039385 -0.583138
1473347488.784605 0.365338 1.743034 -0.843077 0.783873 -0.010034 -0.040880 -0.619493
1473347488.831670 0.376840 1.752557 -0.855055 0.776364 -0.023633 -0.046241 -0.628142
1473347488.878735 0.387945 1.759318 -0.896838 0.781573 -0.027331 -0.046058 -0.621510
1473347488.925801 0.399792 1.758587 -0.964615 0.790834 -0.027560 -0.040884 -0.610042
1473347488.972866 0.412282 1.749221 -1.044622 0.801257 -0.023189 -0.024911 -0.597351
1473347489.019932 0.427060 1.729669 -1.127664 0.815666 -0.013778 -0.004117 -0.578344
1473347489.066997 0.345093 1.548147 -1.194954 0.829001 -0.003731 0.020227 -0.558869
1473347489.114062 0.359259 1.508492 -1.240590 0.848324 0.008587 0.029800 -0.528569
1473347489.161128 0.373274 1.481769 -1.271739 0.855711 0.015612 0.029034 -0.516403
1473347489.208193 0.381859 1.460135 -1.266906 0.855907 0.021366 0.024355 -0.516113
1473347489.255258 0.387779 1.462699 -1.248523 0.854431 0.020832 0.009427 -0.519062
1473347489.302324 0.391417 1.491320 -1.223837 0.851243 0.008282 -0.003522 -0.524695
1473347489.349389 0.394282 1.540324 -1.194177 0.855678 -0.000653 -0.008589 -0.517437
1473347489.396454 0.391389 1.600230 -1.171116 0.842758 -0.018384 -0.008301 -0.537915
1473347489.443520 0.384114 1.670350 -1.153248 0.833490 -0.031851 -0.004148 -0.551600
1473347489.490585 0.374913 1.740250 -1.140885 0.833602 -0.042060 0.003756 -0.550750
1473347489.537651 0.365690 1.799006 -1.134263 0.819572 -0.053750 0.012184 -0.570320
1473347489.584716 0.356118 1.844130 -1.136663 0.832284 -0.057612 0.021163 -0.550942
1473347489.631781 0.348279 1.860824 -1.139004 0.833971 -0.058628 0.027397 -0.548001
1473347489.678847 0.340064 1.849853 -1.138420 0.835600 -0.043774 0.030330 -0.546751
1473347489.725912 0.335441 1.812998 -1.134754 0.829682 -0.027453 0.028023 -0.556856
1473347489.772977 0.336286 1.758556 -1.130235 0.830509 -0.016416 0.017467 -0.556489
1473347489.820043 0.340463 1.698454 -1.125408 0.830148 -0.006615 0.008554 -0.557439
1473347489.867108 0.348226 1.629722 -1.117199 0.823528 0.000799 0.005197 -0.567252
1473347489.914173 0.358878 1.566246 -1.107836 0.825971 0.008992 -0.007444 -0.563592
1473347489.961239 0.372243 1.514184 -1.097352 0.827545 0.008808 -0.017135 -0.561068
1473347490.008304 0.385270 1.478495 -1.087608 0.822227 -0.000826 -0.026275 -0.568553
1473347490.055370 0.391284 1.467846 -1.081905 0.820991 -0.003795 -0.028790 -0.570202
1473347490.102435 0.389878 1.484924 -1.081282 0.823617 -0.003881 -0.030000 -0.566339
1473347490.149500 0.383517 1.524368 -1.086203 0.820832 -0.011096 -0.020267 -0.570702
1473347490.196566 0.373135 1.581757 -1.097388 0.824366 -0.019117 -0.015371 -0.565526
1473347490.243631 0.357803 1.649274 -1.113260 0.822606 -0.024034 -0.002864 -0.568096
1473347490.290696 0.340073 1.721679 -1.133133 0.828299 -0.016185 0.017043 -0.559793
1473347490.337762 0.329612 1.783117 -1.151964 0.836139 -0.025120 0.028158 -0.547218
1473347490.384827 0.327833 1.807204 -1.162221 0.844238 -0.033922 0.032168 -0.533926
