1468940957.430741 0.011438 0.046537 -0.033984 0.887131 0.001765 0.002345 -0.461508
1468940958.352049 0.074888 0.048307 -0.047600 0.890451 -0.020040 0.027478 -0.453806
1468940958.720572 0.158385 0.043618 -0.047652 0.889372 -0.045647 0.060270 -0.450890
1468940958.996964 0.230118 0.042327 -0.048060 0.888867 -0.059313 0.091947 -0.444907
1468940959.457618 0.294387 0.039659 -0.052523 0.886452 -0.081278 0.113763 -0.441196
1468940959.918271 0.225854 0.049921 -0.057820 0.892219 -0.070624 0.084151 -0.438037
1468940960.194663 0.141245 0.051793 -0.068016 0.895832 -0.046972 0.068036 -0.436635
1468940960.655317 -0.008609 0.061638 -0.074819 0.900296 0.005336 0.015582 -0.434965
1468940963.142847 0.100636 0.135718 0.054937 0.873325 -0.016405 0.043057 -0.484954
1468940964.709069 0.099781 0.023564 -0.146863 0.894004 -0.003216 0.047917 -0.445478
1468940965.630377 0.086074 0.165311 0.051377 0.869363 0.006464 0.034020 -0.492959
1468940973.092966 -0.033451 0.000624 0.028358 0.884331 0.088574 -0.018161 -0.458021
1468940973.185097 -0.087057 -0.002731 0.020913 0.883206 0.119004 -0.049651 -0.450910
1468940973.231162 -0.097545 -0.003726 0.007592 0.883223 0.129239 -0.074485 -0.444597
1468940973.277227 -0.101533 -0.002334 0.002064 0.882305 0.134901 -0.080527 -0.443683
1468940973.323293 -0.092144 0.000258 -0.002595 0.884708 0.135507 -0.078623 -0.439030
1468940973.369358 -0.069273 0.004167 -0.005022 0.886336 0.130107 -0.069404 -0.438934
1468940973.415424 -0.034446 0.009243 -0.005181 0.888042 0.117249 -0.061520 -0.440283
1468940973.461489 0.010161 0.014689 -0.002797 0.890252 0.099400 -0.048500 -0.441836
1468940973.507554 0.061804 0.019707 0.001420 0.891266 0.078066 -0.030021 -0.445701
1468940973.553620 0.118519 0.033316 0.012848 0.890587 0.054267 -0.009113 -0.451472
1468940973.599685 0.171379 0.035964 0.020166 0.887165 0.031037 0.010237 -0.460293
1468940973.645750 0.213567 0.028755 0.033862 0.886047 0.001507 0.025306 -0.462902
1468940973.691816 0.254092 0.028039 0.039422 0.883409 -0.014547 0.045482 -0.466163
1468940973.737881 0.268642 0.017641 0.052508 0.881162 -0.037798 0.060620 -0.467386
1468940973.783947 0.286593 0.016494 0.053671 0.879225 -0.054301 0.069507 -0.468171
1468940973.830012 0.288527 0.016036 0.052378 0.876097 -0.059386 0.082403 -0.471314
1468940973.876077 0.273730 0.018259 0.047628 0.875633 -0.056965 0.085531 -0.471917
1468940973.922143 0.243776 0.022920 0.039419 0.876716 -0.044162 0.080109 -0.472231
1468940973.968208 0.201596 0.028146 0.029854 0.876736 -0.024425 0.072911 -0.474785
1468940974.014273 0.146802 0.026004 0.021941 0.876056 0.004173 0.057898 -0.478703
1468940974.060339 0.092713 0.027697 0.013005 0.875743 0.029740 0.040927 -0.480120
1468940974.106404 0.039237 0.022602 0.007741 0.875321 0.057635 0.015265 -0.479853
1468940974.152469 -0.005586 0.022166 0.001836 0.876032 0.076911 -0.004047 -0.476064
1468940974.198535 -0.041291 0.018946 -0.003592 0.875241 0.093757 -0.023909 -0.473911
1468940974.244600 -0.063187 0.022076 -0.007023 0.879568 0.102638 -0.043559 -0.462523
1468940974.290666 -0.069952 0.026468 -0.008523 0.883943 0.102888 -0.056390 -0.452636
1468940974.336731 -0.061160 0.030583 -0.007997 0.884834 0.098087 -0.060905 -0.451374
1468940974.382796 -0.038205 0.033962 -0.006235 0.885551 0.089046 -0.054947 -0.452604
1468940974.428862 -0.003095 0.037250 -0.004319 0.889541 0.073036 -0.051386 -0.448042
1468940974.474927 0.041347 0.040270 -0.000463 0.889194 0.054638 -0.045831 -0.451937
1468940974.520992 0.091501 0.042871 0.004079 0.884931 0.037255 -0.027382 -0.463422
1468940974.567058 0.138221 0.046289 0.010395 0.885748 0.016204 -0.011029 -0.463753
1468940974.613123 0.185953 0.047354 0.015084 0.883326 -0.000995 0.002916 -0.468748
1468940974.659188 0.221685 0.049847 0.022391 0.880799 -0.026238 0.023609 -0.472173
1468940974.705254 0.249474 0.047448 0.024329 0.878573 -0.038681 0.043735 -0.474026
1468940974.751319 0.266195 0.045323 0.026375 0.878672 -0.047300 0.058114 -0.471508
1468940974.797385 0.264131 0.041004 0.027621 0.876153 -0.054021 0.058334 -0.475431
1468940974.843450 0.247125 0.038100 0.028103 0.875355 -0.051099 0.049898 -0.478177
1468940974.889515 0.216624 0.036794 0.026412 0.874349 -0.032546 0.047102 -0.481908
1468940974.935581 0.171113 0.033058 0.023571 0.872367 -0.003093 0.048111 -0.486469
1468940974.981646 0.123158 0.031252 0.017457 0.870115 0.023798 0.044669 -0.490244
1468940975.027711 0.071708 0.026907 0.009998 0.869565 0.057747 0.025268 -0.489779
1468940975.073777 0.023070 0.022107 0.001647 0.869452 0.088950 0.009761 -0.485845
1468940975.119842 -0.021778 0.013739 -0.005172 0.870014 0.110323 -0.017029 -0.480223
1468940975.165908 -0.050012 0.010091 -0.009170 0.872148 0.126176 -0.042457 -0.470782
1468940975.211973 -0.067375 0.002587 -0.007845 0.873891 0.129895 -0.064069 -0.464045
1468940975.258038 -0.066687 0.001303 -0.001611 0.873257 0.129341 -0.078268 -0.463215
1468940975.304104 -0.053487 0.001848 0.007198 0.873144 0.128059 -0.083161 -0.462931
1468940975.350169 -0.028686 0.004119 0.016905 0.872497 0.123488 -0.082240 -0.465550
1468940975.396234 0.007865 0.008837 0.026460 0.873172 0.114297 -0.061326 -0.469836
1468940975.442300 0.052614 0.013685 0.036836 0.869535 0.104796 -0.047026 -0.480329
1468940975.488365 0.095381 0.023034 0.045975 0.867982 0.084453 -0.042331 -0.487528
1468940975.534430 0.144559 0.026801 0.052926 0.867548 0.071935 -0.022755 -0.491597
1468940975.580496 0.190065 0.031888 0.055368 0.869172 0.051173 -0.001474 -0.491852
1468940975.626561 0.233243 0.032375 0.056529 0.870598 0.021629 0.021346 -0.491055
1468940975.672627 0.261958 0.032287 0.057805 0.871289 -0.004583 0.038031 -0.489273
1468940975.718692 0.281155 0.028942 0.056654 0.870319 -0.025861 0.053535 -0.488886
1468940975.764757 0.284627 0.025259 0.054608 0.869803 -0.039398 0.062280 -0.487865
1468940975.810823 0.271270 0.023312 0.051005 0.868859 -0.043171 0.062723 -0.489170
1468940975.856888 0.242024 0.023127 0.045929 0.870705 -0.035601 0.060670 -0.486749
1468940975.902953 0.198890 0.023239 0.040591 0.871431 -0.014514 0.055618 -0.487139
1468940975.949019 0.146337 0.022325 0.035737 0.870417 0.013730 0.047334 -0.489841
1468940975.995084 0.089710 0.020119 0.031504 0.869337 0.043358 0.031549 -0.491303
1468940976.041149 0.048420 0.014141 0.028113 0.864334 0.071247 0.008328 -0.497776
1468940976.087215 0.001433 0.009545 0.026729 0.860759 0.094978 -0.007527 -0.500016
1468940976.133280 -0.031794 0.004742 0.028822 0.858006 0.111933 -0.025942 -0.500624
1468940976.179346 -0.058182 0.004446 0.028340 0.857276 0.122673 -0.054783 -0.497019
1468940976.225411 -0.072185 0.005975 0.028497 0.860144 0.124513 -0.056928 -0.491333
1468940976.271476 -0.074622 0.007987 0.028109 0.862105 0.123259 -0.052381 -0.488711
1468940976.317542 -0.065522 0.009497 0.029170 0.866169 0.113931 -0.055927 -0.483367
1468940976.363607 -0.045967 0.009917 0.031500 0.869715 0.103320 -0.056512 -0.479298
1468940976.409672 -0.017003 0.010228 0.034292 0.873348 0.092529 -0.042789 -0.476310
1468940976.455738 0.020751 0.010890 0.037649 0.876742 0.075906 -0.034247 -0.473697
1468940976.501803 0.056271 0.013304 0.038871 0.882907 0.050738 -0.034853 -0.465496
1468940976.547869 0.099106 0.012885 0.043275 0.884268 0.032838 -0.021963 -0.465306
1468940976.593934 0.135875 0.011260 0.046937 0.882679 0.022215 -0.019136 -0.469062
1468940976.639999 0.164033 0.009246 0.048281 0.883490 0.007338 -0.018797 -0.468014
1468940976.686065 0.161699 0.000672 0.046575 0.882118 0.005229 -0.006400 -0.470957
1468940976.732130 0.168561 -0.003899 0.043295 0.881627 0.005223 0.003173 -0.471907
1468940976.778195 0.168532 -0.008018 0.036077 0.884068 0.006664 0.006294 -0.467268
1468940976.824261 0.163583 -0.010847 0.026430 0.888081 0.010607 0.007554 -0.459502
1468940976.870326 0.156288 -0.012643 0.018252 0.891304 0.014220 0.013553 -0.452981
1468940976.916392 0.148064 -0.013139 0.016596 0.892070 0.018750 0.018696 -0.451120
1468940976.962457 0.139908 -0.010626 0.027277 0.894054 0.026154 0.014761 -0.446952
1468940977.008522 0.133892 -0.005559 0.055586 0.887038 0.034277 0.012186 -0.460262
1468940977.054588 0.130091 0.000400 0.101156 0.874396 0.041464 -0.002228 -0.483433
1468940977.100653 0.128632 0.006703 0.157727 0.861794 0.048847 -0.006846 -0.504855
1468940977.146718 0.136737 0.012887 0.207240 0.849037 0.054269 -0.007554 -0.525485
1468940977.192784 0.139734 0.017842 0.265173 0.833383 0.053799 -0.016065 -0.549837
1468940977.238849 0.149121 0.028817 0.304764 0.817973 0.051017 -0.012259 -0.572858
1468940977.284914 0.152565 0.032376 0.337366 0.809808 0.055797 -0.007518 -0.583987
1468940977.330980 0.155115 0.035044 0.350900 0.805457 0.058443 -0.010716 -0.589668
1468940977.377045 0.157865 0.037588 0.338426 0.803712 0.058689 -0.009125 -0.592047
1468940977.423110 0.160691 0.039235 0.299250 0.811980 0.055861 -0.016255 -0.580779
1468940977.469176 0.163232 0.040145 0.233540 0.828841 0.048939 -0.024415 -0.556804
1468940977.515241 0.159521 0.043597 0.136443 0.845251 0.045012 -0.021060 -0.532053
1468940977.561307 0.159236 0.035007 0.043296 0.855407 0.050569 -0.019298 -0.515120
1468940977.607372 0.161779 0.020972 -0.047172 0.877769 0.052472 -0.009284 -0.476112
1468940977.653437 0.163403 0.005351 -0.121766 0.902378 0.040924 -0.002878 -0.428989
1468940977.699503 0.161271 -0.010559 -0.161736 0.920381 0.029029 -0.011715 -0.389769
1468940977.745568 0.156584 -0.015687 -0.180735 0.931478 0.028679 -0.015026 -0.362354
1468940977.791633 0.150278 -0.008347 -0.163889 0.932204 0.037478 -0.016434 -0.359612
1468940977.837699 0.146219 0.010374 -0.115502 0.925171 0.039034 -0.023543 -0.376804
1468940977.883764 0.140000 0.032249 -0.041256 0.913527 0.042511 -0.040323 -0.402535
1468940977.929830 0.136486 0.051528 0.039328 0.897003 0.048672 -0.038986 -0.437604
1468940977.975895 0.130272 0.068841 0.111978 0.875786 0.062215 -0.040772 -0.476934
1468940978.021960 0.125695 0.076115 0.182152 0.864480 0.070352 -0.043810 -0.495788
1468940978.068026 0.120413 0.083049 0.224917 0.849172 0.072343 -0.040004 -0.521607
1468940978.114091 0.115965 0.083718 0.257603 0.829723 0.079478 -0.039608 -0.551067
1468940978.160156 0.112221 0.083409 0.256214 0.821014 0.079705 -0.035728 -0.564187
1468940978.206222 0.109070 0.080337 0.241255 0.823165 0.079846 -0.029275 -0.561397
1468940978.252287 0.107530 0.077405 0.201489 0.829648 0.075858 -0.028173 -0.552391
1468940978.298352 0.107074 0.072909 0.138523 0.841547 0.073687 -0.027092 -0.534449
1468940978.344418 0.118217 0.068624 0.041491 0.858738 0.068588 -0.024209 -0.507227
1468940978.390483 0.122543 0.051169 -0.046781 0.878293 0.061919 -0.012511 -0.473932
1468940978.436549 0.127000 0.021277 -0.119195 0.901224 0.052156 -0.002452 -0.430196
1468940978.482614 0.129924 -0.004171 -0.190195 0.923013 0.041710 -0.000210 -0.382501
1468940978.528679 0.128814 -0.026555 -0.222717 0.935532 0.040593 0.010482 -0.350746
1468940978.574745 0.128068 -0.034322 -0.229262 0.940357 0.036622 0.011081 -0.338030
1468940978.620810 0.126851 -0.026462 -0.201245 0.936549 0.031074 0.000572 -0.349157
1468940978.666875 0.126165 -0.007090 -0.145548 0.923689 0.028057 -0.007264 -0.382045
1468940978.712941 0.125101 0.026913 -0.066520 0.908771 0.031702 -0.016944 -0.415744
1468940978.759006 0.124737 0.048530 0.016587 0.892743 0.034142 -0.019757 -0.448837
1468940978.805071 0.122396 0.068564 0.097308 0.871201 0.037699 -0.027063 -0.488728
1468940978.851137 0.122485 0.080121 0.174892 0.853216 0.037351 -0.029505 -0.519381
1468940978.897202 0.123082 0.092400 0.225622 0.832415 0.034936 -0.031042 -0.552178
1468940978.943268 0.122558 0.094767 0.268101 0.811427 0.034008 -0.034550 -0.582439
1468940978.989333 0.121993 0.095524 0.274489 0.796255 0.032496 -0.032756 -0.603199
1468940979.035398 0.121274 0.093267 0.268706 0.796110 0.032769 -0.025338 -0.603733
1468940979.081464 0.121058 0.091111 0.236923 0.803008 0.031171 -0.022062 -0.594744
1468940979.127529 0.121425 0.088981 0.179695 0.817998 0.029763 -0.017969 -0.574170
1468940979.173594 0.130465 0.086277 0.084027 0.840097 0.025260 -0.018272 -0.541539
1468940979.219660 0.133763 0.072917 -0.008039 0.862843 0.017941 -0.015124 -0.504926
1468940979.265725 0.141065 0.037462 -0.098494 0.887523 0.015533 -0.004648 -0.460478
1468940979.311791 0.144810 0.008019 -0.186467 0.914371 0.007651 0.002466 -0.404797
1468940979.357856 0.143765 -0.024113 -0.237981 0.933264 0.000364 0.009816 -0.359056
1468940979.403921 0.145280 -0.042123 -0.267313 0.941186 -0.006289 0.011336 -0.337640
1468940979.449987 0.144425 -0.041235 -0.258344 0.939755 -0.010458 0.008994 -0.341570
1468940979.496052 0.142346 -0.021231 -0.215453 0.927292 -0.009249 0.003376 -0.374209
1468940979.542117 0.143882 0.015899 -0.127715 0.908194 -0.006332 -0.002341 -0.418495
1468940979.588183 0.140238 0.045492 -0.040119 0.884771 0.001511 -0.010834 -0.465897
1468940979.634248 0.133068 0.069752 0.046570 0.860413 0.012292 -0.016759 -0.509173
1468940979.680313 0.126931 0.085621 0.132963 0.844865 0.028148 -0.019116 -0.533897
1468940979.726379 0.120467 0.094154 0.195841 0.832358 0.032956 -0.023306 -0.552766
1468940979.772444 0.117195 0.098198 0.248229 0.813118 0.031437 -0.028628 -0.580544
1468940979.818510 0.113354 0.098344 0.267437 0.804518 0.031341 -0.021946 -0.592695
1468940979.864575 0.112656 0.098614 0.273547 0.801110 0.028989 -0.021177 -0.597439
1468940979.910640 0.113196 0.098670 0.256189 0.804226 0.025193 -0.021716 -0.593393
1468940979.956706 0.113327 0.098490 0.214399 0.815924 0.023720 -0.019999 -0.577326
1468940980.002771 0.118152 0.105350 0.127906 0.832512 0.024101 -0.016716 -0.553230
1468940980.048836 0.119728 0.096587 0.050130 0.848425 0.020811 -0.010871 -0.528794
1468940980.094902 0.122855 0.067280 -0.025496 0.869813 0.013750 -0.000401 -0.493190
1468940980.140967 0.126570 0.039482 -0.100360 0.890624 0.006003 0.007612 -0.454638
1468940980.187032 0.131285 0.003040 -0.145517 0.908503 -0.002431 0.015613 -0.417579
1468940980.233098 0.135717 -0.018381 -0.170924 0.915165 -0.012142 0.013422 -0.402673
1468940980.279163 0.139258 -0.027089 -0.178333 0.916364 -0.019790 0.003415 -0.399842
1468940980.325229 0.140466 -0.022389 -0.174406 0.915660 -0.019221 0.004587 -0.401467
1468940980.371294 0.140368 -0.007097 -0.164503 0.911009 -0.016463 0.001593 -0.412056
1468940980.417359 0.139194 0.014192 -0.150314 0.907586 -0.016200 -0.001434 -0.419552
1468940980.463425 0.136433 0.038736 -0.136965 0.905720 -0.012242 -0.008145 -0.423622
1468940980.509490 0.133723 0.063720 -0.125805 0.905710 -0.007821 -0.004908 -0.423798
1468940980.555555 0.131783 0.087180 -0.118478 0.902631 -0.004815 -0.010352 -0.430264
1468940980.601621 0.130664 0.107967 -0.114728 0.903195 -0.004807 -0.014416 -0.428962
1468940980.647686 0.129878 0.125915 -0.113443 0.902367 0.000980 -0.008455 -0.430883
1468940980.693752 0.129719 0.141286 -0.113840 0.901850 0.002934 -0.012216 -0.431866
1468940980.739817 0.138376 0.126852 -0.116069 0.900811 0.001455 -0.020956 -0.433703
1468940980.785882 0.139794 0.126538 -0.111319 0.902650 0.002995 -0.020958 -0.429854
1468940980.831948 0.141368 0.115444 -0.097393 0.900877 0.009171 -0.015802 -0.433690
1468940980.878013 0.144493 0.093224 -0.073181 0.897236 0.019476 -0.013416 -0.440917
1468940980.924078 0.151193 0.059255 -0.038795 0.893341 0.025321 -0.011699 -0.448514
1468940980.970144 0.160401 0.013356 0.004913 0.889575 0.024799 -0.025040 -0.455428
1468940981.016209 0.160513 -0.028366 0.052084 0.886503 0.030243 -0.044459 -0.459587
1468940981.062274 0.168278 -0.087287 0.099325 0.882609 0.034906 -0.042407 -0.466888
1468940981.108340 0.176482 -0.150819 0.147829 0.874261 0.035879 -0.030288 -0.483180
1468940981.154405 0.185084 -0.210908 0.191817 0.863673 0.026578 -0.023991 -0.502779
1468940981.200471 0.197082 -0.246537 0.219319 0.849867 0.010618 -0.012758 -0.526736
1468940981.246536 0.204027 -0.280951 0.239164 0.832664 0.002586 0.033983 -0.552729
1468940981.292601 0.203917 -0.286932 0.240904 0.825003 -0.006971 0.062842 -0.561581
1468940981.338667 0.205684 -0.293892 0.239874 0.828977 -0.015616 0.066557 -0.555088
1468940981.384732 0.206796 -0.284788 0.228879 0.835485 -0.020985 0.056130 -0.546235
1468940981.430797 0.206363 -0.259416 0.208683 0.846881 -0.020439 0.048026 -0.529215
1468940981.476863 0.207880 -0.213891 0.174853 0.857605 -0.016659 0.041877 -0.512331
1468940981.522928 0.205383 -0.160949 0.140834 0.863763 -0.015645 0.031786 -0.502650
1468940981.568993 0.201815 -0.096097 0.100120 0.873719 -0.010215 0.014987 -0.486092
1468940981.615059 0.197605 -0.027211 0.053791 0.879616 -0.012380 -0.000829 -0.475522
1468940981.661124 0.194362 0.024186 0.009259 0.881629 -0.007841 0.015766 -0.471615
1468940981.707190 0.189736 0.088826 -0.039852 0.873047 -0.007404 0.012077 -0.487430
1468940981.753255 0.180750 0.139864 -0.076674 0.879238 0.004663 0.033302 -0.475194
1468940981.799320 0.170855 0.178290 -0.105041 0.879648 0.011141 0.028805 -0.474622
1468940981.845386 0.161440 0.200944 -0.118697 0.882541 0.018039 0.026360 -0.469149
1468940981.891451 0.153783 0.205652 -0.111760 0.891592 0.017305 0.020141 -0.452059
1468940981.937516 0.152792 0.165775 -0.083964 0.886824 0.011358 -0.005566 -0.461934
1468940981.983582 0.150429 0.134103 -0.044385 0.878995 0.017132 -0.023071 -0.475965
1468940982.029647 0.151730 0.088130 0.002633 0.877696 0.029111 -0.022762 -0.477790
1468940982.075713 0.159934 0.031406 0.054193 0.875964 0.027964 -0.044380 -0.479515
1468940982.121778 0.165286 -0.038943 0.106213 0.873242 0.033724 -0.072773 -0.480640
1468940982.167843 0.175823 -0.098589 0.148736 0.871122 0.040377 -0.069041 -0.484510
1468940982.213909 0.186999 -0.153504 0.184718 0.861535 0.042256 -0.059750 -0.502395
1468940982.259974 0.196933 -0.200551 0.213064 0.848311 0.040151 -0.046455 -0.525927
1468940982.306039 0.199593 -0.220828 0.224009 0.839226 0.033237 -0.014826 -0.542564
1468940982.352105 0.204552 -0.246977 0.235767 0.835719 0.022444 0.002988 -0.548690
1468940982.398170 0.207008 -0.260008 0.238822 0.837780 0.015525 0.013878 -0.545610
1468940982.444235 0.207847 -0.257765 0.232938 0.841200 0.008884 0.018611 -0.540331
1468940982.490301 0.207386 -0.239857 0.217542 0.848003 0.004047 0.015746 -0.529741
1468940982.536366 0.205797 -0.207572 0.192531 0.858726 0.001852 0.015745 -0.512190
1468940982.582432 0.198965 -0.144873 0.152252 0.870148 -0.000427 0.008992 -0.492708
1468940982.628497 0.197007 -0.091735 0.110391 0.879558 -0.003965 0.001653 -0.475772
1468940982.674562 0.194693 -0.031920 0.061245 0.888005 -0.002939 0.013564 -0.459625
1468940982.720628 0.191100 0.028152 0.009894 0.890578 0.000626 0.022763 -0.454260
1468940982.766693 0.188329 0.078571 -0.042732 0.893767 0.011699 0.045505 -0.446064
1468940982.812758 0.183656 0.128266 -0.091720 0.893363 0.015015 0.057189 -0.445429
1468940982.858824 0.177901 0.168687 -0.134933 0.897298 0.016016 0.051194 -0.438154
1468940982.904889 0.169857 0.194722 -0.165500 0.902988 0.016234 0.045400 -0.426951
1468940982.950955 0.170523 0.186799 -0.175554 0.908673 0.010132 0.030101 -0.416300
1468940982.997020 0.162702 0.183510 -0.171312 0.912160 0.006237 0.018795 -0.409357
1468940983.043085 0.154881 0.166192 -0.149697 0.913193 0.007917 -0.001531 -0.407448
1468940983.089151 0.150118 0.135470 -0.115476 0.912360 0.020077 -0.009084 -0.408795
1468940983.135216 0.149172 0.088290 -0.068943 0.912679 0.033156 -0.021744 -0.406750
1468940983.181281 0.152166 0.036848 -0.022801 0.914353 0.041241 -0.030025 -0.401691
1468940983.227347 0.157399 -0.020231 0.024437 0.911432 0.049260 -0.045650 -0.405932
1468940983.273412 0.164470 -0.076170 0.068116 0.907689 0.055297 -0.052305 -0.412682
1468940983.319477 0.164953 -0.114423 0.106118 0.902257 0.060414 -0.053009 -0.423642
1468940983.365543 0.172817 -0.157815 0.139915 0.894623 0.059776 -0.053473 -0.439565
1468940983.411608 0.180188 -0.195231 0.167623 0.886247 0.054656 -0.046170 -0.457654
1468940983.457674 0.185387 -0.224678 0.186900 0.883321 0.050610 -0.032425 -0.464900
1468940983.503739 0.181485 -0.222071 0.194327 0.879570 0.045285 -0.019825 -0.473195
1468940983.549804 0.181700 -0.234979 0.196431 0.873865 0.044891 -0.007784 -0.484029
1468940983.595870 0.180849 -0.232185 0.187604 0.876253 0.044947 -0.012477 -0.479588
1468940983.641935 0.179014 -0.216833 0.168576 0.882860 0.044649 -0.010636 -0.467388
1468940983.688000 0.176294 -0.190162 0.139766 0.888384 0.047903 -0.012616 -0.456422
1468940983.734066 0.173940 -0.153228 0.102891 0.897137 0.043796 -0.013380 -0.439373
1468940983.780131 0.174418 -0.105719 0.068133 0.898801 0.043790 -0.005426 -0.436131
1468940983.826196 0.173733 -0.056238 0.023653 0.897312 0.039237 -0.001777 -0.439647
1468940983.872262 0.171857 -0.002575 -0.021928 0.895909 0.043549 0.015332 -0.441831
1468940983.918327 0.169013 0.050986 -0.066915 0.894738 0.039855 0.016688 -0.444496
1468940983.964393 0.165106 0.101528 -0.107924 0.895237 0.037237 0.015713 -0.443753
1468940984.010458 0.159123 0.144568 -0.141497 0.894130 0.040655 0.026332 -0.445180
1468940984.056523 0.163454 0.171420 -0.155963 0.896756 0.032911 0.011237 -0.441157
1468940984.102589 0.156863 0.192296 -0.170715 0.900125 0.029627 0.004104 -0.434603
1468940984.148654 0.150032 0.199730 -0.173198 0.903779 0.029773 0.000770 -0.426962
1468940984.194719 0.143466 0.192040 -0.159318 0.903698 0.032181 -0.002958 -0.426948
1468940984.240785 0.138749 0.170471 -0.133502 0.901041 0.038055 -0.017460 -0.431709
1468940984.286850 0.137450 0.137515 -0.101552 0.903804 0.047306 -0.034684 -0.423906
1468940984.332916 0.143287 0.093261 -0.059143 0.908268 0.056887 -0.045500 -0.411998
1468940984.378981 0.147967 0.044573 -0.018593 0.903560 0.062792 -0.044004 -0.421545
1468940984.425046 0.153633 -0.008711 0.021935 0.897557 0.070448 -0.047033 -0.432686
1468940984.471112 0.160920 -0.061379 0.059417 0.897524 0.067389 -0.056177 -0.432149
1468940984.517177 0.168867 -0.110402 0.092059 0.894514 0.063330 -0.064231 -0.437846
1468940984.563242 0.176445 -0.153686 0.120022 0.887727 0.055846 -0.063263 -0.452571
1468940984.609308 0.172897 -0.163037 0.143173 0.878506 0.049049 -0.052448 -0.472304
1468940984.655373 0.175497 -0.191161 0.159435 0.874250 0.043173 -0.042533 -0.481678
1468940984.701439 0.176177 -0.211127 0.169420 0.871753 0.039557 -0.032331 -0.487275
1468940984.747504 0.175296 -0.221306 0.172561 0.870713 0.040318 -0.027223 -0.489380
1468940984.793569 0.174193 -0.220455 0.168243 0.872383 0.040815 -0.021856 -0.486626
1468940984.839635 0.173563 -0.206643 0.155371 0.873386 0.038486 -0.024903 -0.484867
1468940984.885700 0.172714 -0.179592 0.131940 0.877199 0.040315 -0.016901 -0.478134
1468940984.931765 0.172725 -0.139447 0.098722 0.880991 0.043506 -0.003238 -0.471117
1468940984.977831 0.172209 -0.089988 0.054501 0.883656 0.058058 0.001616 -0.464520
1468940985.023896 0.173998 -0.034732 0.005983 0.890590 0.051922 0.011061 -0.451698
1468940985.069961 0.169271 0.020651 -0.034068 0.891473 0.046288 0.012197 -0.450539
1468940985.116027 0.171562 0.075282 -0.086458 0.895655 0.038390 0.012027 -0.442926
1468940985.162092 0.172495 0.126097 -0.139742 0.901302 0.032818 0.026014 -0.431162
1468940985.208157 0.170986 0.166606 -0.185383 0.898223 0.034380 0.038719 -0.436479
1468940985.254223 0.170982 0.183403 -0.213079 0.899843 0.032169 0.032675 -0.433798
1468940985.300288 0.164145 0.198137 -0.233026 0.902487 0.032669 0.031312 -0.428334
1468940985.346354 0.156840 0.201353 -0.238687 0.903527 0.033334 0.023638 -0.426578
1468940985.392419 0.150119 0.193053 -0.230189 0.903440 0.035748 0.017848 -0.426849
1468940985.438484 0.143635 0.173270 -0.209082 0.902207 0.042328 0.009848 -0.429109
1468940985.484550 0.139066 0.141866 -0.177991 0.898835 0.047814 0.003376 -0.435659
1468940985.530615 0.135440 0.092048 -0.134452 0.896055 0.055235 -0.000691 -0.440494
1468940985.576680 0.135096 0.044964 -0.096824 0.897206 0.057414 -0.006272 -0.437819
1468940985.622746 0.135893 -0.005064 -0.059670 0.897748 0.058834 -0.020060 -0.436102
1468940985.668811 0.137722 -0.050679 -0.029526 0.896558 0.060087 -0.035975 -0.437354
1468940985.714876 0.139656 -0.086736 -0.008058 0.898666 0.063301 -0.038029 -0.432372
1468940985.760942 0.143687 -0.110281 0.005262 0.898491 0.063666 -0.036219 -0.432838
1468940985.807007 0.149651 -0.121424 0.011576 0.895657 0.057368 -0.037575 -0.439427
1468940985.853073 0.158187 -0.121687 0.010973 0.893694 0.046658 -0.029364 -0.445277
1468940985.899138 0.167903 -0.114566 0.004725 0.895118 0.029515 -0.019780 -0.444411
1468940985.945203 0.175122 -0.102794 -0.006053 0.893483 0.009516 -0.009755 -0.448891
1468940985.991269 0.174169 -0.088127 -0.021879 0.894438 -0.002729 -0.000148 -0.447184
1468940986.037334 0.160398 -0.073250 -0.037331 0.898842 -0.003826 0.008572 -0.438172
1468940986.083399 0.132616 -0.060586 -0.048952 0.898350 0.010166 0.002669 -0.439155
1468940986.129465 0.094929 -0.050843 -0.055900 0.899420 0.033577 -0.013792 -0.435576
1468940986.175530 0.047966 -0.042380 -0.038143 0.899506 0.059076 -0.037386 -0.431278
1468940986.221596 0.011231 -0.038175 -0.021715 0.892830 0.084553 -0.053114 -0.439187
1468940986.267661 -0.019397 -0.034215 0.007187 0.882098 0.113762 -0.070802 -0.451606
1468940986.313726 -0.040960 -0.027436 0.047551 0.870208 0.132288 -0.088681 -0.466233
1468940986.359792 -0.054649 -0.018565 0.091446 0.853265 0.145738 -0.093753 -0.491844
1468940986.405857 -0.050569 -0.004681 0.136428 0.836933 0.146164 -0.092399 -0.519270
1468940986.451922 -0.034160 0.009878 0.176577 0.823859 0.136698 -0.081599 -0.543977
1468940986.497988 -0.008150 0.025164 0.212283 0.814070 0.119571 -0.070983 -0.563875
1468940986.544053 0.033684 0.046471 0.235618 0.807829 0.088883 -0.052271 -0.580327
1468940986.590119 0.070871 0.060052 0.250988 0.803671 0.055739 -0.038842 -0.591183
1468940986.636184 0.103110 0.070707 0.248263 0.801924 0.027396 -0.039100 -0.595516
1468940986.682249 0.128424 0.076996 0.231012 0.800846 0.007607 -0.050221 -0.596713
1468940986.728315 0.144241 0.079766 0.195672 0.810222 0.004297 -0.042022 -0.584599
1468940986.774380 0.154371 0.079722 0.145217 0.820725 0.006065 -0.040697 -0.569839
1468940986.820445 0.159357 0.069737 0.089673 0.833136 0.007103 -0.043498 -0.551309
1468940986.866511 0.170471 0.063440 0.023859 0.846812 0.002398 -0.048210 -0.529698
1468940986.912576 0.186928 0.053849 -0.040370 0.865049 -0.001198 -0.043673 -0.499781
1468940986.958641 0.208275 0.038764 -0.104102 0.882427 -0.009161 -0.037018 -0.468902
1468940987.004707 0.239971 0.014852 -0.157079 0.900493 -0.025043 -0.026396 -0.433346
1468940987.050772 0.277305 -0.004310 -0.201882 0.916168 -0.046541 -0.014018 -0.397837
1468940987.096837 0.322526 -0.023058 -0.229624 0.927802 -0.071034 0.001659 -0.366243
1468940987.142903 0.369909 -0.035953 -0.238481 0.931019 -0.096118 0.024031 -0.351266
1468940987.188968 0.416105 -0.033112 -0.220134 0.927698 -0.121439 0.045819 -0.350043
1468940987.235034 0.461433 -0.029730 -0.188703 0.917122 -0.143732 0.069095 -0.365315
1468940987.281099 0.502637 -0.019836 -0.138987 0.901146 -0.159093 0.093394 -0.392304
1468940987.327164 0.531354 -0.005121 -0.078876 0.880712 -0.164342 0.112993 -0.429616
1468940987.373230 0.545757 0.007601 -0.016481 0.861003 -0.156770 0.131422 -0.465645
1468940987.419295 0.547379 0.034173 0.049863 0.844490 -0.135933 0.142469 -0.498058
1468940987.465360 0.540369 0.055154 0.101222 0.833934 -0.112512 0.149018 -0.519316
1468940987.511426 0.520873 0.082711 0.138038 0.823117 -0.086465 0.148820 -0.541160
1468940987.557491 0.494633 0.098308 0.150183 0.813476 -0.057997 0.147210 -0.559662
1468940987.603557 0.469846 0.115977 0.137296 0.814531 -0.047786 0.146015 -0.559406
1468940987.649622 0.444057 0.129869 0.099175 0.827061 -0.046770 0.136196 -0.543354
1468940987.695687 0.415640 0.137928 0.041073 0.842897 -0.044147 0.126056 -0.521234
1468940987.741753 0.367395 0.103927 -0.035936 0.861672 -0.040992 0.117973 -0.491858
1468940987.787818 0.343030 0.111195 -0.102391 0.882969 -0.043035 0.096842 -0.457312
1468940987.833883 0.270885 0.090370 -0.160702 0.903003 -0.037887 0.084285 -0.419578
1468940987.879949 0.226291 0.096240 -0.189710 0.916240 -0.036788 0.057048 -0.394837
1468940987.926014 0.167409 0.114560 -0.187940 0.922598 -0.023687 0.035570 -0.383388
1468940987.972079 0.116961 0.132710 -0.160267 0.916720 0.000170 0.025820 -0.398694
1468940988.018145 0.067678 0.133356 -0.111902 0.903443 0.019555 0.012555 -0.428077
1468940988.064210 0.024970 0.155150 -0.046534 0.883579 0.036080 0.001762 -0.466888
1468940988.110276 -0.005888 0.201769 0.033077 0.857514 0.055046 -0.002437 -0.511502
1468940988.156341 -0.042951 0.221634 0.101547 0.834697 0.075092 -0.006471 -0.545528
1468940988.202406 -0.103785 0.218443 0.161563 0.817866 0.090009 -0.015986 -0.568100
1468940988.248472 -0.139011 0.218764 0.203105 0.802564 0.102397 -0.033117 -0.586779
1468940988.294537 -0.186619 0.206049 0.226677 0.796739 0.113815 -0.046553 -0.591681
1468940988.340602 -0.217164 0.201426 0.229971 0.795068 0.123119 -0.059546 -0.590901
1468940988.386668 -0.242735 0.196109 0.213575 0.797357 0.131746 -0.078468 -0.583702
1468940988.432733 -0.260372 0.191323 0.178242 0.810109 0.138315 -0.086641 -0.563103
1468940988.478798 -0.286323 0.141376 0.122693 0.822859 0.139113 -0.084301 -0.544467
1468940988.524864 -0.278038 0.144588 0.064748 0.838923 0.131233 -0.087817 -0.520839
1468940988.570929 -0.236375 0.141255 -0.006246 0.856962 0.115881 -0.081722 -0.495489
1468940988.616995 -0.210075 0.126639 -0.069179 0.875122 0.098099 -0.075550 -0.467792
1468940988.663060 -0.138113 0.063389 -0.152456 0.894441 0.073000 -0.076920 -0.434431
1468940988.709125 -0.099460 0.014788 -0.186668 0.907694 0.053131 -0.062092 -0.411599
1468940988.755191 -0.044319 -0.007130 -0.220534 0.919438 0.033423 -0.041602 -0.389597
1468940988.801256 0.016267 -0.024038 -0.237102 0.928181 0.001595 -0.025534 -0.371248
1468940988.847321 0.083417 -0.034182 -0.235219 0.930338 -0.041342 -0.008646 -0.364262
1468940988.893387 0.147627 -0.036989 -0.215854 0.924770 -0.077658 0.012655 -0.372303
1468940988.939452 0.208804 -0.033467 -0.178681 0.913945 -0.106310 0.034690 -0.390127
1468940988.985518 0.261298 -0.025301 -0.128432 0.898419 -0.127162 0.048478 -0.417520
1468940989.031583 0.305688 -0.014591 -0.068055 0.882904 -0.139251 0.063127 -0.443964
1468940989.077648 0.336811 -0.004403 -0.008654 0.869563 -0.142903 0.069096 -0.467615
1468940989.123714 0.355240 0.006487 0.048611 0.855565 -0.138928 0.071475 -0.493557
1468940989.169779 0.358852 0.016245 0.093097 0.846273 -0.129588 0.069196 -0.512094
1468940989.215844 0.345544 0.025313 0.130173 0.839313 -0.117865 0.061171 -0.527181
1468940989.261910 0.315197 0.032067 0.156510 0.831011 -0.094193 0.049003 -0.546028
1468940989.307975 0.267774 0.035466 0.173274 0.829928 -0.061931 0.026574 -0.553784
1468940989.354040 0.212103 0.034293 0.180691 0.828990 -0.029522 0.004194 -0.558468
1468940989.400106 0.151020 0.029771 0.181361 0.831409 0.005141 -0.017893 -0.555349
1468940989.446171 0.094572 0.023629 0.178903 0.834873 0.030619 -0.044371 -0.547796
1468940989.492237 0.030242 0.036721 0.175660 0.838231 0.056409 -0.072567 -0.537514
1468940989.538302 -0.011839 0.029928 0.174946 0.837433 0.076895 -0.092242 -0.533184
1468940989.584367 -0.038611 0.023935 0.177663 0.836819 0.096363 -0.107379 -0.528127
1468940989.630433 -0.043593 0.019278 0.188028 0.838469 0.105727 -0.119980 -0.520957
1468940989.676498 -0.027887 0.016255 0.210293 0.838029 0.105464 -0.117112 -0.522370
1468940989.722563 0.003322 0.014401 0.243956 0.834417 0.100584 -0.106961 -0.531217
1468940989.768629 0.043633 0.010936 0.286150 0.832136 0.094268 -0.089004 -0.539205
1468940989.814694 0.091547 0.004622 0.331086 0.820957 0.078783 -0.067417 -0.561496
1468940989.860759 0.155301 0.030531 0.370758 0.805965 0.056472 -0.050644 -0.587083
1468940989.906825 0.212332 0.025437 0.400198 0.800731 0.040740 -0.055601 -0.595045
1468940989.952890 0.271721 0.020121 0.418925 0.798241 0.017107 -0.060918 -0.599005
1468940989.998956 0.328585 0.014539 0.422070 0.789069 -0.001252 -0.019254 -0.614002
1468940990.045021 0.389337 0.048821 0.402691 0.788843 -0.027661 0.017202 -0.613731
1468940990.091086 0.431578 0.061773 0.371745 0.790476 -0.045672 0.022100 -0.610388
1468940990.137152 0.479624 0.059270 0.311870 0.790122 -0.065812 0.029566 -0.608688
1468940990.183217 0.518471 0.053748 0.246434 0.798889 -0.077158 0.047769 -0.594593
1468940990.229282 0.554301 0.043585 0.166822 0.810638 -0.093489 0.056773 -0.575241
1468940990.275348 0.582156 0.026912 0.084683 0.823200 -0.108475 0.062923 -0.553729
1468940990.321413 0.634727 0.081394 -0.074118 0.844075 -0.115263 0.065167 -0.519620
1468940990.367479 0.642774 0.053408 -0.147257 0.863778 -0.135887 0.072943 -0.479689
1468940990.413544 0.640065 0.023436 -0.202556 0.878758 -0.160265 0.073013 -0.443586
1468940990.459609 0.628089 -0.000903 -0.231188 0.889633 -0.168484 0.072756 -0.418179
1468940990.505675 0.610564 -0.018515 -0.234654 0.897606 -0.172205 0.062976 -0.400853
1468940990.551740 0.593716 -0.028343 -0.216235 0.901096 -0.173123 0.040976 -0.395442
1468940990.597805 0.580834 -0.035389 -0.180051 0.902911 -0.172595 0.019771 -0.393156
1468940990.643871 0.574001 -0.045115 -0.128372 0.901851 -0.169883 -0.004408 -0.397223
1468940990.689936 0.558253 -0.078751 -0.060382 0.899460 -0.148610 -0.028750 -0.409951
1468940990.736001 0.559196 -0.102535 0.005750 0.900487 -0.129412 -0.028086 -0.414231
1468940990.782067 0.561888 -0.131065 0.075107 0.898273 -0.116670 -0.003038 -0.423656
1468940990.828132 0.562179 -0.158264 0.137866 0.890806 -0.111037 0.011258 -0.440465
1468940990.874198 0.539582 -0.257300 0.186566 0.880291 -0.119514 0.020475 -0.458677
1468940990.920263 0.530841 -0.266634 0.221627 0.873314 -0.120099 0.043739 -0.470092
1468940990.966328 0.512834 -0.271672 0.235452 0.865270 -0.116784 0.071822 -0.482193
1468940991.012394 0.497484 -0.260234 0.240846 0.859558 -0.115825 0.096002 -0.488393
1468940991.058459 0.479129 -0.237562 0.234022 0.857451 -0.111399 0.100738 -0.492158
1468940991.104524 0.459419 -0.201894 0.216588 0.855782 -0.111093 0.103702 -0.494511
1468940991.150590 0.436752 -0.155043 0.190322 0.856789 -0.097958 0.104446 -0.495386
1468940991.196655 0.413969 -0.099080 0.157956 0.859688 -0.089663 0.091523 -0.494491
1468940991.242720 0.392071 -0.036955 0.123110 0.857652 -0.081053 0.073058 -0.502520
1468940991.288786 0.371154 0.028198 0.087068 0.853590 -0.071458 0.078958 -0.509944
1468940991.334851 0.339537 0.064215 0.025141 0.846714 -0.060109 0.081139 -0.522378
1468940991.380917 0.318740 0.120172 -0.003896 0.842719 -0.054615 0.075596 -0.530214
1468940991.426982 0.297533 0.169239 -0.028285 0.845395 -0.055712 0.057543 -0.528103
1468940991.473047 0.275592 0.207047 -0.046787 0.850694 -0.049253 0.053026 -0.520656
1468940991.519113 0.255928 0.210243 -0.078169 0.855743 -0.040270 0.046267 -0.513752
1468940991.565178 0.233197 0.211118 -0.068497 0.860686 -0.036729 0.034732 -0.506620
1468940991.611243 0.209138 0.193490 -0.042370 0.857304 -0.023587 0.023247 -0.513744
1468940991.657309 0.187675 0.160867 -0.007173 0.852844 -0.005715 0.011941 -0.521998
1468940991.703374 0.159060 0.102875 0.039089 0.854186 0.005683 0.007976 -0.519875
1468940991.749440 0.149644 0.049319 0.084350 0.852010 0.018535 0.003476 -0.523185
1468940991.795505 0.142764 -0.011505 0.126658 0.852249 0.023555 -0.013707 -0.522425
1468940991.841570 0.138515 -0.074220 0.166009 0.851261 0.021790 -0.015554 -0.524060
1468940991.887636 0.135793 -0.131079 0.195654 0.843189 0.022651 -0.007494 -0.537088
1468940991.933701 0.132627 -0.178110 0.216052 0.832713 0.021618 -0.002133 -0.553279
1468940991.979766 0.132436 -0.202802 0.248424 0.830900 0.016940 0.016118 -0.555931
1468940992.025832 0.128097 -0.221033 0.252701 0.826707 0.010320 0.030419 -0.561716
1468940992.071897 0.122226 -0.224073 0.248779 0.823104 -0.002403 0.029498 -0.567118
1468940992.117962 0.113315 -0.209501 0.234973 0.826600 -0.008062 0.030326 -0.561915
1468940992.164028 0.101297 -0.178295 0.213675 0.834194 -0.007653 0.039473 -0.550004
1468940992.210093 0.088329 -0.132566 0.186266 0.835845 -0.004682 0.033464 -0.547924
1468940992.256159 0.075831 -0.074235 0.154149 0.838671 -0.005297 0.026638 -0.543961
1468940992.302224 0.063422 -0.008391 0.117361 0.838753 -0.006992 0.016484 -0.544217
1468940992.348289 0.047927 0.058203 0.080286 0.838049 0.000768 0.032631 -0.544618
1468940992.394355 0.030792 0.122524 0.041849 0.836733 0.009750 0.038299 -0.546183
1468940992.440420 0.102468 0.187103 0.021556 0.844620 0.010265 0.018432 -0.534950
1468940992.486485 0.086949 0.227566 -0.013597 0.850345 0.019625 0.025177 -0.525256
1468940992.532551 0.070715 0.255052 -0.043467 0.857262 0.030711 0.033574 -0.512866
1468940992.578616 0.054366 0.268843 -0.061001 0.863974 0.041264 0.040732 -0.500188
1468940992.624682 0.031130 0.263244 -0.048488 0.870217 0.043687 0.034896 -0.489486
1468940992.670747 0.012320 0.252302 -0.026590 0.868797 0.045244 0.016247 -0.492829
1468940992.716812 -0.004500 0.234026 0.012739 0.865326 0.055175 0.004933 -0.498139
1468940992.762878 -0.013901 0.212207 0.066187 0.864695 0.068820 0.012048 -0.497414
1468940992.808943 -0.023240 0.176305 0.124928 0.861565 0.082763 -0.002516 -0.500848
1468940992.855008 -0.025641 0.147758 0.190948 0.854168 0.086948 -0.021571 -0.512223
1468940992.901074 -0.023793 0.133071 0.261459 0.837151 0.101200 -0.023462 -0.537017
1468940992.947139 -0.026272 0.113622 0.330465 0.821844 0.100904 -0.033496 -0.559705
1468940992.993205 -0.023156 0.120855 0.392896 0.803630 0.097896 -0.051742 -0.584738
1468940993.039270 -0.024239 0.111805 0.436119 0.788815 0.101903 -0.039484 -0.604837
1468940993.085335 -0.026552 0.108473 0.460348 0.780505 0.099932 -0.033592 -0.616196
1468940993.131401 -0.028033 0.107160 0.459303 0.778984 0.092870 -0.043599 -0.618594
1468940993.177466 -0.028948 0.107814 0.431286 0.785386 0.086437 -0.048571 -0.611014
1468940993.223531 -0.030026 0.110770 0.375687 0.794440 0.082096 -0.042697 -0.600252
1468940993.269597 -0.031337 0.114414 0.293291 0.805683 0.081775 -0.032336 -0.585784
1468940993.315662 -0.032219 0.115190 0.187807 0.821991 0.079567 -0.023880 -0.563409
1468940993.361727 -0.017109 0.120958 0.080173 0.844454 0.075726 -0.009487 -0.530163
1468940993.407793 -0.015174 0.103888 -0.032851 0.869498 0.078937 -0.003705 -0.487573
1468940993.453858 -0.021869 0.080729 -0.122064 0.894238 0.068498 -0.008126 -0.442246
1468940993.499923 -0.021251 0.055547 -0.184640 0.909355 0.065044 0.000202 -0.410905
1468940993.545989 -0.037076 0.023200 -0.202497 0.916815 0.062318 0.006816 -0.394359
1468940993.592054 -0.036137 0.022820 -0.187396 0.918221 0.056984 -0.002800 -0.391938
1468940993.638120 -0.036675 0.044972 -0.132635 0.906426 0.055126 -0.012265 -0.418571
1468940993.684185 -0.038882 0.066429 -0.052195 0.882348 0.051752 -0.025880 -0.467026
1468940993.730250 -0.049593 0.079992 0.052874 0.857194 0.052177 -0.039630 -0.510809
1468940993.776316 -0.052881 0.087141 0.156186 0.827052 0.055286 -0.055217 -0.556669
1468940993.822381 -0.051018 0.092765 0.247493 0.796771 0.060266 -0.064657 -0.597782
1468940993.868446 -0.047386 0.090850 0.322355 0.778151 0.067305 -0.072612 -0.620225
1468940993.914512 -0.042789 0.087504 0.375441 0.764459 0.070302 -0.084798 -0.635193
1468940993.960577 -0.033432 0.085488 0.400402 0.752865 0.066736 -0.081994 -0.649629
1468940994.006642 -0.022066 0.087277 0.396487 0.750754 0.061375 -0.075067 -0.653426
1468940994.052708 -0.011200 0.093402 0.361161 0.760189 0.054504 -0.069122 -0.643711
1468940994.098773 0.022889 0.123313 0.286296 0.778021 0.042903 -0.070535 -0.622790
1468940994.144839 0.032127 0.130956 0.191564 0.800011 0.041785 -0.064521 -0.595041
1468940994.190904 0.032769 0.074125 0.063826 0.819802 0.027751 -0.068925 -0.567806
1468940994.236969 0.046498 0.058102 -0.052215 0.856192 0.018869 -0.060718 -0.512730
1468940994.283035 0.054720 0.015593 -0.129073 0.895525 0.003413 -0.047619 -0.442443
1468940994.329100 0.073096 -0.009394 -0.184611 0.916345 -0.001538 -0.040680 -0.398315
1468940994.375165 0.085851 -0.027707 -0.193425 0.922200 -0.001587 -0.036833 -0.384951
1468940994.421231 0.111126 -0.018890 -0.171790 0.920267 -0.009753 -0.039202 -0.389199
1468940994.467296 0.134447 -0.001545 -0.099554 0.906617 -0.017500 -0.034742 -0.420157
1468940994.513362 0.159873 0.023384 -0.013955 0.885112 -0.020538 -0.038324 -0.463343
1468940994.559427 0.172612 0.046412 0.085462 0.857344 -0.011409 -0.032682 -0.513579
1468940994.605492 0.190113 0.056939 0.190110 0.830179 0.002708 -0.025293 -0.556917
1468940994.651558 0.218695 0.065126 0.283143 0.813730 0.014524 -0.027371 -0.580416
1468940994.697623 0.233462 0.062974 0.359770 0.797404 0.024041 -0.029590 -0.602240
1468940994.743688 0.248696 0.059159 0.412156 0.778326 0.031976 -0.035463 -0.626042
1468940994.789754 0.264252 0.057540 0.434480 0.768257 0.037709 -0.025232 -0.638531
1468940994.835819 0.280411 0.060865 0.423509 0.767161 0.042020 -0.026198 -0.639541
1468940994.881884 0.297808 0.069142 0.377570 0.779567 0.039533 -0.031898 -0.624256
1468940994.927950 0.316085 0.078425 0.301644 0.797589 0.036853 -0.040232 -0.600728
1468940994.974015 0.336606 0.083132 0.196651 0.815850 0.025294 -0.040577 -0.576283
1468940995.020081 0.324722 0.087001 0.020294 0.841226 0.016835 -0.029511 -0.539616
1468940995.066146 0.343504 0.068012 -0.102286 0.875470 0.005127 -0.022938 -0.482701
1468940995.112211 0.377137 0.021228 -0.194258 0.910011 -0.014532 -0.033489 -0.412974
1468940995.158277 0.396556 -0.004199 -0.245231 0.928684 -0.040502 -0.043525 -0.366074
1468940995.204342 0.425477 -0.006915 -0.224637 0.932727 -0.059789 -0.057700 -0.350879
1468940995.250407 0.446557 0.001610 -0.187553 0.924716 -0.057366 -0.052267 -0.372664
1468940995.296473 0.468141 0.021879 -0.114733 0.904159 -0.051116 -0.047060 -0.421509
1468940995.342538 0.485731 0.041484 -0.018924 0.877137 -0.036221 -0.040130 -0.477187
1468940995.388603 0.495440 0.057701 0.093245 0.844271 -0.018456 -0.030143 -0.534750
1468940995.434669 0.506631 0.061173 0.192209 0.815565 -0.002374 -0.022938 -0.578206
1468940995.480734 0.502344 0.060791 0.277461 0.799434 0.009571 -0.019282 -0.600369
1468940995.526800 0.510328 0.056755 0.333644 0.785401 0.021115 -0.027683 -0.618007
1468940995.572865 0.518062 0.052601 0.360552 0.778075 0.033787 -0.015126 -0.627080
1468940995.618930 0.526891 0.048714 0.354358 0.775060 0.035136 -0.002479 -0.630906
1468940995.664996 0.536766 0.044895 0.314928 0.780499 0.025667 -0.006058 -0.624601
1468940995.711061 0.548181 0.040017 0.243773 0.794393 0.000589 -0.008256 -0.607348
1468940995.757126 0.555471 0.014543 0.125731 0.806532 -0.016895 0.015441 -0.590747
1468940995.803192 0.583191 -0.013236 0.028582 0.818853 -0.042711 0.018781 -0.572104
1468940995.849257 0.614137 -0.027926 -0.065345 0.841457 -0.081382 0.004259 -0.534144
1468940995.895323 0.630613 -0.051871 -0.130577 0.856349 -0.124635 0.002421 -0.501126
1468940995.941388 0.642855 -0.020594 -0.160138 0.874291 -0.161565 -0.003806 -0.457709
1468940995.987453 0.647978 -0.032042 -0.179585 0.883878 -0.178838 0.005950 -0.432136
1468940996.033519 0.649956 -0.031626 -0.167855 0.882127 -0.183970 0.017134 -0.433260
1468940996.079584 0.646018 -0.018971 -0.127239 0.874785 -0.180387 0.022168 -0.449132
1468940996.125649 0.631225 0.000751 -0.066450 0.862796 -0.162788 0.034262 -0.477398
1468940996.171715 0.601992 0.022611 0.007372 0.845061 -0.135592 0.051761 -0.514594
1468940996.217780 0.557052 0.044136 0.084808 0.827555 -0.108534 0.063559 -0.547113
1468940996.263845 0.498278 0.062657 0.153652 0.815522 -0.078743 0.062191 -0.569960
1468940996.309911 0.405421 0.094761 0.212712 0.804600 -0.047355 0.052992 -0.589549
1468940996.355976 0.324442 0.106506 0.246927 0.794516 -0.019239 0.031116 -0.606140
1468940996.402042 0.229128 0.105175 0.265490 0.789818 0.017425 0.012941 -0.612957
1468940996.448107 0.142729 0.111266 0.260510 0.787572 0.048410 -0.016751 -0.614089
1468940996.494172 0.059937 0.097562 0.222417 0.786172 0.080976 -0.051981 -0.610470
1468940996.540238 -0.010419 0.095404 0.184765 0.795882 0.101124 -0.087973 -0.590429
1468940996.586303 -0.065376 0.070826 0.140348 0.804510 0.117158 -0.106674 -0.572415
1468940996.632368 -0.105199 0.061591 0.084627 0.813777 0.133637 -0.112224 -0.554360
1468940996.678434 -0.111072 0.058709 0.025640 0.825931 0.135911 -0.122015 -0.533366
1468940996.724499 -0.106284 0.051305 -0.016959 0.839033 0.125586 -0.128744 -0.513495
1468940996.770564 -0.079735 0.047835 -0.041889 0.844826 0.109995 -0.125201 -0.508424
1468940996.816630 -0.034088 0.049062 -0.048753 0.843050 0.090224 -0.114620 -0.517675
1468940996.862695 0.025831 0.053035 -0.045066 0.842616 0.066723 -0.095258 -0.525806
1468940996.908761 0.095488 0.054377 -0.036544 0.838433 0.041494 -0.072503 -0.538564
1468940996.954826 0.173525 0.051138 -0.027949 0.834999 0.022269 -0.041496 -0.548233
1468940997.000891 0.253231 0.041140 -0.018805 0.835796 0.001451 -0.007687 -0.548984
1468940997.046957 0.336105 0.080971 0.004711 0.835813 -0.022909 0.017794 -0.548247
1468940997.093022 0.407048 0.058077 0.017607 0.836163 -0.047577 0.047113 -0.544379
1468940997.139087 0.466887 0.032179 0.028816 0.834115 -0.070559 0.082404 -0.540817
1468940997.185153 0.507304 0.010601 0.033996 0.838683 -0.089072 0.106912 -0.526542
1468940997.231218 0.524837 0.028547 0.044794 0.840251 -0.096639 0.132366 -0.516835
1468940997.277284 0.524386 0.020215 0.034038 0.838951 -0.105765 0.130363 -0.517669
1468940997.323349 0.503612 0.017986 0.010018 0.841434 -0.108488 0.110884 -0.517614
1468940997.369414 0.462753 0.020271 -0.026506 0.847056 -0.096348 0.089935 -0.514902
1468940997.415480 0.393240 0.022673 -0.059461 0.857443 -0.077482 0.084123 -0.501708
1468940997.461545 0.319753 0.025332 -0.092452 0.865058 -0.047872 0.062506 -0.495455
1468940997.507610 0.240922 0.017608 -0.100389 0.867573 -0.013922 0.037481 -0.495700
1468940997.553676 0.169121 0.021799 -0.093334 0.865758 0.008039 0.004068 -0.500382
1468940997.599741 0.107603 0.015284 -0.056041 0.858430 0.028417 -0.026717 -0.511446
1468940997.645806 0.059062 0.027841 -0.002083 0.843365 0.052135 -0.038446 -0.533423
1468940997.691872 0.046952 0.039698 0.077152 0.825645 0.077783 -0.049482 -0.556607
1468940997.737937 0.020430 0.051412 0.160421 0.805793 0.089280 -0.062611 -0.582071
1468940997.784003 -0.026890 0.077710 0.247454 0.788134 0.090843 -0.066320 -0.605139
1468940997.830068 -0.046790 0.081443 0.323469 0.777563 0.099875 -0.070970 -0.616753
1468940997.876133 -0.072847 0.020661 0.402294 0.761961 0.097125 -0.074877 -0.635905
1468940997.922199 -0.075753 0.024747 0.441330 0.737892 0.090208 -0.075993 -0.664533
1468940997.968264 -0.092981 0.022316 0.451858 0.721843 0.093633 -0.067227 -0.682390
1468940998.014329 -0.109527 0.023744 0.431841 0.728548 0.094931 -0.071283 -0.674630
1468940998.060395 -0.124991 0.028720 0.380079 0.743370 0.091758 -0.076339 -0.658144
1468940998.106460 -0.137205 0.034171 0.297143 0.765190 0.087329 -0.070272 -0.633971
1468940998.152526 -0.133904 0.033907 0.177859 0.795844 0.078716 -0.065459 -0.596785
1468940998.198591 -0.136247 0.020084 0.061340 0.827806 0.074587 -0.060260 -0.552759
1468940998.244656 -0.106592 0.003543 -0.080212 0.860010 0.071800 -0.049708 -0.502749
1468940998.290722 -0.101904 -0.027036 -0.164776 0.895267 0.063088 -0.043271 -0.438912
1468940998.336787 -0.096038 -0.029599 -0.202732 0.916574 0.059216 -0.038533 -0.393574
1468940998.382852 -0.094608 -0.033619 -0.202656 0.918698 0.065969 -0.033629 -0.387957
1468940998.428918 -0.090450 -0.015813 -0.155324 0.906828 0.061225 -0.032034 -0.415797
1468940998.474983 -0.081012 0.015482 -0.073926 0.879779 0.048707 -0.038494 -0.471313
1468940998.521048 -0.047126 0.076927 0.037719 0.847521 0.044554 -0.043051 -0.527134
1468940998.567114 -0.028654 0.091358 0.151979 0.807718 0.038501 -0.050948 -0.586101
1468940998.613179 -0.013364 0.119966 0.258332 0.774638 0.035996 -0.058242 -0.628687
1468940998.659245 0.003472 0.118492 0.332148 0.764326 0.035387 -0.058668 -0.641180
1468940998.705310 0.018961 0.121816 0.385783 0.752430 0.031722 -0.058593 -0.655294
1468940998.751375 0.037577 0.119897 0.402363 0.737635 0.029694 -0.051502 -0.672577
1468940998.797441 0.056797 0.121243 0.384608 0.745808 0.031060 -0.042908 -0.664051
1468940998.843506 0.078290 0.125614 0.332088 0.767625 0.025207 -0.048589 -0.638558
1468940998.889571 0.117521 0.160781 0.233985 0.797701 0.011565 -0.054927 -0.600435
1468940998.935637 0.140700 0.154775 0.118954 0.829742 0.007014 -0.048950 -0.555953
1468940998.981702 0.185447 0.086397 -0.046757 0.863204 0.000972 -0.046263 -0.502730
1468940999.027767 0.210764 0.049233 -0.158366 0.899184 0.002342 -0.032043 -0.436390
1468940999.073833 0.243539 -0.012725 -0.208241 0.925959 -0.008912 -0.024718 -0.376709
1468940999.119898 0.272562 -0.031796 -0.232854 0.935870 -0.024583 -0.031228 -0.350096
1468940999.165964 0.302011 -0.025970 -0.212962 0.932571 -0.026878 -0.032634 -0.358502
1468940999.212029 0.334015 -0.002430 -0.155244 0.911873 -0.025461 -0.026231 -0.408841
1468940999.258094 0.341653 0.020158 -0.065178 0.881045 -0.025747 -0.023971 -0.471722
1468940999.304160 0.370282 0.040090 0.020013 0.853743 -0.015885 -0.024305 -0.519884
1468940999.350225 0.407760 0.024396 0.092394 0.829467 -0.006451 -0.016589 -0.558273
1468940999.396290 0.438463 0.026494 0.138023 0.814664 -0.004261 -0.013578 -0.579759
1468940999.442356 0.497044 0.042457 0.142700 0.804702 -0.008132 -0.004447 -0.593607
1468940999.488421 0.545930 0.030918 0.138806 0.798684 -0.031928 0.008933 -0.600836
1468940999.534487 0.617512 0.021091 0.119389 0.797217 -0.060028 0.023154 -0.600254
1468940999.580552 0.671955 0.000184 0.093515 0.799734 -0.115037 0.056682 -0.586497
1468940999.626617 0.701551 -0.018981 0.060539 0.807411 -0.172502 0.072108 -0.559581
1468940999.672683 0.700209 -0.030282 0.034191 0.812747 -0.185712 0.085423 -0.545578
1468940999.718748 0.665124 -0.030657 0.005536 0.822552 -0.172344 0.077097 -0.536435
1468940999.764813 0.603825 -0.023650 -0.023893 0.832319 -0.138125 0.061339 -0.533295
1468940999.810879 0.469497 -0.022213 -0.050370 0.837372 -0.082841 0.049271 -0.538068
1468940999.856944 0.383299 -0.015304 -0.078827 0.849035 -0.039278 0.023255 -0.526362
1468940999.903009 0.288691 -0.010269 -0.100114 0.858840 0.017303 -0.025912 -0.511295
1468940999.949075 0.216097 -0.006620 -0.078366 0.853341 0.055733 -0.064385 -0.514352
1468940999.995140 0.158428 0.000748 -0.023443 0.833897 0.087152 -0.094222 -0.536790
1468941000.041206 0.126270 0.013065 0.042985 0.807069 0.104443 -0.105684 -0.571456
1468941000.087271 0.110098 0.027910 0.113363 0.781425 0.109662 -0.117602 -0.602925
1468941000.133336 0.102436 0.041511 0.172469 0.774200 0.102548 -0.116437 -0.613629
1468941000.179402 0.092897 0.051893 0.222028 0.759434 0.089309 -0.108732 -0.635186
1468941000.225467 0.072871 0.060386 0.249406 0.741136 0.092597 -0.100218 -0.657343
1468941000.271532 0.039485 0.067882 0.252868 0.743567 0.104702 -0.098565 -0.653016
1468941000.317598 0.000069 0.071369 0.229048 0.747577 0.116401 -0.115447 -0.643624
1468941000.363663 -0.034132 0.071250 0.175795 0.751160 0.125740 -0.120062 -0.636814
1468941000.409728 -0.051593 0.067266 0.099296 0.780806 0.122039 -0.116250 -0.601610
1468941000.455794 -0.044401 0.055748 0.013158 0.813830 0.086183 -0.143453 -0.556484
1468941000.501859 -0.014118 0.034097 -0.063597 0.841611 0.049599 -0.140480 -0.519131
1468941000.547925 0.005743 0.015383 -0.121034 0.870137 0.005914 -0.111361 -0.480026
1468941000.593990 0.052159 -0.021456 -0.143093 0.882140 -0.007765 -0.079395 -0.464181
1468941000.640055 0.100380 -0.066477 -0.119447 0.883848 -0.024222 -0.049425 -0.464525
1468941000.686121 0.149077 -0.102278 -0.084183 0.880341 -0.043092 -0.041420 -0.470560
1468941000.732186 0.196722 -0.139817 -0.031017 0.881436 -0.047047 -0.025048 -0.469286
1468941000.778251 0.236858 -0.170568 0.023171 0.875921 -0.055186 -0.007997 -0.479221
1468941000.824317 0.261130 -0.196414 0.089153 0.863807 -0.068444 0.004384 -0.499133
1468941000.870382 0.290462 -0.213218 0.132797 0.852721 -0.077555 0.010199 -0.516476
1468941000.916447 0.315650 -0.203669 0.166358 0.844914 -0.078582 0.012412 -0.528953
1468941000.962513 0.342971 -0.187453 0.181592 0.835652 -0.072392 0.020377 -0.544086
1468941001.008578 0.362658 -0.148520 0.189193 0.824907 -0.065550 0.025739 -0.560864
1468941001.054644 0.380738 -0.088811 0.185019 0.818438 -0.058102 0.024649 -0.571118
1468941001.100709 0.384731 -0.022009 0.176150 0.812528 -0.056019 0.027135 -0.579589
1468941001.146774 0.400043 0.060076 0.149047 0.813137 -0.048653 0.027026 -0.579405
1468941001.192840 0.412807 0.140081 0.112616 0.817855 -0.044158 0.031747 -0.572849
1468941001.238905 0.419249 0.204068 0.074807 0.824534 -0.041422 0.029265 -0.563535
1468941001.284970 0.418825 0.228388 0.040398 0.833886 -0.023712 0.047611 -0.549368
1468941001.331036 0.419523 0.244316 0.026368 0.847835 -0.009561 0.053214 -0.527497
1468941001.377101 0.419108 0.231148 0.035768 0.847972 -0.011364 0.047836 -0.527755
1468941001.423167 0.418364 0.191394 0.061704 0.838647 -0.012343 0.029038 -0.543760
1468941001.469232 0.417947 0.127659 0.097032 0.832999 -0.003713 0.029216 -0.552490
1468941001.515297 0.420226 0.047059 0.137078 0.831469 -0.000485 0.027867 -0.554871
1468941001.561363 0.424159 -0.041614 0.177580 0.828671 -0.003329 0.017747 -0.559445
1468941001.607428 0.428648 -0.128006 0.213010 0.830824 -0.014123 0.008797 -0.556286
1468941001.653493 0.433422 -0.206828 0.239439 0.833097 -0.022064 0.009816 -0.552599
1468941001.699559 0.438106 -0.275925 0.252790 0.826638 -0.036791 0.006905 -0.561488
1468941001.745624 0.453878 -0.266005 0.259109 0.826278 -0.053373 0.006772 -0.560687
1468941001.791689 0.449091 -0.298889 0.250645 0.832104 -0.065059 0.043836 -0.549044
1468941001.837755 0.433303 -0.281280 0.247168 0.834091 -0.075553 0.068938 -0.542062
1468941001.883820 0.417684 -0.271710 0.227433 0.833465 -0.072383 0.073913 -0.542801
1468941001.929886 0.396583 -0.240212 0.199276 0.835837 -0.057782 0.075019 -0.540749
1468941001.975951 0.371203 -0.188749 0.162520 0.835162 -0.034221 0.068846 -0.544603
1468941002.022016 0.349528 -0.121217 0.119664 0.838038 -0.020481 0.054497 -0.542497
1468941002.068082 0.321271 -0.047089 0.071788 0.844552 -0.020251 0.038264 -0.533721
1468941002.114147 0.290355 0.025041 0.025823 0.844319 -0.019575 0.045089 -0.533581
1468941002.160212 0.256286 0.077563 -0.012239 0.848275 -0.012872 0.048656 -0.527158
1468941002.206278 0.227239 0.089448 -0.041217 0.863543 0.007088 0.063062 -0.500266
1468941002.252343 0.185388 0.080045 -0.026805 0.868061 0.019081 0.067278 -0.491507
1468941002.298408 0.143279 0.038919 0.006202 0.854546 0.034891 0.046112 -0.516147
1468941002.344474 0.103161 -0.012098 0.046060 0.853541 0.043769 0.036916 -0.517870
1468941002.390539 0.066368 -0.068870 0.086408 0.856778 0.039550 0.018125 -0.513847
1468941002.436605 0.031282 -0.116081 0.121793 0.858639 0.052596 -0.010423 -0.509768
1468941002.482670 0.007064 -0.128052 0.156173 0.855244 0.065157 -0.028264 -0.513336
1468941002.528735 -0.018668 -0.138450 0.182382 0.847667 0.080474 -0.041999 -0.522705
1468941002.574801 -0.054330 -0.121052 0.209972 0.841838 0.093703 -0.054658 -0.528716
1468941002.620866 -0.077274 -0.085325 0.215076 0.842348 0.107288 -0.061389 -0.524566
1468941002.666931 -0.098479 -0.029802 0.205629 0.839136 0.112927 -0.058841 -0.528805
1468941002.712997 -0.116620 0.036223 0.180969 0.827731 0.111211 -0.043834 -0.548245
1468941002.759062 -0.133268 0.101483 0.142072 0.826507 0.108874 -0.049603 -0.550066
1468941002.805128 -0.147507 0.154046 0.096684 0.838723 0.100931 -0.047596 -0.533003
1468941002.851193 -0.156816 0.187870 0.049415 0.853174 0.109203 -0.035689 -0.508817
1468941002.897258 -0.158943 0.199524 0.009331 0.859760 0.113488 -0.038115 -0.496468
1468941002.943324 -0.126426 0.169575 -0.024361 0.852757 0.114618 -0.056946 -0.506384
1468941002.989389 -0.108155 0.144198 -0.057198 0.848982 0.111262 -0.063425 -0.512668
1468941003.035454 -0.076417 0.106881 -0.089122 0.853430 0.099408 -0.073189 -0.506377
1468941003.081520 -0.031060 0.062674 -0.114565 0.862506 0.081977 -0.070753 -0.494325
1468941003.127585 0.073437 0.031863 -0.102874 0.875044 0.060063 -0.056309 -0.476990
1468941003.173650 0.140854 -0.007934 -0.098564 0.884098 0.032869 -0.044369 -0.464028
1468941003.219716 0.253947 -0.032788 -0.072715 0.887080 0.022464 -0.021422 -0.460570
1468941003.265781 0.327996 -0.055732 -0.030760 0.880071 -0.005242 0.022032 -0.474302
1468941003.311847 0.383998 -0.071091 0.032727 0.862571 -0.044532 0.056751 -0.500768
1468941003.357912 0.438702 -0.080088 0.100265 0.840634 -0.082247 0.077053 -0.529748
1468941003.403977 0.474349 -0.087701 0.175592 0.810766 -0.101073 0.100270 -0.567793
1468941003.450043 0.485062 -0.082898 0.245370 0.780447 -0.104680 0.122524 -0.604096
1468941003.496108 0.469160 -0.066942 0.309452 0.764372 -0.099638 0.118735 -0.625867
1468941003.542173 0.440543 -0.037279 0.350465 0.752228 -0.075247 0.104589 -0.646183
1468941003.588239 0.374915 -0.002229 0.331152 0.734035 -0.038428 0.083461 -0.672868
1468941003.634304 0.324490 0.043550 0.319940 0.732757 0.006075 0.058812 -0.677917
1468941003.680369 0.272574 0.090135 0.280762 0.747741 0.034107 0.034359 -0.662223
1468941003.726435 0.223523 0.132492 0.217034 0.759366 0.055196 0.009893 -0.648243
1468941003.772500 0.176711 0.167629 0.135999 0.769896 0.070322 -0.016858 -0.634059
1468941003.818566 0.134759 0.190826 0.050391 0.783727 0.079398 -0.039083 -0.614769
1468941003.864631 0.099477 0.201786 -0.029122 0.800287 0.098203 -0.054683 -0.588987
1468941003.910696 0.081785 0.202937 -0.099030 0.809709 0.100054 -0.085395 -0.571899
1468941003.956762 0.088068 0.162493 -0.158139 0.827565 0.078669 -0.111065 -0.544620
1468941004.002827 0.116247 0.147865 -0.205922 0.830568 0.072786 -0.111507 -0.540763
1468941004.048892 0.166969 0.127571 -0.250264 0.835258 0.064904 -0.105011 -0.535821
1468941004.094958 0.236144 0.100950 -0.293003 0.844470 0.044831 -0.097044 -0.524827
1468941004.141023 0.317736 0.070948 -0.338558 0.857259 0.014632 -0.076798 -0.508916
1468941004.187089 0.399095 0.033177 -0.377241 0.871864 -0.020746 -0.051879 -0.486551
1468941004.233154 0.484839 -0.009015 -0.408653 0.887523 -0.051002 -0.010118 -0.457820
1468941004.279219 0.549831 -0.048914 -0.419289 0.901416 -0.090468 0.030016 -0.422331
1468941004.325285 0.603903 -0.073449 -0.412202 0.900613 -0.127548 0.060663 -0.411033
1468941004.371350 0.619228 -0.084913 -0.377556 0.895960 -0.145618 0.089438 -0.409942
1468941004.417415 0.612462 -0.064620 -0.332241 0.892276 -0.140419 0.120896 -0.411717
1468941004.463481 0.579796 -0.041786 -0.270589 0.886874 -0.126389 0.137602 -0.422548
1468941004.509546 0.509066 0.015713 -0.194755 0.880655 -0.107653 0.134715 -0.441258
1468941004.555611 0.444861 0.053947 -0.110645 0.873441 -0.089685 0.108065 -0.466240
1468941004.601677 0.332733 0.110587 -0.027192 0.857419 -0.056105 0.062377 -0.507734
1468941004.647742 0.257919 0.150626 0.064516 0.846977 -0.027182 0.024707 -0.530359
1468941004.693808 0.192003 0.139613 0.178045 0.829470 -0.014664 -0.039702 -0.556946
1468941004.739873 0.138463 0.149885 0.266231 0.816239 0.017472 -0.062727 -0.574033
1468941004.785938 0.093511 0.150773 0.346935 0.803968 0.038390 -0.071137 -0.589153
1468941004.832004 0.056615 0.162454 0.403616 0.791151 0.054925 -0.080843 -0.603762
1468941004.878069 0.032024 0.173881 0.444438 0.791579 0.063390 -0.080936 -0.602357
1468941004.924134 0.008753 0.186173 0.462632 0.794774 0.071823 -0.082435 -0.596976
1468941004.970200 -0.007200 0.194384 0.463144 0.796524 0.077324 -0.082900 -0.593883
1468941005.016265 -0.014491 0.200220 0.444034 0.799304 0.080091 -0.084811 -0.589496
1468941005.062331 -0.012032 0.203150 0.405860 0.797942 0.079548 -0.082354 -0.591759
1468941005.108396 0.000864 0.205101 0.349970 0.802702 0.078109 -0.074129 -0.586577
1468941005.154461 0.024902 0.202835 0.257540 0.811414 0.072429 -0.064261 -0.576396
1468941005.200527 0.064695 0.203247 0.176244 0.824718 0.060730 -0.066471 -0.558332
1468941005.246592 0.158449 0.158872 0.047575 0.832584 0.049711 -0.058816 -0.548519
1468941005.292657 0.222524 0.145199 -0.048747 0.847251 0.036681 -0.037971 -0.528563
1468941005.338723 0.340053 0.095853 -0.170369 0.864403 0.012572 -0.002995 -0.502633
1468941005.384788 0.418802 0.061827 -0.259481 0.879098 -0.010603 0.022380 -0.475997
1468941005.430853 0.500999 0.020929 -0.327852 0.896355 -0.047878 0.050661 -0.437823
1468941005.476919 0.569783 -0.026563 -0.387210 0.906899 -0.075276 0.077100 -0.407337
1468941005.522984 0.624745 -0.080796 -0.420831 0.916513 -0.099667 0.096066 -0.375288
1468941005.569050 0.660819 -0.116927 -0.445764 0.923611 -0.113624 0.111148 -0.348824
1468941005.615115 0.673350 -0.142894 -0.454570 0.927259 -0.127702 0.126798 -0.328336
1468941005.661180 0.675288 -0.146595 -0.450803 0.926698 -0.141801 0.129331 -0.323104
1468941005.707246 0.658513 -0.130347 -0.433790 0.924711 -0.141522 0.126133 -0.330107
1468941005.753311 0.622121 -0.096658 -0.404973 0.924061 -0.124772 0.103156 -0.346270
1468941005.799376 0.550443 -0.030424 -0.351629 0.921551 -0.095182 0.092988 -0.364743
1468941005.845442 0.482968 0.019246 -0.294672 0.915289 -0.072714 0.067055 -0.390464
1468941005.891507 0.392562 0.080160 -0.203385 0.902557 -0.049192 0.023500 -0.427105
1468941005.937572 0.316001 0.117700 -0.119625 0.883792 -0.018875 -0.016980 -0.467191
1468941005.983638 0.229426 0.157870 -0.010438 0.870090 0.015279 -0.046426 -0.490463
1468941006.029703 0.174445 0.177388 0.075167 0.856558 0.038252 -0.074489 -0.509211
1468941006.075769 0.132158 0.196921 0.159880 0.843760 0.057435 -0.085782 -0.526699
1468941006.121834 0.105411 0.202454 0.222377 0.825442 0.067178 -0.093871 -0.552559
1468941006.167899 0.087048 0.201978 0.265113 0.808947 0.080303 -0.094409 -0.574668
1468941006.213965 0.075189 0.195582 0.283434 0.798750 0.087502 -0.084071 -0.589299
1468941006.260030 0.066103 0.183664 0.274838 0.791248 0.092916 -0.081190 -0.598917
1468941006.306095 0.058666 0.167590 0.236930 0.793852 0.098201 -0.075523 -0.595359
1468941006.352161 0.052850 0.147026 0.169748 0.804740 0.107422 -0.066123 -0.580070
1468941006.398226 0.049166 0.118059 0.077070 0.822726 0.115335 -0.067332 -0.552527
1468941006.444291 0.017631 0.104877 -0.013071 0.847499 0.121659 -0.065329 -0.512521
1468941006.490357 0.018662 0.054883 -0.125446 0.868658 0.134572 -0.062498 -0.472671
1468941006.536422 0.028328 -0.021244 -0.223754 0.900178 0.134439 -0.064803 -0.409152
1468941006.582488 0.035056 -0.075299 -0.303190 0.922528 0.125670 -0.074039 -0.357305
1468941006.628553 0.040588 -0.149385 -0.346937 0.937306 0.126413 -0.071523 -0.316798
1468941006.674618 0.050378 -0.169171 -0.368223 0.948841 0.108972 -0.089641 -0.282473
1468941006.720684 0.071672 -0.159116 -0.358369 0.950477 0.098301 -0.086117 -0.281984
1468941006.766749 0.104154 -0.121017 -0.322386 0.943163 0.089064 -0.085617 -0.308515
1468941006.812814 0.159251 -0.042287 -0.247829 0.934066 0.073433 -0.086482 -0.338597
1468941006.858880 0.221846 0.040177 -0.153732 0.918720 0.073108 -0.067362 -0.382192
1468941006.904945 0.291461 0.113125 -0.043027 0.899067 0.061896 -0.043474 -0.431229
1468941006.951011 0.344977 0.169724 0.059499 0.871363 0.062160 -0.020600 -0.486250
1468941006.997076 0.381421 0.165645 0.123431 0.844943 0.072618 -0.010107 -0.529808
1468941007.043141 0.402721 0.190902 0.194600 0.825245 0.089608 0.024719 -0.557073
1468941007.089207 0.408786 0.202559 0.233952 0.808951 0.106204 0.054146 -0.575662
1468941007.135272 0.411957 0.206768 0.254955 0.796257 0.094153 0.051878 -0.595330
1468941007.181337 0.410649 0.203354 0.246566 0.792513 0.086683 0.033849 -0.602713
1468941007.227403 0.408940 0.197072 0.206378 0.798021 0.082960 0.028040 -0.596233
1468941007.273468 0.409147 0.188576 0.134512 0.812131 0.080179 0.016642 -0.577700
1468941007.319533 0.412943 0.173609 0.038244 0.832373 0.084128 0.013641 -0.547623
1468941007.365599 0.427070 0.128658 -0.106812 0.850457 0.082709 -0.001864 -0.519498
1468941007.411664 0.439816 0.102799 -0.201362 0.870664 0.080942 -0.006277 -0.485133
1468941007.457730 0.466798 0.026218 -0.296889 0.899684 0.050490 -0.008215 -0.433535
1468941007.503795 0.486173 -0.026231 -0.352929 0.926503 0.017166 0.006806 -0.375835
1468941007.549860 0.508881 -0.099061 -0.384448 0.942921 -0.014190 0.027722 -0.331558
1468941007.595926 0.507969 -0.121818 -0.393019 0.950982 -0.028435 0.036570 -0.305757
1468941007.641991 0.491596 -0.122812 -0.382339 0.953110 -0.025315 0.052542 -0.296952
1468941007.688056 0.462322 -0.100694 -0.353750 0.951157 -0.013409 0.064139 -0.301675
1468941007.734122 0.423331 -0.059916 -0.303034 0.942965 -0.014951 0.060119 -0.327076
1468941007.780187 0.374238 -0.009982 -0.230376 0.932007 -0.011192 0.028568 -0.361140
1468941007.826252 0.282979 0.041289 -0.132985 0.915627 0.011960 0.000186 -0.401852
1468941007.872318 0.235800 0.082573 -0.032069 0.894307 0.033570 -0.016114 -0.445901
1468941007.918383 0.189263 0.122701 0.072707 0.873196 0.043215 -0.046849 -0.483183
1468941007.964449 0.161059 0.143327 0.168953 0.855093 0.052436 -0.074504 -0.510408
1468941008.010514 0.135655 0.159904 0.235692 0.835264 0.066059 -0.070393 -0.541308
1468941008.056579 0.122364 0.166003 0.291365 0.814676 0.076382 -0.075473 -0.569888
1468941008.102645 0.119477 0.155062 0.303607 0.804067 0.082319 -0.085754 -0.582534
1468941008.148710 0.114481 0.152105 0.301750 0.797968 0.089033 -0.081074 -0.590549
1468941008.194775 0.113393 0.147731 0.268201 0.795968 0.092989 -0.077452 -0.593119
1468941008.240841 0.116849 0.143147 0.201676 0.807806 0.091034 -0.074821 -0.577550
1468941008.286906 0.133578 0.114894 0.066160 0.826654 0.088708 -0.079973 -0.549889
1468941008.332972 0.143034 0.096144 -0.048975 0.853383 0.089587 -0.065357 -0.509352
1468941008.379037 0.134760 0.071012 -0.148386 0.881692 0.098958 -0.045102 -0.459122
1468941008.425102 0.150314 0.032188 -0.250877 0.912112 0.088927 -0.045254 -0.397612
1468941008.471168 0.167281 -0.017625 -0.313181 0.934455 0.080882 -0.033580 -0.345144
1468941008.517233 0.180033 -0.043008 -0.351149 0.947809 0.070282 -0.032345 -0.309309
1468941008.563298 0.195144 -0.066410 -0.350681 0.953919 0.059441 -0.034417 -0.292097
1468941008.609364 0.203153 -0.043351 -0.323084 0.948756 0.049929 -0.040629 -0.309385
1468941008.655429 0.210391 -0.001140 -0.268367 0.937895 0.047310 -0.051289 -0.339829
1468941008.701494 0.217804 0.044375 -0.193812 0.918875 0.044034 -0.061336 -0.387257
1468941008.747560 0.225978 0.086608 -0.107357 0.894794 0.050461 -0.069982 -0.438064
1468941008.793625 0.235058 0.118348 -0.029124 0.882039 0.055380 -0.072026 -0.462334
1468941008.839691 0.217486 0.139666 0.064396 0.864607 0.066606 -0.080339 -0.491492
1468941008.885756 0.226926 0.151443 0.104477 0.856537 0.073788 -0.080969 -0.504325
1468941008.931821 0.239100 0.155976 0.117698 0.846404 0.077722 -0.069278 -0.522264
1468941008.977887 0.253183 0.153305 0.097711 0.840421 0.084690 -0.059112 -0.532001
1468941009.023952 0.270399 0.143373 0.045197 0.849219 0.079752 -0.058377 -0.518708
1468941009.070017 0.291918 0.123136 -0.035669 0.865116 0.076158 -0.049290 -0.493300
1468941009.116083 0.310484 0.089923 -0.158421 0.881882 0.070173 -0.042254 -0.464300
1468941009.162148 0.339930 0.046847 -0.249684 0.908029 0.059177 -0.030748 -0.413564
1468941009.208214 0.378562 0.002722 -0.295104 0.936035 0.030744 -0.030519 -0.349230
1468941009.254279 0.404443 -0.021196 -0.318176 0.948052 0.006794 -0.025659 -0.317006
1468941009.300344 0.453809 -0.027337 -0.292177 0.950095 -0.005882 -0.025032 -0.310900
1468941009.346410 0.477950 0.002908 -0.246148 0.940179 -0.014916 -0.027528 -0.339239
1468941009.392475 0.500430 0.046320 -0.175630 0.924192 -0.011651 -0.022820 -0.381067
1468941009.438540 0.518573 0.088427 -0.096917 0.906694 -0.005240 -0.021962 -0.421183
1468941009.484606 0.493266 0.109253 0.007253 0.881821 0.005882 -0.014383 -0.471328
1468941009.530671 0.504953 0.132170 0.083069 0.864236 0.011122 -0.012836 -0.502800
1468941009.576736 0.493989 0.135508 0.125179 0.855254 0.019095 -0.010225 -0.517755
1468941009.622802 0.502787 0.144208 0.164481 0.850670 0.030371 -0.003128 -0.524812
1468941009.668867 0.512478 0.148020 0.179113 0.844152 0.042798 0.016609 -0.534135
1468941009.714933 0.523234 0.146113 0.160662 0.843875 0.056171 0.031376 -0.532669
1468941009.760998 0.536375 0.136087 0.108924 0.856542 0.059914 0.027327 -0.511858
1468941009.807063 0.553339 0.114827 0.027879 0.867822 0.050966 0.019511 -0.493870
1468941009.853129 0.563114 0.098695 -0.090288 0.881639 0.030361 0.018379 -0.470587
1468941009.899194 0.584306 0.053499 -0.188819 0.902630 0.006338 0.011712 -0.430210
1468941009.945259 0.625953 0.007313 -0.274653 0.923643 -0.029604 0.003531 -0.382093
1468941009.991325 0.652912 -0.037158 -0.326992 0.940858 -0.067238 0.009571 -0.331925
1468941010.037390 0.727246 -0.070895 -0.331840 0.946052 -0.098348 0.020788 -0.308027
1468941010.083455 0.757259 -0.081143 -0.322124 0.944883 -0.129533 0.035581 -0.298583
1468941010.129521 0.781277 -0.073588 -0.289952 0.938592 -0.142169 0.063230 -0.307952
1468941010.175586 0.794032 -0.052852 -0.242591 0.926301 -0.150424 0.077500 -0.336650
1468941010.221652 0.790475 -0.024128 -0.189966 0.915917 -0.147984 0.086075 -0.363025
1468941010.267717 0.767334 0.007671 -0.136965 0.906443 -0.132454 0.098116 -0.388832
1468941010.313782 0.724756 0.039055 -0.092919 0.902327 -0.115170 0.093399 -0.404746
1468941010.359848 0.660845 0.067439 -0.058035 0.904180 -0.097384 0.079845 -0.408165
1468941010.405913 0.513314 0.092895 -0.037229 0.904222 -0.068389 0.047405 -0.418876
1468941010.451978 0.378713 0.098423 0.013172 0.909167 -0.018159 0.025956 -0.415226
1468941010.498044 0.263861 0.087254 0.034724 0.906091 0.015540 -0.006360 -0.422749
1468941010.544109 0.175031 0.087310 0.068328 0.898910 0.037854 -0.058661 -0.432536
1468941010.590174 0.106945 0.076713 0.112471 0.889677 0.065555 -0.079282 -0.444850
1468941010.636240 0.059772 0.066514 0.174453 0.874154 0.085283 -0.082906 -0.470859
1468941010.682305 0.032663 0.068879 0.235703 0.859548 0.096339 -0.089349 -0.493875
1468941010.728371 0.014631 0.055981 0.289930 0.852272 0.102593 -0.082277 -0.506299
1468941010.774436 0.003178 0.043937 0.327525 0.839623 0.102414 -0.081387 -0.527182
1468941010.820501 -0.002808 0.035826 0.339765 0.824871 0.100327 -0.081622 -0.550327
1468941010.866567 -0.000917 0.024155 0.319683 0.823507 0.097159 -0.071870 -0.554285
1468941010.912632 -0.001002 0.022285 0.275149 0.831166 0.096942 -0.062223 -0.543962
1468941010.958697 0.003241 0.051676 0.182636 0.844666 0.097926 -0.054500 -0.523431
1468941011.004763 0.009209 0.040044 0.089015 0.862138 0.101573 -0.045754 -0.494275
1468941011.050828 0.019232 0.038183 -0.029976 0.880378 0.100026 -0.037147 -0.462113
1468941011.096894 0.035794 0.004659 -0.134330 0.899000 0.098481 -0.031425 -0.425573
1468941011.142959 0.049302 -0.035070 -0.218371 0.918991 0.098792 -0.019313 -0.381213
1468941011.189024 0.063213 -0.070418 -0.275837 0.936270 0.093702 -0.013493 -0.338284
1468941011.235090 0.086502 -0.081496 -0.296658 0.943044 0.087738 -0.014552 -0.320559
1468941011.281155 0.090557 -0.076628 -0.285905 0.944249 0.079108 -0.019279 -0.319006
1468941011.327220 0.099319 -0.035171 -0.246270 0.934536 0.072646 -0.025897 -0.347412
1468941011.373286 0.100712 0.005399 -0.180021 0.918249 0.070401 -0.032917 -0.388303
1468941011.419351 0.092695 0.076848 -0.088319 0.902665 0.071510 -0.041408 -0.422336
1468941011.465416 0.095782 0.116838 0.007799 0.879491 0.073564 -0.051741 -0.467339
1468941011.511482 0.095215 0.179674 0.101291 0.859198 0.075830 -0.056370 -0.502844
1468941011.557547 0.105097 0.203961 0.186759 0.842848 0.077546 -0.060144 -0.529129
1468941011.603613 0.122955 0.235838 0.247458 0.825688 0.080930 -0.058058 -0.555264
1468941011.649678 0.139094 0.247918 0.293050 0.814778 0.081846 -0.053578 -0.571461
1468941011.695743 0.172500 0.247644 0.293520 0.799849 0.080614 -0.063738 -0.591337
1468941011.741809 0.190341 0.257239 0.279752 0.798982 0.076408 -0.063013 -0.593143
1468941011.787874 0.208835 0.267052 0.230327 0.810032 0.072685 -0.056989 -0.579066
1468941011.833939 0.228513 0.272514 0.145805 0.827781 0.070920 -0.051737 -0.554141
1468941011.880005 0.249998 0.267292 0.037427 0.851488 0.070979 -0.036571 -0.518259
1468941011.926070 0.277295 0.246701 -0.088644 0.877008 0.066399 -0.020191 -0.475436
1468941011.972136 0.306924 0.159775 -0.195789 0.908202 0.057387 -0.004473 -0.414555
1468941012.018201 0.340650 0.115004 -0.287402 0.934948 0.038019 0.000352 -0.352741
1468941012.064266 0.370132 0.084645 -0.324568 0.949979 0.019813 0.007387 -0.311598
1468941012.110332 0.396232 0.074929 -0.334841 0.953488 -0.003362 0.003755 -0.301387
1468941012.156397 0.417762 0.096373 -0.301326 0.948179 -0.022736 -0.003111 -0.316906
1468941012.202462 0.433987 0.138534 -0.234563 0.931421 -0.020869 0.003458 -0.363328
1468941012.248528 0.407468 0.177789 -0.148787 0.907113 -0.017492 0.017192 -0.420171
1468941012.294593 0.435614 0.228123 -0.040383 0.888552 -0.004771 0.007312 -0.458693
1468941012.340658 0.428810 0.250142 0.063686 0.864943 0.009275 0.009564 -0.501693
1468941012.386724 0.433468 0.271722 0.157308 0.844144 0.019472 0.006505 -0.535723
1468941012.432789 0.443590 0.273689 0.225631 0.822809 0.034376 0.023157 -0.566804
1468941012.478855 0.451312 0.279095 0.277646 0.806216 0.039102 0.036901 -0.589173
1468941012.524920 0.475069 0.287665 0.306646 0.801063 0.033676 0.027036 -0.597020
1468941012.570985 0.488033 0.288500 0.304118 0.794725 0.031897 0.030120 -0.605382
1468941012.617051 0.502581 0.288178 0.271130 0.804620 0.031343 0.031539 -0.592123
1468941012.663116 0.519076 0.284926 0.206776 0.821013 0.028752 0.034437 -0.569145
1468941012.709181 0.538021 0.265649 0.106759 0.842964 0.026010 0.039799 -0.535865
1468941012.755247 0.555075 0.242323 -0.006147 0.867078 0.014089 0.035415 -0.496712
1468941012.801312 0.572886 0.203060 -0.129038 0.889131 0.002895 0.037987 -0.456065
1468941012.847377 0.590533 0.151786 -0.237346 0.916071 -0.027406 0.028159 -0.399087
1468941012.893443 0.607640 0.098183 -0.316963 0.934363 -0.057755 0.022466 -0.350892
1468941012.939508 0.624484 0.054230 -0.360409 0.941682 -0.079999 0.024412 -0.325944
1468941012.985574 0.666923 0.005702 -0.383393 0.942486 -0.115703 0.013219 -0.313302
1468941013.031639 0.687499 -0.008997 -0.373042 0.935893 -0.144760 0.024327 -0.320244
1468941013.077704 0.705146 -0.010395 -0.346874 0.926189 -0.163562 0.041520 -0.337190
1468941013.123770 0.715132 -0.002232 -0.312224 0.915575 -0.177471 0.057100 -0.356324
1468941013.169835 0.710560 0.011865 -0.273209 0.905642 -0.179951 0.072938 -0.376976
1468941013.215900 0.690723 0.031455 -0.243808 0.901835 -0.169425 0.086956 -0.387850
1468941013.261966 0.651927 0.055578 -0.219093 0.901080 -0.152307 0.086725 -0.396656
1468941013.308031 0.595337 0.081669 -0.195076 0.897209 -0.126226 0.084160 -0.414729
1468941013.354096 0.490087 0.102237 -0.162991 0.895075 -0.092488 0.075852 -0.429573
1468941013.400162 0.406518 0.124500 -0.130636 0.887757 -0.058574 0.049797 -0.453847
1468941013.446227 0.322780 0.123145 -0.036587 0.885888 -0.021762 0.024597 -0.462734
1468941013.492293 0.248518 0.140862 0.009539 0.878645 0.005866 -0.000632 -0.477439
1468941013.538358 0.182673 0.163218 0.058013 0.868204 0.028187 -0.029615 -0.494521
1468941013.584423 0.139092 0.176991 0.125173 0.854394 0.053761 -0.034573 -0.515680
1468941013.630489 0.112635 0.197364 0.198206 0.834993 0.066458 -0.043298 -0.544514
1468941013.676554 0.092258 0.202235 0.261016 0.824255 0.077887 -0.049887 -0.558613
1468941013.722619 0.083266 0.200941 0.312210 0.811043 0.080835 -0.047348 -0.577436
1468941013.768685 0.076823 0.199894 0.337515 0.796015 0.082066 -0.046204 -0.597905
1468941013.814750 0.074831 0.200216 0.331685 0.794944 0.076191 -0.042352 -0.600388
1468941013.860816 0.074194 0.201216 0.290590 0.806535 0.075006 -0.037895 -0.585183
1468941013.906881 0.074470 0.199109 0.215558 0.821482 0.080284 -0.034030 -0.563527
1468941013.952946 0.076766 0.187329 0.109926 0.842014 0.083530 -0.031516 -0.532016
1468941013.999012 0.078162 0.124841 -0.049266 0.863812 0.085282 -0.017848 -0.496223
1468941014.045077 0.084340 0.079841 -0.162822 0.894785 0.101205 0.002375 -0.434870
1468941014.091142 0.088227 0.006722 -0.260597 0.921363 0.102044 0.009924 -0.374939
1468941014.137208 0.090579 -0.027814 -0.302139 0.937049 0.085367 -0.001883 -0.338597
1468941014.183273 0.093517 -0.026959 -0.320198 0.940180 0.086194 -0.012056 -0.329375
1468941014.229338 0.083500 -0.025541 -0.299709 0.935565 0.090361 -0.022859 -0.340633
1468941014.275404 0.076986 0.006572 -0.264141 0.925184 0.095936 -0.035761 -0.365447
1468941014.321469 0.082284 0.027639 -0.228553 0.911921 0.094828 -0.053616 -0.395642
1468941014.367535 0.123432 0.057850 -0.179883 0.902459 0.080074 -0.080990 -0.415446
1468941014.413600 0.184916 0.080566 -0.155554 0.896276 0.068019 -0.069825 -0.432650
1468941014.459665 0.279386 0.116566 -0.146039 0.889202 0.045309 -0.028363 -0.454381
1468941014.505731 0.376881 0.124943 -0.125064 0.885024 0.001270 0.016509 -0.465250
1468941014.551796 0.481025 0.131587 -0.096161 0.882143 -0.041744 0.073953 -0.463262
1468941014.597861 0.529054 0.128218 -0.088818 0.875804 -0.088680 0.121792 -0.458551
1468941014.643927 0.516868 0.118685 -0.100496 0.871255 -0.112720 0.102563 -0.466572
1468941014.689992 0.445168 0.125338 -0.112733 0.874099 -0.076212 0.060572 -0.475892
1468941014.736057 0.328020 0.119545 -0.121429 0.875887 0.011129 0.005838 -0.482352
1468941014.782123 0.231264 0.110487 -0.121974 0.869889 0.082194 -0.044671 -0.484295
1468941014.828188 0.151661 0.107167 -0.113490 0.868479 0.105421 -0.091612 -0.475644
1468941014.874254 0.138120 0.105629 -0.097761 0.863522 0.115998 -0.108330 -0.478685
1468941014.920319 0.174841 0.112608 -0.082685 0.856483 0.106043 -0.093071 -0.496517
1468941014.966384 0.255313 0.123084 -0.071919 0.861070 0.063731 -0.064061 -0.500393
1468941015.012450 0.382103 0.141249 -0.061223 0.862452 0.008356 -0.020131 -0.505669
1468941015.058515 0.487350 0.134145 -0.054347 0.862251 -0.043962 0.049677 -0.502118
1468941015.104580 0.590608 0.122235 -0.054227 0.864928 -0.091663 0.113085 -0.480322
1468941015.150646 0.622392 0.106045 -0.052318 0.861996 -0.120188 0.161420 -0.465255
1468941015.196711 0.591244 0.099674 -0.061708 0.864389 -0.128629 0.148784 -0.462763
1468941015.242777 0.506461 0.102077 -0.085007 0.871559 -0.086966 0.120222 -0.467300
1468941015.288842 0.366837 0.111855 -0.129418 0.876916 -0.004965 0.074058 -0.474879
1468941015.334907 0.260103 0.103107 -0.157948 0.886964 0.053916 0.013313 -0.458488
1468941015.380973 0.187943 0.090953 -0.166157 0.894476 0.071408 -0.046789 -0.438889
1468941015.427038 0.168988 0.085167 -0.150447 0.892002 0.068952 -0.075806 -0.440263
1468941015.473103 0.216286 0.115494 -0.131870 0.880045 0.044803 -0.055410 -0.469513
1468941015.519169 0.296636 0.124674 -0.099615 0.866456 0.003483 -0.029485 -0.498370
1468941015.565234 0.410170 0.142013 -0.063777 0.853953 -0.030679 0.028107 -0.518684
1468941015.611299 0.502948 0.131158 -0.043858 0.846988 -0.066284 0.110958 -0.515661
1468941015.657365 0.557387 0.101338 -0.028400 0.844267 -0.122287 0.171380 -0.492836
1468941015.703430 0.564757 0.088751 -0.038540 0.841723 -0.152523 0.172052 -0.488505
1468941015.749496 0.513715 0.087950 -0.064779 0.850243 -0.141067 0.140669 -0.487236
1468941015.795561 0.415399 0.092570 -0.101848 0.866084 -0.073459 0.093201 -0.485610
1468941015.841626 0.284242 0.095977 -0.131941 0.882944 0.010490 0.031952 -0.468272
1468941015.887692 0.196019 0.086877 -0.137743 0.892758 0.048337 -0.025556 -0.447207
1468941015.933757 0.155965 0.100163 -0.111386 0.888742 0.048112 -0.059310 -0.452002
1468941015.979822 0.146758 0.108091 -0.037878 0.867899 0.061452 -0.058289 -0.489466
1468941016.025888 0.131004 0.133111 0.061615 0.844340 0.076347 -0.036613 -0.529075
1468941016.071953 0.133155 0.133062 0.149682 0.808219 0.075900 -0.012979 -0.583825
1468941016.118018 0.141584 0.132728 0.186429 0.763604 0.063419 -0.016932 -0.642340
1468941016.164084 0.140904 0.131516 0.179315 0.754050 0.058696 -0.028916 -0.653550
1468941016.210149 0.151151 0.116516 0.111711 0.786916 0.057652 -0.028282 -0.613709
1468941016.256215 0.152790 0.104642 -0.007040 0.825010 0.064919 -0.004827 -0.561356
1468941016.302280 0.144605 0.066726 -0.158177 0.873512 0.060819 -0.003375 -0.482976
1468941016.348345 0.152315 0.028735 -0.250334 0.921609 0.048959 0.006106 -0.384971
1468941016.394411 0.131691 0.008148 -0.253913 0.930980 0.054898 0.008131 -0.360827
1468941016.440476 0.120872 0.038116 -0.190711 0.913159 0.063088 0.001814 -0.402688
1468941016.486541 0.123403 0.110269 -0.075432 0.867052 0.063873 -0.014341 -0.493897
1468941016.532607 0.119928 0.141460 0.052818 0.818041 0.069567 -0.021192 -0.570544
1468941016.578672 0.111608 0.158269 0.172572 0.770493 0.067176 -0.023969 -0.633446
1468941016.624738 0.118434 0.157342 0.210408 0.747737 0.058517 -0.032809 -0.660597
1468941016.670803 0.126773 0.153635 0.171102 0.762734 0.044630 -0.035068 -0.644217
1468941016.716868 0.135397 0.145306 0.060399 0.809921 0.040613 -0.018874 -0.584827
1468941016.762934 0.172010 0.088276 -0.140742 0.868869 0.039044 -0.002482 -0.493493
1468941016.808999 0.184912 0.037419 -0.269540 0.929295 0.032195 0.006096 -0.367881
1468941016.855064 0.132913 -0.013461 -0.296662 0.948048 0.036568 0.030337 -0.314559
1468941016.901130 0.129945 0.011220 -0.252943 0.938358 0.038085 0.018188 -0.343079
1468941016.947195 0.155445 0.100765 -0.146580 0.898400 0.058236 -0.000324 -0.435300
1468941016.993260 0.154624 0.145720 -0.016985 0.841402 0.060497 -0.003101 -0.537004
1468941017.039326 0.145358 0.166247 0.128341 0.785834 0.057716 -0.016310 -0.615522
1468941017.085391 0.149277 0.174541 0.197052 0.753309 0.050519 -0.031409 -0.654971
1468941017.131457 0.167136 0.155833 0.168680 0.743809 0.043996 -0.037635 -0.665880
