1473347517.044828 0.023618 0.104045 -0.066459 0.871742 -0.001974 -0.003501 -0.489948
1473347518.739181 -0.030516 0.090624 -0.076040 0.871839 0.025894 -0.009501 -0.489016
1473347519.021573 -0.099559 0.077703 -0.074868 0.868670 0.038127 -0.021396 -0.493459
1473347519.303965 -0.174544 0.059824 -0.072259 0.866653 0.053083 -0.039822 -0.494479
1473347519.586357 -0.258252 0.033738 -0.078358 0.863214 0.079495 -0.052229 -0.495796
1473347519.868750 -0.340231 0.007585 -0.095070 0.864650 0.102194 -0.063886 -0.487704
1473347520.151142 -0.407452 -0.024162 -0.095085 0.857958 0.125630 -0.087652 -0.490350
1473347520.998317 -0.267820 0.051352 -0.081753 0.864085 0.081508 -0.057113 -0.493409
1473347521.374840 -0.127223 0.112716 -0.108465 0.866819 0.065389 -0.017604 -0.494003
1473347521.751364 0.007814 0.170003 -0.102475 0.869683 0.021930 0.022312 -0.492618
1473347522.975064 -0.032696 0.305693 0.141415 0.858049 0.123192 0.057158 -0.495286
1473347524.010502 -0.257642 0.254941 0.169014 0.853483 0.114323 0.024381 -0.507841
1473347524.481156 -0.275006 0.172491 0.031374 0.854974 0.102960 -0.015342 -0.508118
1473347524.528221 -0.320566 0.156895 0.009163 0.857103 0.085804 -0.001299 -0.507947
1473347524.575286 -0.315660 0.149528 -0.004747 0.856804 0.082998 0.002992 -0.508911
1473347524.622352 -0.309137 0.143040 -0.019101 0.859618 0.080097 0.002276 -0.504614
1473347524.669417 -0.301475 0.136534 -0.033265 0.860630 0.076295 0.005548 -0.503453
1473347524.716482 -0.292706 0.130488 -0.047112 0.861588 0.072323 0.008291 -0.502361
1473347524.763548 -0.244560 0.147331 -0.047300 0.859808 0.085427 0.001693 -0.503417
1473347524.810613 -0.234259 0.142839 -0.058258 0.858369 0.084312 -0.000705 -0.506057
1473347524.857677 -0.223376 0.138838 -0.067929 0.855264 0.083405 0.000216 -0.511437
1473347524.904744 -0.212205 0.136986 -0.077207 0.856920 0.082684 -0.002472 -0.508768
1473347524.951809 -0.200894 0.136511 -0.086110 0.859987 0.082806 -0.001496 -0.503551
1473347524.998875 -0.188869 0.136944 -0.093652 0.861012 0.083336 0.000093 -0.501711
1473347525.045940 -0.175336 0.138713 -0.099358 0.861034 0.081008 -0.000760 -0.502054
1473347525.093005 -0.160891 0.141701 -0.103522 0.859381 0.077933 -0.000778 -0.505362
1473347525.140071 -0.145386 0.145932 -0.106700 0.858074 0.074821 -0.002844 -0.508038
1473347525.187136 -0.129090 0.151352 -0.109399 0.857595 0.071228 -0.006484 -0.509329
1473347525.234200 -0.114591 0.156866 -0.111668 0.857172 0.068264 -0.008657 -0.510413
1473347525.281267 -0.097860 0.163794 -0.114189 0.857225 0.064584 -0.013641 -0.510694
1473347525.328332 -0.081257 0.171460 -0.116979 0.856292 0.062656 -0.015311 -0.512449
1473347525.375398 -0.064688 0.179390 -0.119638 0.854332 0.060532 -0.019116 -0.515836
1473347525.422463 -0.049202 0.187921 -0.122472 0.851785 0.061338 -0.020332 -0.519890
1473347525.469528 -0.034180 0.196289 -0.125547 0.849052 0.062601 -0.022941 -0.524086
1473347525.516594 -0.019445 0.204097 -0.129298 0.848053 0.064179 -0.029262 -0.525196
1473347525.563659 -0.005128 0.209756 -0.133675 0.845961 0.066307 -0.033202 -0.528064
1473347525.610723 0.009062 0.212967 -0.137940 0.839688 0.072378 -0.035478 -0.537054
1473347525.657790 0.025161 0.216351 -0.142093 0.833977 0.070095 -0.040179 -0.545852
1473347525.704855 0.076028 0.179048 -0.127545 0.834022 0.065889 -0.044589 -0.545965
1473347525.751920 0.092806 0.182620 -0.131712 0.830513 0.063560 -0.043349 -0.551660
1473347525.798986 0.109599 0.186775 -0.136117 0.828426 0.063440 -0.047093 -0.554498
1473347525.846051 0.125619 0.191694 -0.141074 0.828505 0.063737 -0.047805 -0.554285
1473347525.893117 0.141975 0.195736 -0.145443 0.824522 0.061941 -0.047339 -0.560434
1473347525.940182 0.157440 0.200129 -0.150359 0.821906 0.061877 -0.045797 -0.564397
1473347525.987247 0.172792 0.204804 -0.156008 0.821308 0.058939 -0.044160 -0.565712
1473347526.034313 0.187526 0.209162 -0.162050 0.821460 0.057104 -0.042158 -0.565832
1473347526.081378 0.202686 0.210142 -0.171521 0.818960 0.054296 -0.037638 -0.570034
1473347526.128443 0.216489 0.213351 -0.178208 0.819114 0.051182 -0.032666 -0.570409
1473347526.175509 0.229726 0.216517 -0.186168 0.819523 0.049387 -0.028625 -0.570197
1473347526.222574 0.241785 0.220330 -0.194860 0.821494 0.049801 -0.022612 -0.567587
1473347526.269640 0.253675 0.223934 -0.202938 0.820991 0.049134 -0.013947 -0.568652
1473347526.316705 0.265509 0.228641 -0.209967 0.822433 0.051040 -0.009562 -0.566487
1473347526.363770 0.284357 0.235018 -0.224365 0.823516 0.049358 -0.002899 -0.565134
1473347526.410836 0.295077 0.243301 -0.227632 0.823799 0.048759 0.004704 -0.564762
1473347526.457901 0.306652 0.249821 -0.229356 0.823916 0.046960 0.010782 -0.564660
1473347526.504966 0.317498 0.256990 -0.229629 0.822910 0.044241 0.017689 -0.566171
1473347526.552032 0.335800 0.251323 -0.233080 0.822562 0.041718 0.026494 -0.566524
1473347526.599097 0.345003 0.258870 -0.232054 0.821043 0.038611 0.034720 -0.568500
1473347526.646162 0.353289 0.267169 -0.230397 0.819604 0.035656 0.043578 -0.570157
1473347526.693228 0.360570 0.275961 -0.228325 0.819511 0.031711 0.049551 -0.570036
1473347526.740293 0.366437 0.285251 -0.226286 0.820231 0.027463 0.055526 -0.568669
1473347526.787359 0.371162 0.294986 -0.224384 0.822502 0.020556 0.061199 -0.565087
1473347526.834424 0.384687 0.297713 -0.231714 0.825203 0.013868 0.066780 -0.560703
1473347526.881489 0.386651 0.306047 -0.229898 0.825971 0.005414 0.073893 -0.558822
1473347526.928555 0.386618 0.314337 -0.228070 0.827977 -0.000424 0.079536 -0.555093
1473347526.975620 0.385922 0.321946 -0.225548 0.830438 -0.009762 0.081287 -0.551063
1473347527.022685 0.383630 0.328867 -0.222757 0.833142 -0.018736 0.083505 -0.546398
1473347527.069751 0.379730 0.334683 -0.219636 0.835240 -0.026586 0.085235 -0.542588
1473347527.116816 0.374190 0.339699 -0.216634 0.836243 -0.032461 0.086530 -0.540516
1473347527.163881 0.367048 0.344427 -0.213967 0.837681 -0.036642 0.088045 -0.537769
1473347527.210947 0.358650 0.348336 -0.211232 0.838083 -0.040667 0.090111 -0.536510
1473347527.258012 0.348837 0.352070 -0.209024 0.839779 -0.042662 0.092057 -0.533364
1473347527.305078 0.338571 0.355759 -0.207544 0.842977 -0.046666 0.094241 -0.527570
1473347527.352143 0.327386 0.358048 -0.205610 0.844774 -0.049876 0.096080 -0.524059
1473347527.399208 0.288636 0.361435 -0.217776 0.845439 -0.052524 0.102482 -0.521509
1473347527.446274 0.272554 0.370469 -0.205920 0.846981 -0.055268 0.102129 -0.518786
1473347527.493339 0.256627 0.370342 -0.204082 0.848370 -0.056463 0.102223 -0.516363
1473347527.540404 0.239337 0.368458 -0.201500 0.847101 -0.056757 0.103503 -0.518156
1473347527.587470 0.221163 0.365927 -0.198288 0.848691 -0.054894 0.098132 -0.516798
1473347527.634535 0.202063 0.361964 -0.194147 0.848609 -0.051801 0.092847 -0.518227
1473347527.681601 0.176598 0.362260 -0.221999 0.850328 -0.044525 0.086865 -0.517122
1473347527.728666 0.155985 0.356939 -0.218465 0.849718 -0.039274 0.082775 -0.519216
1473347527.775731 0.134849 0.350861 -0.214240 0.848630 -0.032886 0.078265 -0.522131
1473347527.822797 0.114298 0.344213 -0.209647 0.847315 -0.026945 0.073754 -0.525255
1473347527.869862 0.096471 0.352944 -0.214593 0.846452 -0.018493 0.069176 -0.527628
1473347527.916927 0.078056 0.346081 -0.210204 0.844901 -0.013971 0.066020 -0.530649
1473347527.963993 0.060317 0.339396 -0.205626 0.845311 -0.009108 0.061864 -0.530603
1473347528.011058 0.043887 0.332136 -0.200413 0.843612 -0.006257 0.059205 -0.533643
1473347528.058123 0.024798 0.335557 -0.201113 0.843085 -0.000445 0.056697 -0.534784
1473347528.105189 0.009665 0.329379 -0.195846 0.842551 0.004589 0.055316 -0.535748
1473347528.152254 -0.005571 0.323299 -0.189788 0.841730 0.011699 0.053724 -0.537091
1473347528.199320 -0.020572 0.317485 -0.182817 0.840732 0.018862 0.052583 -0.538562
1473347528.246385 -0.035051 0.311912 -0.174803 0.839102 0.024499 0.051183 -0.541006
1473347528.293450 -0.049681 0.306622 -0.166124 0.837580 0.031631 0.050670 -0.543039
1473347528.340516 -0.075824 0.293464 -0.151283 0.835240 0.036602 0.049070 -0.546468
1473347528.387581 -0.089519 0.288804 -0.141220 0.834863 0.041438 0.043840 -0.547142
1473347528.434646 -0.103321 0.284835 -0.130661 0.835463 0.046179 0.040702 -0.546088
1473347528.481712 -0.116236 0.280540 -0.119063 0.834908 0.048629 0.035569 -0.547082
1473347528.528777 -0.129524 0.275915 -0.106737 0.831939 0.054160 0.032402 -0.551266
1473347528.575842 -0.142764 0.271192 -0.094158 0.828986 0.059979 0.029344 -0.555270
1473347528.622908 -0.164474 0.270544 -0.083721 0.827091 0.064391 0.025895 -0.557766
1473347528.669973 -0.176917 0.266464 -0.071884 0.827986 0.068729 0.020275 -0.556151
1473347528.717039 -0.188949 0.260861 -0.059145 0.824866 0.071227 0.015701 -0.560603
1473347528.764104 -0.201012 0.253874 -0.045955 0.819141 0.076783 0.013844 -0.568262
1473347528.811169 -0.216678 0.247255 -0.029187 0.814287 0.081183 0.008845 -0.574689
1473347528.858235 -0.227749 0.240350 -0.017997 0.811373 0.085510 0.005326 -0.578216
1473347528.905300 -0.238389 0.234329 -0.007708 0.811940 0.087810 -0.001826 -0.577095
1473347528.952365 -0.248925 0.227915 0.001876 0.809781 0.089849 -0.005105 -0.579790
1473347528.999431 -0.259368 0.221479 0.010562 0.808623 0.093155 -0.009229 -0.580832
1473347529.046496 -0.269313 0.215028 0.018527 0.806983 0.095482 -0.014398 -0.582627
1473347529.093560 -0.281050 0.210577 0.025620 0.805725 0.099354 -0.018795 -0.583594
1473347529.140627 -0.290213 0.204536 0.031794 0.804891 0.101279 -0.023962 -0.584225
1473347529.187692 -0.299131 0.198756 0.037081 0.805693 0.102250 -0.030494 -0.582643
1473347529.234758 -0.308052 0.193253 0.040659 0.806297 0.103673 -0.034844 -0.581312
1473347529.281823 -0.316534 0.188444 0.042043 0.809052 0.103877 -0.038964 -0.577170
1473347529.328888 -0.324569 0.183005 0.041965 0.810670 0.104539 -0.042498 -0.574525
1473347529.375954 -0.332040 0.176621 0.040628 0.811186 0.105093 -0.046558 -0.573380
1473347529.423019 -0.338747 0.169885 0.037797 0.812337 0.104916 -0.051515 -0.571356
1473347529.470083 -0.344487 0.163006 0.033389 0.813032 0.101917 -0.053992 -0.570680
1473347529.517150 -0.349290 0.156376 0.027520 0.814513 0.097197 -0.054789 -0.569315
1473347529.564215 -0.353152 0.149455 0.021170 0.817215 0.088895 -0.056310 -0.566644
1473347529.611281 -0.354745 0.142752 0.013307 0.818466 0.081385 -0.056984 -0.565900
1473347529.658346 -0.355708 0.136320 0.004372 0.820915 0.074198 -0.060375 -0.562982
1473347529.705410 -0.356148 0.129788 -0.006019 0.823427 0.068123 -0.062925 -0.559793
1473347529.752477 -0.355786 0.122621 -0.017796 0.825241 0.061153 -0.064845 -0.557703
1473347529.799542 -0.354978 0.114882 -0.031115 0.826834 0.057008 -0.066629 -0.555568
1473347529.846606 -0.352078 0.105530 -0.044550 0.823412 0.048886 -0.063330 -0.561775
1473347529.893673 -0.347799 0.096096 -0.057626 0.817834 0.040631 -0.064619 -0.570369
1473347529.940738 -0.344348 0.088427 -0.071307 0.816013 0.037406 -0.063900 -0.573272
1473347529.987803 -0.341242 0.082205 -0.085682 0.817100 0.036585 -0.060938 -0.572098
1473347530.034869 -0.336250 0.081700 -0.103368 0.821182 0.031065 -0.056538 -0.567009
1473347530.081933 -0.330216 0.076268 -0.118121 0.825020 0.028369 -0.053376 -0.561861
1473347530.129000 -0.323301 0.070253 -0.132596 0.827482 0.025750 -0.047684 -0.558871
1473347530.176065 -0.315671 0.064380 -0.146102 0.830758 0.024490 -0.044177 -0.554337
1473347530.223130 -0.302574 0.076315 -0.167908 0.832251 0.026131 -0.039227 -0.552392
1473347530.270196 -0.294678 0.072249 -0.178347 0.833083 0.026373 -0.034966 -0.551412
1473347530.317261 -0.286053 0.069318 -0.187024 0.833024 0.027298 -0.029720 -0.551764
1473347530.364326 -0.276834 0.068116 -0.194213 0.833136 0.028415 -0.024795 -0.551781
1473347530.411392 -0.266124 0.068705 -0.199917 0.834084 0.026622 -0.022447 -0.550538
1473347530.458457 -0.254561 0.070787 -0.204094 0.834765 0.024790 -0.019295 -0.549710
1473347530.505522 -0.235453 0.076328 -0.213066 0.835519 0.020419 -0.019054 -0.548751
1473347530.552588 -0.221669 0.080251 -0.215284 0.836189 0.015978 -0.017878 -0.547917
1473347530.599653 -0.206736 0.085362 -0.217282 0.837347 0.011679 -0.017195 -0.546276
1473347530.646719 -0.191105 0.091345 -0.218970 0.838113 0.008504 -0.016675 -0.545175
1473347530.693784 -0.175163 0.098150 -0.220398 0.839222 0.007954 -0.015197 -0.543518
1473347530.740849 -0.158218 0.105106 -0.221067 0.838562 0.007437 -0.014055 -0.544574
1473347530.787915 -0.133708 0.094844 -0.219263 0.839305 0.010782 -0.013993 -0.543375
1473347530.834980 -0.116457 0.102090 -0.219296 0.840180 0.010082 -0.013726 -0.542040
1473347530.882045 -0.098830 0.109758 -0.218665 0.840830 0.010622 -0.013407 -0.541029
1473347530.929111 -0.080698 0.117471 -0.217745 0.841887 0.010014 -0.014311 -0.539372
1473347530.976176 -0.062551 0.124568 -0.216473 0.843828 0.011697 -0.015256 -0.536270
1473347531.023242 -0.043957 0.130641 -0.214457 0.843116 0.013842 -0.013831 -0.537376
1473347531.070307 0.003101 0.189848 -0.223897 0.844786 0.017617 -0.014910 -0.534606
1473347531.117372 0.023872 0.198760 -0.223491 0.848102 0.016886 -0.014526 -0.529364
1473347531.164438 0.045911 0.208316 -0.224226 0.855324 0.013863 -0.017380 -0.517616
1473347531.211503 0.067095 0.215789 -0.225876 0.861915 0.013880 -0.020149 -0.506463
1473347531.258568 0.092567 0.240376 -0.233351 0.859402 0.021541 -0.013914 -0.510657
1473347531.305634 0.112457 0.245215 -0.234025 0.859873 0.026720 -0.013795 -0.509622
1473347531.352699 0.132599 0.249971 -0.234310 0.857725 0.032854 -0.010324 -0.512955
1473347531.399764 0.153047 0.255374 -0.235013 0.858411 0.037146 -0.011410 -0.511489
1473347531.446830 0.172896 0.260062 -0.236190 0.860819 0.045363 -0.017186 -0.506593
1473347531.493895 0.191953 0.262623 -0.236552 0.854521 0.054403 -0.010301 -0.516457
1473347531.540961 0.218410 0.285388 -0.244790 0.853569 0.059293 -0.008058 -0.517532
1473347531.588026 0.237672 0.290158 -0.246019 0.854227 0.060080 -0.004254 -0.516399
1473347531.635091 0.256385 0.294986 -0.247055 0.853360 0.060435 0.001997 -0.517803
1473347531.682157 0.274411 0.300801 -0.248406 0.855527 0.058798 0.006935 -0.514362
1473347531.729222 0.295407 0.315370 -0.252499 0.859525 0.053872 0.009304 -0.508161
1473347531.776287 0.311771 0.321174 -0.252724 0.860829 0.051554 0.014728 -0.506062
1473347531.823353 0.327531 0.326834 -0.251569 0.861404 0.049259 0.018806 -0.505176
1473347531.870418 0.341947 0.332102 -0.248868 0.860214 0.047957 0.022751 -0.507163
1473347531.917483 0.352048 0.340440 -0.244817 0.858627 0.045849 0.028356 -0.509759
1473347531.964549 0.363412 0.345667 -0.240644 0.858280 0.045934 0.032906 -0.510061
1473347532.011614 0.374120 0.350018 -0.235223 0.856667 0.046215 0.035949 -0.512536
1473347532.058680 0.384132 0.354026 -0.228953 0.856144 0.047343 0.036928 -0.513237
1473347532.105745 0.393763 0.357494 -0.221587 0.855192 0.046882 0.035542 -0.514962
1473347532.152810 0.401306 0.361274 -0.214172 0.855133 0.050481 0.034471 -0.514793
1473347532.199876 0.407313 0.365270 -0.206256 0.854529 0.055550 0.029534 -0.515579
1473347532.246941 0.412215 0.369431 -0.197725 0.853508 0.060451 0.024110 -0.516999
1473347532.294006 0.416037 0.374205 -0.189169 0.855259 0.065054 0.016145 -0.513847
1473347532.341072 0.418566 0.377988 -0.180317 0.852619 0.066459 0.014614 -0.518083
1473347532.388137 0.424909 0.393700 -0.172021 0.852453 0.071177 0.014016 -0.517746
1473347532.435203 0.424791 0.398067 -0.163837 0.850015 0.075672 0.013993 -0.521108
1473347532.482268 0.422908 0.402246 -0.155568 0.848231 0.081954 0.011035 -0.523132
1473347532.529333 0.419434 0.406305 -0.147748 0.848384 0.087964 0.005036 -0.521998
1473347532.576399 0.414483 0.409392 -0.139980 0.846310 0.092648 0.003677 -0.524559
1473347532.623464 0.408359 0.411432 -0.132158 0.843980 0.098946 -0.000630 -0.527169
1473347532.670529 0.410090 0.418158 -0.123494 0.839066 0.105782 -0.002209 -0.533641
1473347532.717595 0.402631 0.418451 -0.116521 0.836743 0.110635 -0.005967 -0.536270
1473347532.764660 0.394301 0.418442 -0.109937 0.834474 0.113916 -0.008460 -0.539077
1473347532.811725 0.385296 0.418133 -0.103657 0.832410 0.115799 -0.010170 -0.541831
1473347532.858791 0.375502 0.418151 -0.097991 0.832444 0.117535 -0.013463 -0.541333
1473347532.905856 0.365310 0.417405 -0.092152 0.830745 0.117904 -0.016546 -0.543771
1473347532.952922 0.354122 0.416792 -0.086713 0.830433 0.117959 -0.015890 -0.544255
1473347532.999987 0.342374 0.416422 -0.081788 0.831964 0.116964 -0.013306 -0.542198
1473347533.047052 0.347065 0.419843 -0.068550 0.833721 0.113279 -0.018145 -0.540137
1473347533.094118 0.333864 0.422353 -0.065516 0.833269 0.109908 -0.012676 -0.541685
1473347533.141183 0.322646 0.421192 -0.059413 0.837763 0.104813 -0.018975 -0.535544
1473347533.188248 0.310444 0.418372 -0.052664 0.839726 0.097913 -0.018160 -0.533801
1473347533.235314 0.297346 0.413534 -0.044589 0.840211 0.092703 -0.019886 -0.533907
1473347533.282379 0.283222 0.407416 -0.035591 0.840934 0.087699 -0.017852 -0.533686
1473347533.329444 0.268313 0.400511 -0.025877 0.843837 0.084796 -0.018460 -0.529535
1473347533.376510 0.253154 0.391563 -0.014760 0.843034 0.081089 -0.019007 -0.531373
1473347533.423575 0.236952 0.382098 -0.003273 0.842004 0.078817 -0.014158 -0.533495
1473347533.470641 0.221488 0.372390 0.008463 0.843518 0.073407 -0.018397 -0.531743
1473347533.517706 0.205289 0.361870 0.020491 0.842904 0.066915 -0.015247 -0.533670
1473347533.564770 0.187780 0.351858 0.032121 0.845028 0.065524 -0.010191 -0.530595
1473347533.611837 0.171702 0.341036 0.044542 0.844892 0.054520 -0.007631 -0.532097
1473347533.658902 0.153860 0.330892 0.057824 0.846452 0.051163 -0.004085 -0.529986
1473347533.705967 0.154184 0.342200 0.076719 0.847648 0.049256 0.000664 -0.528268
1473347533.753033 0.137170 0.334265 0.090987 0.848621 0.046973 0.010016 -0.526817
1473347533.800098 0.119734 0.327211 0.105982 0.851996 0.049405 0.013100 -0.521047
1473347533.847164 0.103845 0.320200 0.122020 0.850634 0.044499 0.021217 -0.523442
1473347533.894229 0.087824 0.315098 0.137145 0.855117 0.045522 0.025480 -0.515804
1473347533.941293 0.073772 0.309574 0.152517 0.856031 0.035297 0.030863 -0.514794
1473347533.988360 0.058088 0.304875 0.166882 0.858550 0.035279 0.039127 -0.510016
1473347534.035425 0.044466 0.300866 0.180642 0.864118 0.028775 0.028491 -0.501658
1473347534.082489 0.031163 0.298570 0.192963 0.869552 0.018928 0.024056 -0.492892
1473347534.129556 0.017605 0.297368 0.204175 0.872151 0.010194 0.022726 -0.488602
1473347534.176621 0.004619 0.297760 0.213873 0.875370 -0.000754 0.021119 -0.482992
1473347534.223687 -0.009253 0.299314 0.221753 0.879139 -0.006168 0.020562 -0.476081
1473347534.270752 -0.022185 0.300889 0.228303 0.879373 -0.017059 0.020063 -0.475404
1473347534.317816 -0.034486 0.303824 0.232264 0.881534 -0.027391 0.015576 -0.471069
1473347534.364883 -0.035666 0.298643 0.235003 0.883569 -0.043270 0.001863 -0.466294
1473347534.411948 -0.045884 0.306696 0.228989 0.886608 -0.059316 -0.008779 -0.458619
1473347534.459013 -0.055290 0.314830 0.222205 0.891433 -0.073827 -0.019717 -0.446662
1473347534.506079 -0.063836 0.324186 0.212476 0.893567 -0.091405 -0.025937 -0.438760
1473347534.553144 -0.072613 0.335188 0.199639 0.898264 -0.104417 -0.036465 -0.425310
1473347534.600209 -0.080703 0.346448 0.185165 0.900734 -0.120854 -0.047597 -0.414496
1473347534.647275 -0.084801 0.353140 0.174013 0.901933 -0.135576 -0.054576 -0.406397
1473347534.694340 -0.092733 0.365942 0.159013 0.903039 -0.150666 -0.062365 -0.397405
1473347534.741406 -0.101384 0.380151 0.143636 0.904002 -0.163570 -0.069497 -0.388838
1473347534.788471 -0.110108 0.394970 0.128371 0.903958 -0.175539 -0.075927 -0.382466
1473347534.835536 -0.118441 0.410729 0.112412 0.905152 -0.186736 -0.084469 -0.372416
1473347534.882602 -0.126323 0.426822 0.096218 0.905319 -0.198062 -0.088220 -0.365220
1473347534.929667 -0.130887 0.436876 0.082171 0.905526 -0.205920 -0.087851 -0.360418
1473347534.976732 -0.139050 0.452781 0.064754 0.907661 -0.209147 -0.087126 -0.353296
1473347535.023798 -0.146994 0.468025 0.046631 0.908497 -0.211019 -0.087231 -0.349992
1473347535.070863 -0.153570 0.482414 0.028092 0.909299 -0.214528 -0.086289 -0.345986
1473347535.117928 -0.159736 0.495336 0.010787 0.908165 -0.215420 -0.087213 -0.348173
1473347535.164994 -0.166096 0.506722 -0.005499 0.906255 -0.214926 -0.083201 -0.354383
1473347535.212059 -0.172679 0.517703 -0.021532 0.905805 -0.211696 -0.077083 -0.358832
1473347535.259125 -0.177916 0.528383 -0.037365 0.905431 -0.210868 -0.070130 -0.361679
1473347535.306190 -0.176197 0.546276 -0.052543 0.905755 -0.209546 -0.057109 -0.363918
1473347535.353255 -0.180360 0.555536 -0.066536 0.903640 -0.206440 -0.039405 -0.373181
1473347535.400321 -0.183571 0.564746 -0.080735 0.901378 -0.203064 -0.023174 -0.381767
1473347535.447386 -0.185567 0.573685 -0.094986 0.898880 -0.199174 -0.015037 -0.390022
1473347535.494451 -0.191330 0.584077 -0.107774 0.896607 -0.193945 -0.001496 -0.398095
1473347535.541517 -0.193580 0.590949 -0.120859 0.893767 -0.189924 0.006083 -0.406292
1473347535.588582 -0.193476 0.598441 -0.133092 0.889810 -0.184839 0.020844 -0.416700
1473347535.635647 -0.192606 0.605497 -0.144280 0.886363 -0.177484 0.031108 -0.426488
1473347535.682713 -0.190604 0.612338 -0.154598 0.882915 -0.170899 0.041557 -0.435347
1473347535.729778 -0.187826 0.619394 -0.164490 0.879536 -0.163732 0.057906 -0.443007
1473347535.776844 -0.184665 0.629632 -0.170730 0.874711 -0.159929 0.069081 -0.452251
1473347535.823909 -0.178972 0.636604 -0.179448 0.872078 -0.157711 0.083108 -0.455742
1473347535.870974 -0.170791 0.643126 -0.187858 0.868312 -0.161437 0.089620 -0.460370
1473347535.918040 -0.161421 0.650209 -0.196754 0.865676 -0.167193 0.103244 -0.460426
1473347535.965105 -0.159625 0.647414 -0.199654 0.864139 -0.173822 0.112953 -0.458576
1473347536.012170 -0.150621 0.650370 -0.206867 0.859181 -0.182500 0.131043 -0.459705
1473347536.059236 -0.136412 0.649217 -0.213379 0.849792 -0.192765 0.150380 -0.466992
1473347536.106301 -0.124755 0.652582 -0.222166 0.843460 -0.202089 0.162458 -0.470470
1473347536.153366 -0.113447 0.655159 -0.231242 0.836387 -0.209263 0.175621 -0.475210
1473347536.200432 -0.102092 0.656579 -0.240264 0.830772 -0.215285 0.185003 -0.478795
1473347536.247497 -0.087437 0.659891 -0.251492 0.826064 -0.217059 0.190998 -0.483760
1473347536.294563 -0.076230 0.660196 -0.261287 0.822812 -0.216508 0.199344 -0.486175
1473347536.341628 -0.064618 0.660157 -0.271604 0.819840 -0.213488 0.209572 -0.488226
1473347536.388693 -0.052606 0.658592 -0.282048 0.817067 -0.207201 0.220506 -0.490760
1473347536.435759 -0.040033 0.655132 -0.292259 0.817093 -0.197099 0.230180 -0.490436
1473347536.482824 -0.027461 0.649366 -0.301144 0.813634 -0.182382 0.244581 -0.494891
1473347536.529889 -0.018900 0.636374 -0.288044 0.808491 -0.155175 0.258267 -0.505530
1473347536.576955 -0.004492 0.629955 -0.294194 0.803309 -0.137148 0.271220 -0.512176
1473347536.624020 0.011248 0.621338 -0.297577 0.800362 -0.123769 0.278151 -0.516463
1473347536.671086 0.026999 0.612072 -0.299170 0.796835 -0.111650 0.283533 -0.521726
1473347536.718151 0.042002 0.602145 -0.299560 0.793492 -0.096748 0.289175 -0.526676
1473347536.765216 0.057420 0.590642 -0.298359 0.790355 -0.085028 0.290381 -0.532717
1473347536.812282 0.073292 0.578408 -0.296103 0.789828 -0.075096 0.289409 -0.535514
1473347536.859347 0.088679 0.563991 -0.293329 0.785479 -0.062552 0.291110 -0.542554
1473347536.906412 0.090671 0.543117 -0.291204 0.784038 -0.050380 0.286818 -0.548162
1473347536.953478 0.106910 0.528445 -0.289911 0.784502 -0.040558 0.284855 -0.549335
1473347537.000543 0.124741 0.513467 -0.288323 0.786821 -0.033556 0.278138 -0.549932
1473347537.047608 0.143260 0.498808 -0.286610 0.787983 -0.028813 0.272003 -0.551604
1473347537.094674 0.161080 0.484471 -0.284953 0.787394 -0.019359 0.266982 -0.555298
1473347537.141739 0.178987 0.469843 -0.282772 0.786210 -0.007627 0.262779 -0.559252
1473347537.188805 0.198733 0.456219 -0.279718 0.790606 -0.000231 0.253791 -0.557254
1473347537.235870 0.219046 0.443847 -0.276112 0.795602 0.006140 0.244194 -0.554390
1473347537.282935 0.238628 0.433041 -0.271673 0.798067 0.014624 0.235905 -0.554278
1473347537.330001 0.258111 0.424621 -0.266628 0.804127 0.023103 0.222285 -0.550849
1473347537.377066 0.240019 0.396853 -0.250615 0.806717 0.029072 0.218596 -0.548251
1473347537.424131 0.255665 0.389170 -0.246045 0.811929 0.038658 0.205864 -0.544882
1473347537.471197 0.271417 0.383231 -0.239917 0.815966 0.049051 0.196786 -0.541359
1473347537.518262 0.286870 0.378488 -0.233467 0.820562 0.058596 0.183492 -0.538121
1473347537.565327 0.301738 0.375650 -0.227291 0.824541 0.065381 0.176716 -0.533507
1473347537.612393 0.316369 0.373189 -0.219988 0.826127 0.071900 0.164002 -0.534274
1473347537.659458 0.329704 0.373545 -0.213677 0.830590 0.080514 0.155426 -0.528660
1473347537.706524 0.343281 0.374825 -0.206773 0.831505 0.084227 0.146634 -0.529154
1473347537.753589 0.344493 0.383098 -0.192455 0.839524 0.090795 0.137346 -0.517777
1473347537.800653 0.355964 0.387767 -0.187011 0.837735 0.095719 0.136020 -0.520131
1473347537.847720 0.367785 0.395071 -0.182433 0.837903 0.101050 0.130948 -0.520155
1473347537.894785 0.379156 0.404074 -0.178744 0.837414 0.107345 0.126916 -0.520680
1473347537.941850 0.390535 0.413762 -0.175075 0.837010 0.113759 0.120527 -0.521484
1473347537.988916 0.401618 0.423353 -0.171384 0.835765 0.119715 0.114749 -0.523447
1473347538.035981 0.411907 0.433268 -0.167455 0.834797 0.127734 0.108430 -0.524444
1473347538.083047 0.421520 0.443595 -0.162881 0.835806 0.135638 0.100390 -0.522448
1473347538.130112 0.430193 0.453006 -0.157222 0.834452 0.141692 0.089335 -0.525007
1473347538.177176 0.436062 0.462173 -0.151894 0.831696 0.151598 0.084251 -0.527449
1473347538.224243 0.447701 0.482222 -0.145221 0.831957 0.153946 0.070813 -0.528330
1473347538.271308 0.451207 0.490396 -0.138795 0.832535 0.158563 0.056807 -0.527747
1473347538.318373 0.452593 0.497155 -0.132314 0.830979 0.162498 0.044965 -0.530139
1473347538.365439 0.451839 0.504009 -0.126718 0.833016 0.165612 0.031384 -0.526946
1473347538.412504 0.449215 0.509605 -0.121166 0.830782 0.167290 0.022558 -0.530383
1473347538.459569 0.444842 0.515619 -0.115692 0.830840 0.169250 0.010752 -0.530042
1473347538.506635 0.448808 0.515439 -0.100375 0.829603 0.169739 0.003610 -0.531916
1473347538.553699 0.442165 0.520700 -0.094891 0.828450 0.169428 -0.006690 -0.533779
1473347538.600766 0.433486 0.526058 -0.090056 0.827119 0.169986 -0.012815 -0.535552
1473347538.647831 0.423991 0.531465 -0.085810 0.827115 0.168879 -0.021368 -0.535635
1473347538.694896 0.413247 0.536823 -0.082437 0.826043 0.168041 -0.025797 -0.537355
1473347538.741962 0.401550 0.542346 -0.079648 0.826669 0.168215 -0.031817 -0.536013
1473347538.789026 0.405870 0.544357 -0.068569 0.826954 0.166647 -0.034686 -0.535886
1473347538.836092 0.393937 0.548974 -0.064210 0.826328 0.165553 -0.038087 -0.536957
1473347538.883158 0.381342 0.553140 -0.058915 0.826308 0.163058 -0.043583 -0.537334
1473347538.930223 0.368351 0.556387 -0.052817 0.825775 0.159585 -0.045570 -0.539028
1473347538.977288 0.354819 0.558813 -0.046436 0.825805 0.158345 -0.049066 -0.539042
1473347539.024354 0.340500 0.561848 -0.041507 0.826650 0.156259 -0.045850 -0.538637
1473347539.071419 0.326552 0.566172 -0.038140 0.831461 0.152614 -0.048384 -0.532016
1473347539.118485 0.312355 0.569925 -0.035784 0.831240 0.147502 -0.049512 -0.533696
1473347539.165550 0.296227 0.574658 -0.035498 0.833066 0.146280 -0.045047 -0.531576
1473347539.212615 0.280304 0.579185 -0.035302 0.834979 0.141379 -0.042511 -0.530108
1473347539.259681 0.263644 0.583121 -0.035162 0.836565 0.137574 -0.038724 -0.528897
1473347539.306746 0.246208 0.586029 -0.035193 0.837072 0.133651 -0.031639 -0.529573
1473347539.353811 0.228443 0.587762 -0.034959 0.837320 0.129048 -0.025118 -0.530670
1473347539.400877 0.210180 0.588676 -0.034931 0.838800 0.124434 -0.019380 -0.529675
1473347539.447942 0.192006 0.588563 -0.034682 0.841456 0.116642 -0.014215 -0.527393
1473347539.495008 0.173986 0.586555 -0.033941 0.843365 0.108060 -0.010174 -0.526265
1473347539.542073 0.154975 0.583260 -0.033242 0.846641 0.099999 -0.005999 -0.522650
1473347539.589138 0.134544 0.578146 -0.031852 0.846540 0.094933 -0.005354 -0.523764
1473347539.636204 0.170572 0.554874 -0.006737 0.845836 0.092186 -0.001843 -0.525415
1473347539.683269 0.152144 0.549327 -0.005890 0.848076 0.088517 -0.000961 -0.522428
1473347539.730334 0.133818 0.543444 -0.004559 0.848476 0.083239 0.003573 -0.522635
1473347539.777400 0.116437 0.537813 -0.002365 0.850737 0.078084 0.003299 -0.519749
1473347539.824465 0.099700 0.531685 0.001377 0.851683 0.072768 0.004987 -0.518957
1473347539.871530 0.083201 0.525562 0.006485 0.853019 0.070212 0.002746 -0.517128
1473347539.918596 0.066148 0.520249 0.012256 0.853868 0.069588 0.003697 -0.515803
1473347539.965661 0.048850 0.516381 0.018798 0.856945 0.070092 0.001170 -0.510619
1473347540.012727 0.030778 0.513283 0.026331 0.858388 0.073169 0.002648 -0.507749
1473347540.059792 0.012824 0.510902 0.034732 0.855932 0.074726 0.007571 -0.511604
1473347540.106857 -0.004750 0.510851 0.042762 0.856027 0.074691 0.008545 -0.511436
1473347540.153923 -0.022050 0.512512 0.050182 0.856073 0.071739 0.011292 -0.511727
1473347540.200988 -0.039295 0.515664 0.057009 0.856986 0.067957 0.013652 -0.510656
1473347540.248053 -0.056862 0.519489 0.063582 0.857468 0.064175 0.021294 -0.510075
1473347540.295119 -0.074023 0.524012 0.070419 0.858987 0.060055 0.022510 -0.507965
1473347540.342184 -0.091743 0.529973 0.077214 0.859928 0.054459 0.032198 -0.506479
1473347540.389249 -0.109434 0.537967 0.084320 0.863097 0.047266 0.041529 -0.501104
1473347540.436315 -0.127604 0.547257 0.092811 0.867902 0.043437 0.048576 -0.492443
1473347540.483380 -0.145108 0.555694 0.103012 0.867500 0.037064 0.056534 -0.492822
1473347540.530446 -0.162745 0.564613 0.112378 0.868624 0.033517 0.063890 -0.490190
1473347540.577511 -0.136362 0.590078 0.092183 0.872568 0.029648 0.073994 -0.481945
1473347540.624576 -0.155295 0.596006 0.099176 0.873076 0.024290 0.084529 -0.479587
1473347540.671642 -0.170737 0.607473 0.099370 0.873932 0.022446 0.096035 -0.475938
1473347540.718707 -0.185264 0.618598 0.096389 0.875643 0.019168 0.104393 -0.471151
1473347540.765772 -0.198590 0.628435 0.091491 0.874752 0.012555 0.110762 -0.471575
1473347540.812838 -0.210848 0.637539 0.084403 0.875413 0.004529 0.114639 -0.469564
1473347540.859903 -0.221363 0.645455 0.074925 0.876482 -0.007524 0.117943 -0.466703
1473347540.906969 -0.230538 0.651627 0.062811 0.878497 -0.019939 0.120353 -0.461910
1473347540.954034 -0.220631 0.662821 0.046616 0.881699 -0.031374 0.121981 -0.454690
1473347541.001099 -0.226675 0.665711 0.030021 0.886358 -0.040809 0.123206 -0.444438
1473347541.048165 -0.230990 0.665863 0.012560 0.887285 -0.053863 0.128777 -0.439592
1473347541.095230 -0.235062 0.663537 -0.005096 0.886110 -0.062452 0.138034 -0.438013
1473347541.142295 -0.246246 0.646074 -0.008343 0.885054 -0.068933 0.145111 -0.436887
1473347541.189361 -0.248743 0.639335 -0.025572 0.883307 -0.077647 0.149684 -0.437418
1473347541.236426 -0.251800 0.631058 -0.042851 0.881170 -0.080886 0.155361 -0.439159
1473347541.283491 -0.253458 0.621587 -0.060268 0.881579 -0.086260 0.157884 -0.436407
1473347541.330557 -0.254297 0.610527 -0.077072 0.881970 -0.091190 0.161329 -0.433344
1473347541.377622 -0.253864 0.597742 -0.093026 0.884584 -0.096091 0.160419 -0.427250
1473347541.424688 -0.248712 0.582049 -0.101609 0.885478 -0.101001 0.159033 -0.424777
1473347541.471753 -0.245235 0.566232 -0.113932 0.887143 -0.107325 0.154344 -0.421470
1473347541.518818 -0.240334 0.549025 -0.124451 0.886571 -0.114004 0.150392 -0.422347
1473347541.565884 -0.233585 0.531210 -0.134436 0.887477 -0.123299 0.145796 -0.419435
1473347541.612949 -0.225016 0.511185 -0.146014 0.891158 -0.135464 0.137141 -0.410707
1473347541.660014 -0.216313 0.491931 -0.154362 0.892554 -0.146434 0.131883 -0.405600
1473347541.707080 -0.207313 0.471025 -0.159966 0.892591 -0.154838 0.122125 -0.405452
1473347541.754145 -0.198357 0.449529 -0.163566 0.890853 -0.160723 0.118122 -0.408162
1473347541.801211 -0.186764 0.425375 -0.162572 0.892217 -0.169975 0.106089 -0.404725
1473347541.848276 -0.175886 0.407193 -0.165445 0.893850 -0.178128 0.100576 -0.398982
1473347541.895341 -0.164836 0.388994 -0.167960 0.895282 -0.185140 0.091274 -0.394794
1473347541.942407 -0.154209 0.370833 -0.169752 0.895256 -0.189088 0.088403 -0.393633
1473347541.989472 -0.145153 0.351224 -0.167220 0.894820 -0.195038 0.086907 -0.392052
1473347542.036537 -0.132999 0.334294 -0.167479 0.895299 -0.199222 0.084007 -0.389479
1473347542.083603 -0.119955 0.318335 -0.167510 0.896696 -0.202549 0.081901 -0.384971
1473347542.130668 -0.107072 0.303444 -0.165977 0.895734 -0.202862 0.085049 -0.386360
1473347542.177733 -0.091562 0.288351 -0.159447 0.892592 -0.200107 0.091045 -0.393635
1473347542.224799 -0.079916 0.277390 -0.155807 0.890754 -0.193610 0.099820 -0.398884
1473347542.271864 -0.067882 0.265302 -0.149557 0.887469 -0.187813 0.103099 -0.408040
1473347542.318930 -0.054617 0.257037 -0.142043 0.884491 -0.178705 0.108874 -0.416996
1473347542.365995 -0.041927 0.242766 -0.131557 0.881716 -0.172754 0.112073 -0.424466
1473347542.413059 -0.027695 0.238085 -0.122665 0.878774 -0.165158 0.118686 -0.431733
1473347542.460126 -0.012895 0.230591 -0.112664 0.875652 -0.161968 0.121305 -0.438503
1473347542.507191 0.004102 0.229481 -0.102334 0.873929 -0.153740 0.126668 -0.443359
1473347542.554256 0.021775 0.230225 -0.091089 0.871841 -0.146990 0.131052 -0.448456
1473347542.601322 0.040105 0.231520 -0.077986 0.866793 -0.142738 0.134925 -0.458358
1473347542.648386 0.070128 0.230508 -0.068295 0.864004 -0.140100 0.132492 -0.465097
1473347542.695452 0.090626 0.232482 -0.052403 0.861462 -0.140765 0.131444 -0.469885
1473347542.742518 0.112053 0.233905 -0.034348 0.857398 -0.142761 0.129545 -0.477186
1473347542.789582 0.133711 0.235780 -0.016092 0.855914 -0.144842 0.123735 -0.480751
1473347542.836649 0.162848 0.237704 -0.000709 0.852956 -0.145230 0.115999 -0.487769
1473347542.883714 0.182952 0.239758 0.015228 0.851455 -0.142696 0.109994 -0.492507
1473347542.930779 0.203462 0.242619 0.030234 0.851622 -0.139994 0.100038 -0.495109
1473347542.977845 0.224071 0.244582 0.044646 0.847092 -0.139603 0.093806 -0.504129
1473347543.024909 0.245223 0.246549 0.057872 0.843387 -0.140975 0.083904 -0.511650
1473347543.071975 0.266476 0.248431 0.069647 0.840963 -0.143229 0.071531 -0.516866
1473347543.119041 0.285203 0.249343 0.079544 0.837895 -0.145575 0.062088 -0.522384
1473347543.166106 0.305143 0.249652 0.088708 0.834121 -0.150173 0.049531 -0.528429
1473347543.213172 0.323676 0.250678 0.095648 0.832087 -0.151948 0.045008 -0.531524
1473347543.260237 0.342123 0.251749 0.099266 0.832698 -0.156461 0.029528 -0.530342
1473347543.307302 0.358054 0.252680 0.099566 0.832480 -0.159229 0.029978 -0.529834
1473347543.354368 0.372313 0.253234 0.096421 0.834597 -0.158159 0.026646 -0.526995
1473347543.401433 0.386124 0.253675 0.090073 0.837331 -0.160563 0.022629 -0.522096
1473347543.448498 0.397803 0.254882 0.081996 0.840972 -0.157907 0.024817 -0.516930
1473347543.495564 0.409081 0.255729 0.073543 0.842425 -0.157154 0.027401 -0.514656
1473347543.542629 0.418320 0.257834 0.064388 0.849048 -0.148252 0.035310 -0.505858
1473347543.589694 0.427318 0.258257 0.056561 0.850733 -0.144209 0.047582 -0.503182
1473347543.636760 0.433999 0.258636 0.050449 0.849552 -0.133054 0.055880 -0.507380
1473347543.683825 0.438968 0.259671 0.044886 0.848204 -0.121639 0.064423 -0.511472
1473347543.730891 0.442865 0.261181 0.039169 0.849522 -0.109933 0.061253 -0.512324
1473347543.777956 0.443555 0.264040 0.032201 0.854376 -0.093366 0.062594 -0.507353
1473347543.825021 0.441942 0.266766 0.024913 0.856023 -0.078336 0.072447 -0.505806
1473347543.872087 0.438999 0.269222 0.017099 0.856511 -0.065168 0.079794 -0.505741
1473347543.919152 0.434751 0.272227 0.008174 0.858100 -0.054684 0.085174 -0.503408
1473347543.966217 0.429808 0.274956 0.003513 0.862242 -0.047761 0.084388 -0.497129
1473347544.013283 0.422067 0.278736 -0.006417 0.863766 -0.034975 0.087084 -0.495077
1473347544.060348 0.412174 0.283447 -0.016911 0.866215 -0.019046 0.083451 -0.492285
1473347544.107413 0.400284 0.289179 -0.027382 0.867391 -0.001046 0.083325 -0.490600
1473347544.154479 0.388376 0.295235 -0.036881 0.870604 0.015839 0.071251 -0.486539
1473347544.201544 0.375680 0.301848 -0.045801 0.872944 0.031253 0.062913 -0.482736
1473347544.248610 0.362802 0.308966 -0.052682 0.875941 0.046760 0.049203 -0.477619
1473347544.295675 0.350113 0.316097 -0.056996 0.876511 0.063766 0.035836 -0.475793
1473347544.342740 0.338072 0.323624 -0.058977 0.875613 0.082250 0.028093 -0.475129
1473347544.389806 0.327947 0.331714 -0.058304 0.875657 0.096759 0.013540 -0.472947
1473347544.436871 0.272478 0.293820 -0.069833 0.872539 0.109481 0.003053 -0.476109
1473347544.483936 0.261945 0.299959 -0.066995 0.870769 0.120024 -0.009051 -0.476732
1473347544.531002 0.253453 0.307008 -0.062419 0.869080 0.128716 -0.017446 -0.477313
1473347544.578067 0.246219 0.314292 -0.057054 0.868028 0.134575 -0.023429 -0.477355
1473347544.625132 0.239164 0.319593 -0.051891 0.869338 0.141363 -0.032136 -0.472478
1473347544.672198 0.233751 0.326045 -0.045394 0.867250 0.146808 -0.039302 -0.474109
1473347544.719263 0.227706 0.333183 -0.038824 0.866361 0.156651 -0.043782 -0.472190
1473347544.766329 0.222644 0.340448 -0.032083 0.865784 0.162263 -0.047910 -0.470949
1473347544.813394 0.218290 0.347167 -0.025399 0.864360 0.163915 -0.049167 -0.472860
1473347544.860459 0.213349 0.352992 -0.019176 0.863023 0.170283 -0.051564 -0.472796
1473347544.907525 0.207500 0.354249 -0.013689 0.858452 0.173727 -0.049044 -0.480077
1473347544.954590 0.202830 0.360448 -0.007954 0.857419 0.177147 -0.049612 -0.480615
1473347545.001655 0.198145 0.368501 -0.002505 0.855443 0.176963 -0.048019 -0.484350
1473347545.048721 0.193497 0.379037 0.001984 0.854541 0.171460 -0.041542 -0.488503
1473347545.095786 0.187948 0.392119 0.004343 0.858053 0.166144 -0.038990 -0.484377
1473347545.142852 0.181847 0.405072 0.006439 0.857261 0.161538 -0.046566 -0.486662
1473347545.189917 0.173576 0.419227 0.007487 0.855680 0.161774 -0.059793 -0.487920
1473347545.236982 0.162962 0.435020 0.007822 0.856546 0.166669 -0.069034 -0.483513
1473347545.284048 0.151097 0.444887 0.006883 0.857313 0.167787 -0.090001 -0.478290
1473347545.331113 0.142027 0.457120 0.010723 0.856372 0.165263 -0.100886 -0.478683
1473347545.378178 0.133813 0.467272 0.016366 0.855825 0.162818 -0.121179 -0.475782
1473347545.425244 0.125705 0.473113 0.023999 0.853627 0.165086 -0.138483 -0.474226
1473347545.472309 0.118157 0.467453 0.038850 0.848094 0.173634 -0.157401 -0.475198
1473347545.519374 0.112577 0.461403 0.049477 0.835898 0.182533 -0.168045 -0.489608
1473347545.566440 0.108056 0.452933 0.059224 0.827226 0.194162 -0.181461 -0.495046
1473347545.613505 0.106217 0.441407 0.068370 0.817203 0.199894 -0.190982 -0.505715
1473347545.660571 0.102455 0.442019 0.071441 0.810536 0.204985 -0.205995 -0.508507
1473347545.707636 0.103584 0.428432 0.077508 0.803857 0.210448 -0.213660 -0.513688
1473347545.754701 0.105751 0.413613 0.082714 0.797623 0.217734 -0.218848 -0.518165
1473347545.801767 0.108847 0.398528 0.086126 0.792502 0.225616 -0.222947 -0.520895
1473347545.848832 0.112593 0.383776 0.087758 0.789810 0.234233 -0.225071 -0.520267
1473347545.895897 0.118144 0.369205 0.088364 0.787279 0.241697 -0.228036 -0.519398
1473347545.942963 0.129420 0.334598 0.095806 0.786674 0.248912 -0.229822 -0.516109
1473347545.990028 0.136933 0.322293 0.093588 0.784922 0.259307 -0.229590 -0.513757
1473347546.037093 0.146493 0.311065 0.090503 0.781976 0.263280 -0.233259 -0.514576
1473347546.084159 0.156504 0.301007 0.086455 0.781462 0.270813 -0.231177 -0.512381
1473347546.131224 0.168742 0.291081 0.081980 0.782633 0.274405 -0.234900 -0.506961
1473347546.178290 0.182165 0.280613 0.076960 0.781269 0.279826 -0.235967 -0.505604
1473347546.225355 0.193334 0.268096 0.073689 0.780129 0.282130 -0.233624 -0.507170
1473347546.272420 0.208653 0.259125 0.067756 0.779499 0.282982 -0.233607 -0.507672
1473347546.319486 0.225278 0.252166 0.060165 0.780983 0.280689 -0.235524 -0.505774
1473347546.366551 0.241389 0.246900 0.051029 0.784172 0.280218 -0.233482 -0.502035
1473347546.413616 0.257802 0.243185 0.041369 0.786368 0.275894 -0.231759 -0.501792
1473347546.460682 0.273129 0.241894 0.030856 0.791138 0.275180 -0.232441 -0.494315
1473347546.507746 0.288582 0.223098 0.031184 0.796247 0.273531 -0.229794 -0.488228
1473347546.554813 0.303641 0.223515 0.021454 0.798355 0.271230 -0.229358 -0.486270
1473347546.601878 0.317580 0.225997 0.011065 0.806065 0.269392 -0.225993 -0.476041
1473347546.648943 0.331653 0.228026 0.001315 0.808782 0.267664 -0.225258 -0.472743
1473347546.696009 0.348252 0.229303 -0.008258 0.813657 0.263614 -0.217463 -0.470298
1473347546.743074 0.360071 0.232283 -0.019383 0.819537 0.261523 -0.215309 -0.462176
1473347546.790139 0.371674 0.234522 -0.031070 0.823017 0.258413 -0.206775 -0.461639
1473347546.837205 0.383116 0.236842 -0.043397 0.824600 0.252253 -0.202600 -0.464066
1473347546.884269 0.391574 0.234100 -0.055404 0.828902 0.250223 -0.195789 -0.460408
1473347546.931335 0.399442 0.238189 -0.069682 0.833857 0.245271 -0.188439 -0.457183
1473347546.978401 0.406034 0.243401 -0.085112 0.838651 0.241163 -0.180107 -0.453946
1473347547.025465 0.411106 0.249577 -0.100894 0.843281 0.235180 -0.168415 -0.452995
1473347547.072532 0.412355 0.260227 -0.123274 0.849505 0.227854 -0.157953 -0.448860
1473347547.119597 0.414609 0.267998 -0.137319 0.854320 0.218826 -0.146798 -0.447999
1473347547.166662 0.414703 0.276407 -0.150521 0.858821 0.212482 -0.135920 -0.445875
1473347547.213728 0.413302 0.284966 -0.162186 0.861599 0.205230 -0.123562 -0.447505
1473347547.260792 0.410751 0.295004 -0.173430 0.865378 0.195897 -0.114136 -0.446899
1473347547.307858 0.407455 0.306276 -0.183872 0.872178 0.181229 -0.108803 -0.441161
1473347547.354924 0.402863 0.318103 -0.193363 0.875900 0.166609 -0.101034 -0.441400
1473347547.401989 0.397013 0.330022 -0.201105 0.879371 0.153681 -0.096690 -0.440159
1473347547.449055 0.389298 0.341598 -0.207203 0.880662 0.144941 -0.089176 -0.442124
1473347547.496120 0.380443 0.352463 -0.211125 0.881506 0.136189 -0.083733 -0.444284
1473347547.543185 0.370411 0.362921 -0.213258 0.881681 0.125847 -0.075926 -0.448371
1473347547.590251 0.359484 0.372624 -0.213457 0.881748 0.117801 -0.071866 -0.451086
1473347547.637316 0.347437 0.381887 -0.212051 0.881561 0.107456 -0.068086 -0.454608
1473347547.684381 0.334019 0.390179 -0.209544 0.880409 0.097013 -0.061815 -0.460052
1473347547.731447 0.319571 0.397587 -0.205765 0.877788 0.084380 -0.053834 -0.468476
1473347547.778512 0.304682 0.404653 -0.201674 0.876308 0.072826 -0.049146 -0.473672
1473347547.825577 0.288700 0.411628 -0.197110 0.875357 0.062001 -0.045047 -0.477365
1473347547.872643 0.272184 0.417867 -0.192074 0.873640 0.051178 -0.040976 -0.482135
1473347547.919708 0.254993 0.423653 -0.186784 0.871740 0.039755 -0.034203 -0.487154
1473347547.966774 0.237653 0.429226 -0.181287 0.872043 0.032777 -0.033101 -0.487208
1473347548.013839 0.220130 0.434566 -0.174815 0.870227 0.020086 -0.023324 -0.491688
1473347548.060904 0.203478 0.439919 -0.167620 0.869175 0.004399 -0.021937 -0.493998
1473347548.107970 0.185505 0.444566 -0.159912 0.866322 -0.006590 -0.012591 -0.499283
1473347548.155035 0.167265 0.448215 -0.151996 0.863023 -0.015685 -0.008742 -0.504845
1473347548.202100 0.148714 0.451347 -0.144144 0.860549 -0.026343 -0.002303 -0.508680
1473347548.249166 0.130331 0.453330 -0.136409 0.858274 -0.033909 0.005358 -0.512043
1473347548.296231 0.111434 0.453841 -0.127765 0.854095 -0.040440 0.011683 -0.518411
1473347548.343296 0.092023 0.453721 -0.119103 0.848747 -0.045678 0.021425 -0.526386
1473347548.390362 0.072253 0.454223 -0.111189 0.844595 -0.052073 0.032230 -0.531892
1473347548.437427 0.051797 0.455884 -0.104559 0.844298 -0.055707 0.039792 -0.531483
1473347548.484493 0.030693 0.457484 -0.098499 0.843180 -0.060111 0.042940 -0.532532
1473347548.531558 0.009615 0.459061 -0.093869 0.840510 -0.066664 0.049049 -0.535437
1473347548.578623 -0.012830 0.461612 -0.090668 0.840703 -0.072061 0.054017 -0.533954
1473347548.625689 -0.035732 0.464238 -0.088485 0.842262 -0.076726 0.056301 -0.530602
1473347548.672754 -0.058623 0.465505 -0.086539 0.840358 -0.083868 0.057264 -0.532434
1473347548.719819 -0.081481 0.465843 -0.084606 0.837617 -0.092740 0.057155 -0.535285
1473347548.766885 -0.105016 0.465831 -0.082695 0.835926 -0.100502 0.059048 -0.536322
1473347548.813950 -0.130092 0.465925 -0.081557 0.834673 -0.105226 0.067172 -0.536411
1473347548.861016 -0.155603 0.466068 -0.080353 0.835295 -0.108557 0.071647 -0.534195
1473347548.908081 -0.181682 0.465131 -0.078745 0.833506 -0.110102 0.076039 -0.536063
1473347548.955146 -0.207769 0.463816 -0.077181 0.832075 -0.109958 0.083969 -0.537131
1473347549.002212 -0.232371 0.461865 -0.075342 0.830868 -0.112808 0.085055 -0.538236
1473347549.049277 -0.249706 0.376533 -0.088179 0.836209 -0.103213 0.076790 -0.533109
1473347549.096342 -0.275075 0.369651 -0.087237 0.836493 -0.104535 0.073798 -0.532828
1473347549.143408 -0.301281 0.361537 -0.085462 0.836316 -0.100688 0.071141 -0.534206
1473347549.190473 -0.327932 0.352496 -0.083478 0.836783 -0.091126 0.067436 -0.535670
1473347549.237538 -0.352910 0.345188 -0.082275 0.838977 -0.078682 0.062131 -0.534851
1473347549.284604 -0.376847 0.333114 -0.077941 0.837593 -0.067207 0.056305 -0.539213
1473347549.331669 -0.399177 0.319564 -0.071452 0.834258 -0.055341 0.049788 -0.546326
1473347549.378735 -0.418121 0.305895 -0.063285 0.831835 -0.047175 0.042101 -0.551410
1473347549.425800 -0.435351 0.290646 -0.054963 0.829789 -0.041839 0.034574 -0.555432
1473347549.472865 -0.443172 0.280575 -0.042882 0.827278 -0.040145 0.025361 -0.559782
1473347549.519931 -0.449988 0.267434 -0.028338 0.824820 -0.040298 0.019643 -0.563616
1473347549.566996 -0.452500 0.254415 -0.011623 0.821960 -0.042459 0.012559 -0.567822
1473347549.614061 -0.450865 0.241845 0.006529 0.819130 -0.046531 0.005821 -0.571688
1473347549.661127 -0.446267 0.230009 0.025647 0.817740 -0.047354 0.000642 -0.573636
1473347549.708192 -0.445212 0.218549 0.044006 0.815605 -0.047883 -0.005088 -0.576602
1473347549.755257 -0.434902 0.206590 0.061807 0.811680 -0.052746 -0.012106 -0.581589
1473347549.802323 -0.422598 0.195542 0.078083 0.810569 -0.053553 -0.016352 -0.582961
1473347549.849388 -0.407609 0.185086 0.091765 0.810169 -0.056697 -0.021285 -0.583060
1473347549.896454 -0.391796 0.175002 0.103317 0.809798 -0.054299 -0.016674 -0.583953
1473347549.943519 -0.373456 0.164780 0.113439 0.808626 -0.052427 -0.015944 -0.585765
1473347549.990584 -0.353460 0.154968 0.121996 0.806834 -0.049188 -0.007165 -0.588683
1473347550.037650 -0.330698 0.146375 0.128481 0.809840 -0.045048 -0.007905 -0.584866
1473347550.084715 -0.306206 0.138220 0.133038 0.811873 -0.043502 -0.007194 -0.582166
1473347550.131780 -0.280917 0.129970 0.136272 0.812278 -0.041411 -0.005933 -0.581768
1473347550.178846 -0.255230 0.121895 0.137597 0.813795 -0.040160 -0.006264 -0.579729
1473347550.225911 -0.229769 0.113164 0.136843 0.813208 -0.040108 -0.006429 -0.580554
1473347550.272977 -0.206235 0.105128 0.133698 0.816431 -0.035465 -0.003648 -0.576342
1473347550.320042 -0.183812 0.097454 0.129122 0.820510 -0.028252 -0.004760 -0.570914
1473347550.367107 -0.161076 0.088725 0.124046 0.820681 -0.028287 -0.003234 -0.570677
1473347550.414173 -0.139173 0.078870 0.118394 0.820764 -0.025295 -0.007175 -0.570661
1473347550.461238 -0.118633 0.067024 0.111474 0.820715 -0.018266 -0.012010 -0.570920
1473347550.508303 -0.098672 0.054500 0.104534 0.818442 -0.011687 -0.009845 -0.574385
1473347550.555369 -0.077005 0.043608 0.098388 0.817554 -0.011821 -0.012549 -0.575594
1473347550.602434 -0.055695 0.035806 0.092407 0.821177 -0.010786 -0.020893 -0.570190
1473347550.649499 -0.053006 0.007043 0.093863 0.823677 -0.007326 -0.021743 -0.566595
1473347550.696565 -0.032198 0.001110 0.089655 0.828681 -0.011049 -0.032513 -0.558667
1473347550.743629 -0.011053 -0.004005 0.084800 0.833131 -0.007229 -0.039459 -0.551619
1473347550.790696 0.010216 -0.009545 0.080037 0.833761 -0.004102 -0.037649 -0.550825
1473347550.837761 0.032216 -0.014233 0.074774 0.834527 -0.000388 -0.037232 -0.549707
1473347550.884826 0.055254 -0.017495 0.069537 0.835344 0.002279 -0.040072 -0.548261
1473347550.931892 0.078174 -0.019664 0.064255 0.833672 0.007487 -0.037950 -0.550903
1473347550.978957 0.102419 -0.020742 0.058736 0.832612 0.011297 -0.039973 -0.552297
1473347551.026022 0.127970 -0.021222 0.053239 0.831364 0.015292 -0.042728 -0.553873
1473347551.073088 0.154421 -0.020250 0.047378 0.832726 0.022539 -0.043665 -0.551500
1473347551.120152 0.183087 -0.018649 0.041518 0.835332 0.024909 -0.045888 -0.547261
1473347551.167218 0.211425 -0.017038 0.035831 0.838190 0.033547 -0.048282 -0.542201
1473347551.214284 0.227653 -0.025964 0.032047 0.839440 0.044113 -0.041153 -0.540093
1473347551.261349 0.258437 -0.023611 0.026807 0.841224 0.049685 -0.043482 -0.536640
1473347551.308415 0.286900 -0.021063 0.021579 0.842149 0.057287 -0.037522 -0.534879
1473347551.355480 0.315756 -0.017178 0.016837 0.842844 0.062515 -0.036195 -0.533288
1473347551.402545 0.343050 -0.011863 0.012368 0.841047 0.072100 -0.034509 -0.535024
1473347551.449611 0.369074 -0.004598 0.009041 0.839087 0.078003 -0.025024 -0.537795
1473347551.496675 0.394409 0.005247 0.007386 0.841142 0.081289 -0.028446 -0.533914
1473347551.543741 0.416588 0.016653 0.008463 0.844398 0.082923 -0.023898 -0.528720
1473347551.590807 0.437231 0.020831 0.014287 0.848790 0.082234 -0.026478 -0.521624
1473347551.637872 0.449372 0.032976 0.025229 0.852889 0.084547 -0.023994 -0.514642
1473347551.684937 0.453462 0.043897 0.043410 0.850105 0.096055 -0.015969 -0.517532
1473347551.732002 0.451692 0.054744 0.067388 0.843936 0.097904 -0.002904 -0.527427
1473347551.779068 0.444117 0.067837 0.093851 0.845349 0.095128 -0.005688 -0.525646
1473347551.826134 0.429237 0.080336 0.121113 0.841700 0.090037 -0.002648 -0.532379
1473347551.873199 0.411564 0.083015 0.143207 0.834220 0.082038 -0.004711 -0.545275
1473347551.920264 0.382304 0.096287 0.159517 0.832251 0.080771 -0.008428 -0.548418
1473347551.967330 0.345339 0.108483 0.165918 0.828921 0.084450 -0.018641 -0.552640
1473347552.014395 0.304197 0.118778 0.160795 0.823080 0.087325 -0.021432 -0.560762
1473347552.061460 0.270300 0.124363 0.145480 0.821147 0.087332 -0.027339 -0.563332
1473347552.108526 0.234635 0.129927 0.124087 0.823718 0.080390 -0.041842 -0.559710
1473347552.155591 0.201542 0.133306 0.094385 0.824151 0.072331 -0.045738 -0.559868
1473347552.202657 0.173369 0.134429 0.057263 0.826511 0.067388 -0.047766 -0.556828
1473347552.249722 0.156860 0.130732 0.017341 0.835328 0.065479 -0.049216 -0.543615
1473347552.296787 0.143113 0.128223 -0.024173 0.840890 0.070275 -0.039309 -0.535182
1473347552.343853 0.144073 0.126547 -0.062411 0.846943 0.075574 -0.024050 -0.525736
1473347552.390918 0.150568 0.125370 -0.088791 0.852289 0.074713 -0.010849 -0.517593
1473347552.437983 0.165076 0.126601 -0.103062 0.860069 0.073024 0.004818 -0.504902
1473347552.485049 0.186011 0.131838 -0.104121 0.864412 0.063038 0.017452 -0.498512
1473347552.532114 0.210072 0.141325 -0.092351 0.862474 0.055162 0.034954 -0.501870
1473347552.579179 0.230545 0.151454 -0.069744 0.860902 0.043801 0.046262 -0.504766
1473347552.626245 0.248036 0.167806 -0.033800 0.858197 0.043118 0.047533 -0.509292
1473347552.673310 0.251085 0.181865 0.003125 0.850481 0.037118 0.057089 -0.521579
1473347552.720376 0.241505 0.198519 0.042982 0.846819 0.027904 0.062604 -0.527446
1473347552.767441 0.224364 0.214982 0.078466 0.844125 0.022105 0.061771 -0.532118
1473347552.814506 0.192370 0.228331 0.107903 0.834643 0.022932 0.056799 -0.547375
1473347552.861572 0.158450 0.243295 0.127693 0.824025 0.026549 0.046640 -0.564006
1473347552.908637 0.122023 0.266173 0.133781 0.821426 0.026329 0.023869 -0.569207
1473347552.955702 0.083415 0.279971 0.124071 0.818265 0.019497 0.004215 -0.574495
1473347553.002768 0.043421 0.289263 0.099465 0.813524 0.014779 0.003425 -0.581334
1473347553.049833 0.004938 0.294241 0.062764 0.815777 0.022131 0.014640 -0.577757
1473347553.096898 -0.026865 0.292168 0.019535 0.827289 0.026163 0.018888 -0.560848
1473347553.143964 -0.056370 0.285394 -0.019737 0.832081 0.040848 0.029336 -0.552369
1473347553.191029 -0.088610 0.275215 -0.053930 0.831101 0.066068 0.044984 -0.550348
1473347553.238095 -0.122215 0.265831 -0.076227 0.830548 0.086381 0.051118 -0.547828
1473347553.285160 -0.156287 0.256627 -0.080885 0.833003 0.093050 0.042281 -0.543746
1473347553.332225 -0.191851 0.256661 -0.070442 0.832673 0.091818 0.025676 -0.545496
1473347553.379291 -0.228778 0.259684 -0.039945 0.821429 0.092889 0.013982 -0.562522
1473347553.426356 -0.258474 0.267401 -0.003241 0.808441 0.086643 -0.000981 -0.582164
1473347553.473421 -0.271047 0.285123 0.041477 0.803460 0.069322 -0.018124 -0.591032
1473347553.520487 -0.281851 0.303951 0.069877 0.806538 0.049343 -0.030920 -0.588307
1473347553.567552 -0.287501 0.322448 0.079710 0.814527 0.043519 -0.035794 -0.577383
1473347553.614618 -0.283423 0.333054 0.072218 0.823023 0.047596 -0.046646 -0.564085
1473347553.661683 -0.265744 0.330215 0.057265 0.828351 0.058527 -0.056905 -0.554231
1473347553.708748 -0.234971 0.313566 0.045123 0.822636 0.072358 -0.056622 -0.561096
1473347553.755814 -0.195521 0.292272 0.038623 0.821132 0.090609 -0.055078 -0.560802
1473347553.802879 -0.153282 0.273483 0.037562 0.827409 0.105269 -0.052927 -0.549101
1473347553.849944 -0.119186 0.260582 0.040469 0.830785 0.114176 -0.056515 -0.541817
1473347553.897010 -0.089692 0.254895 0.048727 0.826067 0.120421 -0.048314 -0.548432
1473347553.944075 -0.068732 0.264327 0.059216 0.828942 0.122920 -0.046012 -0.543717
1473347553.991140 -0.054483 0.286421 0.070062 0.831647 0.110290 -0.041576 -0.542652
1473347554.038206 -0.047634 0.319265 0.084182 0.830755 0.094722 -0.044666 -0.546699
1473347554.085271 -0.046347 0.350389 0.088576 0.827054 0.080267 -0.035427 -0.555233
1473347554.132337 -0.048443 0.384038 0.086096 0.826833 0.067219 -0.027576 -0.557735
1473347554.179402 -0.049374 0.417279 0.075823 0.836063 0.057617 -0.035343 -0.544454
1473347554.226467 -0.054933 0.435633 0.060033 0.834916 0.043495 -0.006859 -0.548613
1473347554.273533 -0.040424 0.444108 0.040490 0.850691 0.033613 -0.020478 -0.524190
1473347554.320598 -0.006904 0.427391 0.020132 0.854300 0.026666 -0.025197 -0.518485
1473347554.367663 0.023192 0.394732 0.004594 0.854531 0.053999 -0.027500 -0.515853
1473347554.414729 0.061397 0.351069 -0.009304 0.849631 0.105068 -0.011834 -0.516669
1473347554.461794 0.108283 0.314854 -0.019792 0.836614 0.150687 0.024510 -0.526088
1473347554.508859 0.152808 0.288004 -0.022740 0.818093 0.197253 0.082177 -0.533912
1473347554.555925 0.190332 0.269172 -0.010646 0.783726 0.229340 0.127849 -0.562878
1473347554.602990 0.208562 0.260297 0.004580 0.747315 0.275087 0.167962 -0.581064
1473347554.650056 0.207487 0.263805 0.020756 0.728104 0.309699 0.197719 -0.578669
1473347554.697121 0.191541 0.268027 0.029303 0.764904 0.325380 0.158955 -0.532712
1473347554.744186 0.174478 0.292946 0.031266 0.826871 0.301657 0.054891 -0.471459
1473347554.791252 0.152235 0.320374 0.022509 0.863953 0.248615 -0.058670 -0.433974
1473347554.838317 0.135477 0.340628 0.002767 0.877190 0.186557 -0.081526 -0.434843
1473347554.885382 0.118965 0.353538 -0.013880 0.879869 0.118108 -0.090845 -0.451252
1473347554.932448 0.120536 0.351468 -0.030077 0.878170 0.079770 -0.069263 -0.466537
1473347554.979513 0.141537 0.345698 -0.042370 0.866921 0.067220 -0.040419 -0.492235
1473347555.026579 0.165799 0.326644 -0.043157 0.855222 0.069999 -0.021578 -0.513059
1473347555.073644 0.201519 0.304860 -0.041411 0.845581 0.077322 0.012207 -0.528077
1473347555.120709 0.241621 0.285895 -0.030528 0.824037 0.084641 0.050354 -0.557910
1473347555.167775 0.284761 0.271496 -0.016474 0.799289 0.096852 0.095105 -0.585416
1473347555.214840 0.315930 0.268346 -0.001841 0.755861 0.122860 0.160645 -0.622714
1473347555.261905 0.342134 0.285683 0.007387 0.707402 0.143085 0.218145 -0.656903
1473347555.308971 0.353047 0.312448 0.018866 0.710591 0.171975 0.214824 -0.647561
1473347555.356035 0.343593 0.338874 0.019101 0.781181 0.207377 0.114609 -0.577595
1473347555.403101 0.343825 0.388289 0.020411 0.857478 0.196585 -0.061363 -0.471508
1473347555.450167 0.324088 0.437269 -0.002627 0.882162 0.156960 -0.111317 -0.429841
1473347555.497232 0.307734 0.470006 -0.010289 0.888220 0.137670 -0.128817 -0.418948
1473347555.544298 0.303100 0.487379 -0.001405 0.895369 0.106708 -0.102381 -0.420056
1473347555.591362 0.286349 0.494677 -0.005318 0.874064 0.129939 0.048067 -0.465636
1473347555.638428 0.289873 0.496699 -0.003060 0.835363 0.158075 0.124216 -0.511616
1473347555.685494 0.305556 0.476105 0.009209 0.808127 0.144913 0.155806 -0.549232
1473347555.732558 0.321965 0.447686 0.009763 0.795439 0.150830 0.155059 -0.566113
1473347555.779624 0.339077 0.417766 0.009618 0.806889 0.152488 0.128054 -0.556130
1473347555.826690 0.351326 0.386617 0.003611 0.834129 0.131188 0.071708 -0.530920
1473347555.873755 0.355260 0.353393 0.000695 0.837434 0.098184 0.060715 -0.534208
1473347555.920820 0.341764 0.315633 0.010067 0.816784 0.080473 0.084250 -0.565058
1473347555.967885 0.317745 0.282809 0.022050 0.785166 0.074709 0.099973 -0.606579
1473347556.014951 0.281643 0.255533 0.047316 0.746454 0.088276 0.126341 -0.647342
1473347556.062017 0.245793 0.236339 0.068081 0.709339 0.111142 0.142004 -0.681411
1473347556.109082 0.212108 0.235406 0.080804 -0.664439 -0.118323 -0.155986 0.721241
1473347556.156147 0.185919 0.231467 0.103262 -0.631572 -0.121273 -0.164897 0.747809
1473347556.203213 0.164965 0.241277 0.117092 -0.610396 -0.122954 -0.178971 0.761754
1473347556.250278 0.141800 0.263532 0.129010 -0.622904 -0.140405 -0.187553 0.746392
1473347556.297343 0.115790 0.294292 0.139348 -0.668291 -0.157038 -0.195631 0.700325
1473347556.344409 0.099043 0.342015 0.137620 0.791209 0.168637 0.098202 -0.579575
1473347556.391474 0.080394 0.380712 0.120088 0.874091 0.178430 0.037698 -0.450230
1473347556.438540 0.076990 0.394128 0.103480 0.878513 0.148561 0.004754 -0.454007
1473347556.485605 0.069168 0.394562 0.079460 0.863492 0.107416 0.041066 -0.491078
1473347556.532670 0.085040 0.377470 0.054498 0.852998 0.091729 0.007188 -0.513739
1473347556.579736 0.114014 0.366890 0.026100 0.849614 0.060558 -0.048883 -0.521632
1473347556.626801 0.139467 0.349314 -0.004547 0.863242 0.041287 -0.133989 -0.484928
1473347556.673866 0.158811 0.341014 -0.041252 0.876014 0.015540 -0.155833 -0.456152
1473347556.720932 0.165112 0.335414 -0.052983 0.886022 0.005322 -0.146918 -0.439717
1473347556.767997 0.161237 0.330646 -0.044163 0.858726 -0.009962 -0.046436 -0.510229
1473347556.815062 0.142944 0.337211 -0.024464 0.812801 0.006685 0.052748 -0.580110
1473347556.862128 0.122018 0.364033 -0.003129 0.774183 0.052399 0.123614 -0.618559
1473347556.909193 0.086273 0.397086 0.015838 0.781509 0.115446 0.121653 -0.600930
1473347556.956259 0.047601 0.445936 0.026854 0.838669 0.171907 0.057431 -0.513599
1473347557.003324 0.009232 0.496977 0.033653 0.890439 0.191553 -0.055365 -0.409098
1473347557.050389 -0.046772 0.542512 0.034630 0.899543 0.176642 -0.089124 -0.389457
1473347557.097455 -0.093442 0.574230 0.037193 0.847998 0.146472 0.052185 -0.506677
1473347557.144520 -0.135530 0.596244 0.032021 0.764513 0.116364 0.154770 -0.614838
1473347557.191585 -0.164397 0.618177 0.017084 0.771829 0.101679 0.109915 -0.617948
1473347557.238651 -0.177987 0.664408 -0.017865 0.885399 0.119498 -0.067063 -0.444175
1473347557.285716 -0.178975 0.664982 -0.044418 0.920874 0.077386 -0.173762 -0.340309
1473347557.332781 -0.165895 0.635739 -0.052554 0.903510 0.058006 -0.114932 -0.408773
1473347557.379847 -0.144935 0.591891 -0.060148 0.873927 0.062900 -0.058124 -0.478453
1473347557.426912 -0.111225 0.559502 -0.074344 0.840806 0.078856 -0.020773 -0.535160
1473347557.473978 -0.068763 0.511735 -0.082800 0.830731 0.094738 -0.010284 -0.548457
1473347557.521043 -0.017389 0.464022 -0.088223 0.829073 0.091059 -0.012505 -0.551534
1473347557.568108 0.034213 0.421917 -0.090968 0.848276 0.087311 -0.031310 -0.521368
1473347557.615174 0.076937 0.397131 -0.083839 0.862425 0.090744 -0.035795 -0.496696
1473347557.662239 0.115531 0.371530 -0.072894 0.884993 0.123045 -0.045181 -0.446773
1473347557.709304 0.146793 0.353140 -0.044062 0.904725 0.166600 -0.053291 -0.388428
1473347557.756370 0.179329 0.342354 -0.005322 0.910100 0.184814 -0.069175 -0.364385
1473347557.803435 0.197315 0.339340 0.045041 0.913876 0.215986 -0.078561 -0.334677
1473347557.850501 0.215942 0.329096 0.093674 0.897794 0.253891 -0.029289 -0.358674
1473347557.897566 0.226568 0.325566 0.143975 0.866030 0.272090 0.000897 -0.419473
1473347557.944631 0.229085 0.323517 0.174688 0.819044 0.281198 0.073592 -0.494649
1473347557.991697 0.231320 0.307706 0.192192 0.738247 0.268158 0.216093 -0.579989
1473347558.038762 0.215121 0.308944 0.202742 0.649446 0.283269 0.285352 -0.645409
1473347558.085827 0.206397 0.298402 0.195949 0.679425 0.314368 0.251462 -0.613450
1473347558.132893 0.191593 0.313703 0.199529 0.739177 0.359997 0.202340 -0.532051
1473347558.179958 0.175047 0.305299 0.220880 0.768803 0.389083 0.147062 -0.485725
1473347558.227023 0.162686 0.316013 0.221203 0.778148 0.388559 0.118126 -0.479118
1473347558.274089 0.135668 0.362523 0.200403 0.747097 0.403515 0.129787 -0.512033
1473347558.321154 0.124226 0.364678 0.184832 0.701667 0.412639 0.141691 -0.563309
1473347558.368220 0.129856 0.368234 0.168318 0.732543 0.390530 0.063013 -0.553982
1473347558.415285 0.145754 0.365979 0.147950 0.762715 0.334482 -0.025832 -0.552919
1473347558.462350 0.173103 0.355140 0.120511 0.785792 0.290125 -0.099051 -0.537166
1473347558.509416 0.209586 0.340467 0.085401 0.823199 0.244204 -0.168492 -0.484064
1473347558.556481 0.262067 0.331353 0.066549 0.859535 0.198023 -0.233518 -0.409212
1473347558.603546 0.312703 0.308870 0.029504 0.876196 0.158448 -0.253307 -0.378167
1473347558.650612 0.369005 0.288411 -0.007088 0.895774 0.099175 -0.269173 -0.339556
1473347558.697677 0.420745 0.270827 -0.032793 0.908351 0.038962 -0.223143 -0.351551
1473347558.744742 0.470275 0.269551 -0.045064 0.909935 -0.008877 -0.199923 -0.363276
1473347558.791808 0.487121 0.267150 -0.041995 0.901953 0.002623 -0.129766 -0.411867
1473347558.838873 0.476327 0.275173 -0.028856 0.875239 0.084112 -0.022980 -0.475766
1473347558.885939 0.455861 0.289244 -0.015473 0.835558 0.178862 0.057404 -0.516291
1473347558.933004 0.432859 0.303666 -0.002186 0.780878 0.260557 0.118860 -0.555168
1473347558.980069 0.409761 0.317011 0.007932 0.716505 0.313911 0.190036 -0.593267
1473347559.027135 0.376217 0.326668 0.017051 0.681027 0.370097 0.173771 -0.607482
1473347559.074200 0.361847 0.342938 0.027220 0.712175 0.379045 0.097930 -0.582701
1473347559.121265 0.360955 0.359560 0.026342 0.789816 0.354582 -0.040018 -0.498859
1473347559.168331 0.367869 0.366756 0.020059 0.842313 0.265015 -0.153391 -0.443562
1473347559.215396 0.363820 0.351488 0.019618 0.876403 0.165609 -0.195577 -0.407727
1473347559.262462 0.359607 0.324375 0.002749 0.876280 0.140895 -0.095766 -0.450678
1473347559.309527 0.320240 0.332486 -0.017693 0.835448 0.208188 0.033434 -0.507511
1473347559.356592 0.287480 0.316511 -0.026765 0.770336 0.316709 0.144891 -0.534120
1473347559.403658 0.270615 0.267955 -0.006636 0.688008 0.433633 0.244238 -0.528162
1473347559.450722 0.247429 0.264836 -0.000668 0.624286 0.476155 0.304896 -0.539056
1473347559.497788 0.277533 0.255537 -0.023322 0.626583 0.453612 0.272676 -0.572082
1473347559.544854 0.279471 0.255715 -0.007241 0.695877 0.374892 0.178208 -0.586049
1473347559.591919 0.299169 0.256574 -0.004620 0.801136 0.267467 0.024355 -0.534835
1473347559.638985 0.320234 0.250662 -0.017328 0.859905 0.165482 -0.088478 -0.474711
1473347559.686050 0.294881 0.264096 0.032851 0.884901 0.118558 -0.128753 -0.431644
1473347559.733115 0.297578 0.253610 0.036969 0.895623 0.097586 -0.130222 -0.413979
1473347559.780181 0.290527 0.251158 0.059641 0.898092 0.117020 -0.118685 -0.407003
1473347559.827245 0.270936 0.255306 0.099116 0.889127 0.161613 -0.089126 -0.418796
1473347559.874311 0.212838 0.301662 0.157045 0.871274 0.203103 -0.074770 -0.440500
1473347559.921377 0.174817 0.301983 0.203555 0.845443 0.246310 -0.085845 -0.466035
1473347559.968441 0.093114 0.305807 0.241269 0.819706 0.275514 -0.096186 -0.492872
1473347560.015507 0.043603 0.312813 0.251499 0.807722 0.294792 -0.100829 -0.500517
1473347560.062573 -0.005255 0.327733 0.241104 0.806247 0.284413 -0.086203 -0.511512
1473347560.109638 -0.046082 0.346028 0.214201 0.794738 0.266774 -0.088441 -0.537960
1473347560.156704 -0.066266 0.329754 0.189417 0.782572 0.240058 -0.050725 -0.572172
1473347560.203768 -0.085573 0.356870 0.139443 0.794250 0.222234 -0.075877 -0.560376
1473347560.250834 -0.092367 0.379114 0.083576 0.816453 0.184607 -0.076061 -0.541793
1473347560.297900 -0.087990 0.384030 0.028637 0.825429 0.156406 -0.068763 -0.538030
1473347560.344965 -0.077926 0.372629 -0.027617 0.840063 0.144963 -0.061137 -0.519175
1473347560.392030 -0.065993 0.343797 -0.074377 0.843435 0.146345 -0.051272 -0.514366
1473347560.439096 -0.009544 0.295143 -0.092690 0.843165 0.171777 -0.036742 -0.508150
1473347560.486161 0.002449 0.258372 -0.102225 0.851976 0.181379 -0.037011 -0.489765
1473347560.533226 0.011864 0.239158 -0.083984 0.858151 0.184320 -0.045675 -0.476988
1473347560.580292 0.016924 0.228344 -0.039418 0.853837 0.175978 -0.055735 -0.486711
1473347560.627357 -0.009870 0.246412 0.026414 0.839078 0.155310 -0.072027 -0.516370
1473347560.674423 -0.011620 0.252931 0.091793 0.821186 0.153189 -0.074744 -0.544610
1473347560.721488 -0.019873 0.276048 0.148874 0.819824 0.159638 -0.086040 -0.543140
1473347560.768553 -0.037726 0.296525 0.189540 0.810767 0.153906 -0.079840 -0.559102
1473347560.815619 -0.045578 0.324434 0.200722 0.793001 0.145222 -0.090968 -0.584624
1473347560.862684 -0.049250 0.332325 0.187615 0.795886 0.139711 -0.095365 -0.581336
1473347560.909749 -0.041264 0.304328 0.139176 0.813847 0.137545 -0.084306 -0.558236
1473347560.956815 -0.009288 0.266582 0.085088 0.828346 0.131925 -0.088886 -0.537157
1473347561.003880 0.058550 0.204628 0.024237 0.835792 0.134237 -0.075146 -0.527053
1473347561.050945 0.113436 0.141387 -0.018105 0.856183 0.144618 -0.078231 -0.489812
1473347561.098011 0.194646 0.085370 -0.019186 0.857792 0.154588 -0.084181 -0.482917
1473347561.145076 0.224036 0.062985 0.013840 0.847317 0.160459 -0.095581 -0.497163
1473347561.192142 0.229748 0.052888 0.084634 0.834762 0.178474 -0.087794 -0.513432
1473347561.239207 0.228437 0.068355 0.137590 0.828987 0.185132 -0.094749 -0.519162
1473347561.286272 0.220433 0.082213 0.172972 0.817599 0.186837 -0.098766 -0.535601
1473347561.333338 0.215346 0.093210 0.184918 0.809755 0.175263 -0.073827 -0.555094
1473347561.380403 0.218579 0.079990 0.166839 0.835051 0.160319 -0.071907 -0.521361
1473347561.427468 0.212862 0.047374 0.151039 0.842945 0.161772 -0.096388 -0.503967
1473347561.474534 0.207950 -0.017497 0.132600 0.822114 0.202142 -0.100343 -0.522684
1473347561.521599 0.210924 -0.064360 0.128257 0.810961 0.232750 -0.125612 -0.521912
1473347561.568665 0.229263 -0.087289 0.133028 0.812884 0.230871 -0.150042 -0.513230
1473347561.615730 0.263345 -0.095571 0.147184 0.809890 0.227341 -0.142584 -0.521598
1473347561.662795 0.337158 -0.096979 0.149398 0.804526 0.197872 -0.131564 -0.544313
1473347561.709861 0.402643 -0.083139 0.152430 0.812894 0.148555 -0.110507 -0.552198
1473347561.756926 0.471539 -0.073016 0.140885 0.820158 0.103133 -0.069469 -0.558461
1473347561.803991 0.526716 -0.063742 0.130159 0.828984 0.070998 -0.034389 -0.553680
1473347561.851057 0.562676 -0.061772 0.117987 0.835395 0.051009 -0.006189 -0.547243
1473347561.898122 0.565984 -0.065789 0.115756 0.843438 0.062745 -0.000022 -0.533549
1473347561.945187 0.579588 -0.088242 0.126617 0.850546 0.084490 -0.032670 -0.518041
1473347561.992253 0.558067 -0.093393 0.159391 0.844390 0.103121 -0.050951 -0.523236
1473347562.039318 0.527114 -0.108787 0.205910 0.830881 0.121370 -0.059823 -0.539747
1473347562.086384 0.511035 -0.102072 0.251202 0.826125 0.123587 -0.090922 -0.542196
1473347562.133449 0.491461 -0.089270 0.284673 0.817929 0.123248 -0.114815 -0.550109
1473347562.180514 0.461660 -0.077521 0.298015 0.808479 0.121926 -0.113012 -0.564557
1473347562.227580 0.424677 -0.060320 0.287217 0.816478 0.126830 -0.113081 -0.551807
1473347562.274645 0.389495 -0.041585 0.253433 0.830537 0.137369 -0.129233 -0.524059
1473347562.321710 0.372270 -0.047658 0.200264 0.843927 0.139608 -0.126327 -0.502334
1473347562.368776 0.365150 -0.050720 0.148230 0.845228 0.136939 -0.129035 -0.500187
1473347562.415841 0.374280 -0.063108 0.095855 0.843786 0.130280 -0.129733 -0.504203
1473347562.462906 0.397061 -0.076216 0.046452 0.850526 0.125186 -0.147127 -0.489169
1473347562.509972 0.423458 -0.090865 0.001413 0.850418 0.128340 -0.142848 -0.489808
1473347562.557037 0.471121 -0.084822 -0.017808 0.852520 0.135304 -0.132447 -0.487197
1473347562.604103 0.519133 -0.075169 -0.015622 0.861719 0.113939 -0.126847 -0.477879
1473347562.651168 0.564645 -0.049843 -0.002631 0.868259 0.080604 -0.113178 -0.476256
1473347562.698233 0.552613 -0.046492 0.035511 0.875003 0.078928 -0.092766 -0.468545
1473347562.745299 0.536512 -0.020597 0.052279 0.871398 0.092013 -0.085640 -0.474200
1473347562.792364 0.471199 -0.020707 0.069205 0.861324 0.140440 -0.097801 -0.478364
1473347562.839429 0.405881 -0.012616 0.081318 0.837899 0.193892 -0.113261 -0.497497
1473347562.886495 0.327260 -0.005680 0.080830 0.830760 0.228152 -0.134906 -0.489475
1473347562.933560 0.279451 0.022155 0.093392 0.835347 0.238542 -0.157601 -0.469526
1473347562.980625 0.255167 0.048974 0.118697 0.832010 0.249432 -0.150476 -0.472123
1473347563.027691 0.245683 0.070677 0.171401 0.811490 0.257274 -0.151276 -0.502404
1473347563.074756 0.235094 0.120022 0.244722 0.796045 0.253034 -0.156649 -0.527018
1473347563.121822 0.226354 0.143645 0.302774 0.782823 0.248984 -0.145372 -0.551418
1473347563.168887 0.214622 0.167996 0.348475 0.772435 0.255902 -0.151464 -0.561175
1473347563.215952 0.203583 0.194623 0.370198 0.749980 0.259670 -0.155895 -0.588046
1473347563.263018 0.197750 0.226986 0.356429 0.735989 0.263835 -0.164556 -0.601358
1473347563.310083 0.200499 0.258118 0.305739 0.732151 0.277411 -0.171178 -0.598077
1473347563.357148 0.218639 0.279523 0.226577 0.726149 0.279028 -0.172040 -0.604362
1473347563.404214 0.249058 0.292743 0.131878 0.738434 0.283197 -0.166240 -0.588964
1473347563.451279 0.286587 0.300820 0.039698 0.772169 0.271168 -0.153086 -0.553885
1473347563.498345 0.324782 0.303756 -0.042689 0.812798 0.261593 -0.124174 -0.505479
1473347563.545410 0.374777 0.361444 -0.090442 0.847713 0.245304 -0.104891 -0.458482
1473347563.592475 0.396315 0.373031 -0.101360 0.869000 0.224392 -0.103804 -0.428617
1473347563.639541 0.401887 0.394724 -0.070851 0.871869 0.209454 -0.111629 -0.428382
1473347563.686605 0.396542 0.422838 -0.009924 0.866938 0.197534 -0.124008 -0.440477
1473347563.733671 0.383225 0.447719 0.058539 0.866312 0.205025 -0.125760 -0.437782
1473347563.780737 0.364821 0.460241 0.125143 0.853805 0.227520 -0.090822 -0.459350
1473347563.827802 0.346108 0.457217 0.174343 0.822564 0.237335 -0.089092 -0.509041
1473347563.874867 0.341561 0.450958 0.190937 0.800891 0.214135 -0.127039 -0.544592
1473347563.921933 0.341538 0.440839 0.161290 0.812194 0.200228 -0.120710 -0.534490
1473347563.968998 0.358087 0.417157 0.098261 0.826748 0.171559 -0.120658 -0.522012
1473347564.016064 0.399546 0.383897 0.013563 0.846995 0.141541 -0.112213 -0.499974
1473347564.063128 0.433854 0.330898 -0.063540 0.870796 0.101847 -0.068126 -0.476132
1473347564.110194 0.457466 0.251442 -0.088920 0.879728 0.075401 -0.022980 -0.468897
1473347564.157260 0.451593 0.195498 -0.095386 0.878144 0.067088 -0.002652 -0.473662
1473347564.204325 0.415486 0.149337 -0.071735 0.861275 0.085135 0.001538 -0.500954
1473347564.251390 0.363277 0.117900 -0.035516 0.846500 0.125309 -0.001680 -0.517428
1473347564.298456 0.303538 0.095792 0.017050 0.848974 0.157172 -0.036124 -0.503224
1473347564.345521 0.272426 0.094338 0.065763 0.843133 0.153126 -0.050982 -0.512913
1473347564.392586 0.258780 0.094233 0.124860 0.838837 0.154765 -0.036573 -0.520637
1473347564.439651 0.260811 0.096217 0.185236 0.808115 0.131783 -0.011574 -0.573976
1473347564.486717 0.262535 0.107540 0.247201 0.763057 0.105559 0.039261 -0.636444
1473347564.533783 0.245225 0.118433 0.288432 0.747001 0.111271 0.111020 -0.645974
1473347564.580848 0.219912 0.135342 0.315654 0.771223 0.157511 0.145113 -0.599456
1473347564.627913 0.196520 0.145250 0.337474 0.796017 0.191234 0.144441 -0.555809
1473347564.674978 0.160901 0.169704 0.343961 0.833230 0.205913 0.090530 -0.505106
1473347564.722044 0.162861 0.183574 0.343608 0.865798 0.190072 0.004229 -0.462870
1473347564.769109 0.183123 0.185653 0.309027 0.869865 0.176761 -0.062949 -0.456210
1473347564.816175 0.208174 0.182257 0.261681 0.869115 0.180505 -0.161349 -0.431305
1473347564.863240 0.243423 0.168419 0.188499 0.864874 0.179763 -0.219411 -0.414170
1473347564.910306 0.280729 0.147300 0.105825 0.861311 0.169261 -0.218884 -0.426128
1473347564.957371 0.321459 0.118473 0.038725 0.876006 0.177503 -0.210302 -0.396080
1473347565.004436 0.343064 0.121568 -0.010468 0.899060 0.179020 -0.202818 -0.344249
1473347565.051502 0.356120 0.129088 -0.029857 0.905584 0.200067 -0.222050 -0.300972
1473347565.098567 0.338249 0.154235 -0.028315 0.891655 0.266437 -0.085598 -0.355859
1473347565.145632 0.308724 0.179096 -0.021324 0.779414 0.361234 0.110571 -0.499798
1473347565.192698 0.285107 0.214911 -0.012196 0.735987 0.403612 0.172768 -0.515336
1473347565.239763 0.258452 0.243644 0.006277 0.703907 0.412243 0.166090 -0.554061
1473347565.286828 0.237760 0.263956 0.021992 0.707171 0.416204 0.104819 -0.561869
1473347565.333894 0.213875 0.296377 0.024678 0.735725 0.367769 0.045779 -0.566885
1473347565.380959 0.204077 0.311816 0.024247 0.788798 0.290284 -0.058996 -0.538566
1473347565.428025 0.210353 0.315045 0.001267 0.801414 0.236190 -0.067341 -0.545357
1473347565.475090 0.219700 0.295498 -0.029758 0.834544 0.180866 -0.099773 -0.510754
1473347565.522155 0.248025 0.256191 -0.067997 0.858631 0.128361 -0.114162 -0.482954
1473347565.569221 0.289175 0.199522 -0.101809 0.867784 0.101102 -0.107735 -0.474470
1473347565.616286 0.360933 0.139873 -0.113209 0.874768 0.081545 -0.111943 -0.464327
1473347565.663351 0.413016 0.068906 -0.126515 0.867675 0.095177 -0.099008 -0.477786
1473347565.710417 0.463095 0.000704 -0.126070 0.857061 0.115935 -0.087674 -0.494287
1473347565.757482 0.507112 -0.055448 -0.109779 0.841283 0.129233 -0.078295 -0.519048
1473347565.804548 0.544021 -0.091125 -0.080217 0.836299 0.122747 -0.073226 -0.529316
1473347565.851613 0.572355 -0.109310 -0.042854 0.836865 0.102115 -0.086602 -0.530782
1473347565.898678 0.582127 -0.111426 -0.005223 0.833544 0.108294 -0.087553 -0.534614
1473347565.945744 0.578356 -0.093831 0.028462 0.835025 0.109122 -0.101088 -0.529723
1473347565.992809 0.551166 -0.064786 0.067958 0.843159 0.123490 -0.104423 -0.512765
1473347566.039874 0.519955 -0.021816 0.094631 0.840348 0.132755 -0.104892 -0.514966
1473347566.086940 0.483106 0.025408 0.118339 0.842192 0.148006 -0.107849 -0.507125
1473347566.134005 0.449858 0.069653 0.137487 0.841609 0.152534 -0.108968 -0.506511
1473347566.181070 0.427303 0.106942 0.152979 0.842830 0.139082 -0.134277 -0.502258
1473347566.228136 0.408096 0.132719 0.161154 0.824007 0.146288 -0.119087 -0.534258
1473347566.275201 0.394686 0.159142 0.156174 0.821149 0.157298 -0.113576 -0.536723
1473347566.322267 0.389446 0.181364 0.136284 0.821010 0.152505 -0.090199 -0.542724
1473347566.369332 0.391509 0.191872 0.103332 0.818773 0.147929 -0.065376 -0.550866
1473347566.416397 0.401447 0.188501 0.062554 0.823520 0.135721 -0.049904 -0.548548
1473347566.463463 0.415145 0.169628 0.020372 0.828058 0.132746 -0.048117 -0.542571
1473347566.510528 0.426466 0.147483 -0.015358 0.829871 0.140583 -0.047756 -0.537837
1473347566.557593 0.431482 0.141801 -0.037026 0.836949 0.138739 -0.056149 -0.526417
1473347566.604659 0.422082 0.163013 -0.041582 0.850077 0.133448 -0.064026 -0.505432
1473347566.651724 0.396787 0.207698 -0.032062 0.855494 0.127918 -0.057724 -0.498432
1473347566.698789 0.357163 0.269486 -0.015424 0.860308 0.129698 -0.057074 -0.489685
1473347566.745855 0.305107 0.342023 -0.000265 0.863042 0.138633 -0.036210 -0.484385
1473347566.792920 0.248843 0.418233 0.008904 0.865893 0.147750 -0.024743 -0.477271
1473347566.839986 0.191170 0.494710 0.015687 0.871005 0.152427 -0.023843 -0.466420
1473347566.887051 0.135879 0.561694 0.022571 0.864343 0.157304 -0.033186 -0.476513
1473347566.934116 0.129201 0.617741 0.009125 0.850933 0.177468 -0.028836 -0.493544
1473347566.981182 0.084886 0.662064 0.007911 0.844610 0.179582 -0.016128 -0.504108
1473347567.028247 0.051578 0.695345 0.005224 0.841506 0.168727 -0.006999 -0.513177
1473347567.075312 0.033590 0.715272 0.000706 0.855770 0.138119 -0.009219 -0.498494
1473347567.122378 0.034632 0.715670 -0.008950 0.857967 0.112941 -0.022971 -0.500610
1473347567.169443 0.041533 0.686683 -0.011074 0.854446 0.120150 -0.040972 -0.503793
1473347567.216508 0.062221 0.645981 -0.018821 0.852682 0.128725 -0.045038 -0.504317
1473347567.263574 0.092910 0.595149 -0.028090 0.849603 0.139525 -0.047261 -0.506433
1473347567.310639 0.140048 0.537448 -0.038881 0.847385 0.156801 -0.044459 -0.505348
1473347567.357705 0.174669 0.487571 -0.042416 0.858073 0.170703 -0.049063 -0.481834
1473347567.404770 0.199656 0.448759 -0.039217 0.865692 0.200006 -0.053502 -0.455755
1473347567.451835 0.210540 0.411050 -0.027492 0.859330 0.229221 -0.058582 -0.453406
1473347567.498901 0.201097 0.379635 -0.004201 0.851612 0.253566 -0.076208 -0.452386
1473347567.545966 0.183534 0.362252 0.019238 0.841912 0.268716 -0.096785 -0.457830
1473347567.593031 0.151848 0.351751 0.049274 0.833654 0.279363 -0.111785 -0.463122
1473347567.640097 0.121031 0.350594 0.077298 0.827111 0.287490 -0.102119 -0.472026
1473347567.687162 0.097964 0.354967 0.107154 0.823589 0.289667 -0.121816 -0.472182
1473347567.734228 0.075954 0.363025 0.128016 0.824652 0.275540 -0.136120 -0.474866
1473347567.781293 0.058048 0.371700 0.137190 0.816106 0.282812 -0.122229 -0.488926
1473347567.828358 0.055916 0.381384 0.134924 0.807636 0.288712 -0.125439 -0.498632
1473347567.875424 0.067204 0.390299 0.123988 0.815051 0.291872 -0.095296 -0.491346
1473347567.922489 0.092890 0.391385 0.112573 0.794700 0.307591 -0.049047 -0.520994
1473347567.969554 0.131183 0.383504 0.090825 0.773357 0.313860 -0.012244 -0.550691
1473347568.016620 0.170068 0.386715 0.074470 0.743114 0.343449 0.028139 -0.573614
1473347568.063685 0.234103 0.394052 0.048827 0.701008 0.369202 0.060243 -0.607164
1473347568.110750 0.282491 0.400979 0.033400 0.672599 0.395087 0.087654 -0.619543
1473347568.157816 0.331970 0.412989 0.021103 0.650104 0.413661 0.106889 -0.628351
1473347568.204881 0.377837 0.431301 0.014247 0.647783 0.424477 0.118501 -0.621413
1473347568.251947 0.409250 0.447915 0.010976 0.649568 0.424501 0.126272 -0.617993
1473347568.299011 0.443372 0.470693 0.010734 0.649689 0.423775 0.136888 -0.616102
1473347568.346077 0.472418 0.495344 0.011344 0.658579 0.412968 0.135142 -0.614383
1473347568.393143 0.491058 0.519145 0.008169 0.654545 0.410875 0.142383 -0.618449
1473347568.440208 0.499053 0.528449 0.000969 0.656714 0.404324 0.142847 -0.620358
1473347568.487273 0.492229 0.545827 -0.009501 0.670932 0.392004 0.118763 -0.618125
1473347568.534338 0.469674 0.554742 -0.028287 0.686193 0.385167 0.088643 -0.610678
1473347568.581404 0.436529 0.553692 -0.050531 0.719293 0.366071 0.033715 -0.589468
1473347568.628469 0.397590 0.540345 -0.068746 0.766183 0.333726 -0.040375 -0.547687
1473347568.675534 0.355317 0.533980 -0.085084 0.812714 0.286004 -0.106051 -0.496439
1473347568.722600 0.310679 0.518691 -0.082069 0.850861 0.241445 -0.167820 -0.435404
1473347568.769666 0.275765 0.507554 -0.062779 0.878950 0.193711 -0.221731 -0.375179
1473347568.816731 0.240637 0.497751 -0.015330 0.898990 0.153019 -0.260918 -0.316741
1473347568.863796 0.217019 0.494748 0.040106 0.901034 0.142602 -0.290297 -0.289014
1473347568.910861 0.192400 0.493254 0.105354 0.894366 0.154130 -0.300220 -0.293636
1473347568.957927 0.179043 0.491808 0.175243 0.881462 0.189543 -0.294594 -0.316720
1473347569.004992 0.174454 0.496610 0.239280 0.867661 0.220271 -0.292102 -0.336632
1473347569.052058 0.171584 0.496209 0.295992 0.852976 0.245888 -0.282437 -0.363593
1473347569.099123 0.175703 0.489668 0.335544 0.840799 0.254402 -0.278058 -0.388612
1473347569.146189 0.175370 0.489142 0.355595 0.837596 0.255510 -0.272049 -0.398920
1473347569.193254 0.173643 0.492332 0.349048 0.836314 0.259908 -0.262883 -0.404870
1473347569.240319 0.174342 0.498533 0.313965 0.840425 0.242917 -0.247423 -0.416484
1473347569.287385 0.176317 0.492140 0.247240 0.840079 0.233059 -0.228785 -0.433137
1473347569.334450 0.180563 0.497251 0.158339 0.844196 0.235609 -0.212759 -0.431920
1473347569.381515 0.195197 0.490504 0.047166 0.852412 0.246574 -0.202626 -0.414171
1473347569.428581 0.216538 0.486541 -0.051974 0.856990 0.268782 -0.151894 -0.412617
1473347569.475646 0.246674 0.483440 -0.127074 0.861231 0.292116 -0.101512 -0.403292
1473347569.522711 0.272140 0.484286 -0.165977 0.883528 0.291225 -0.072148 -0.359669
1473347569.569777 0.291344 0.491439 -0.155998 0.892927 0.271823 -0.078025 -0.350293
1473347569.616842 0.297436 0.504299 -0.110172 0.889956 0.262598 -0.097614 -0.359849
1473347569.663908 0.287543 0.530456 -0.037493 0.875927 0.281843 -0.121552 -0.372213
1473347569.710973 0.279977 0.552609 0.044067 0.848829 0.302873 -0.128623 -0.413779
1473347569.758038 0.268570 0.574116 0.118795 0.816012 0.314365 -0.123595 -0.469066
1473347569.805104 0.261135 0.599985 0.175489 0.798701 0.302337 -0.130973 -0.503503
1473347569.852169 0.243123 0.630838 0.201244 0.801033 0.297721 -0.135895 -0.501239
1473347569.899234 0.223723 0.653571 0.205758 0.799460 0.301037 -0.128947 -0.503601
1473347569.946300 0.199789 0.673135 0.186099 0.796659 0.317311 -0.131169 -0.497437
1473347569.993365 0.173624 0.690895 0.145517 0.802401 0.332017 -0.119931 -0.481180
1473347570.040430 0.161742 0.716830 0.076234 0.817310 0.341284 -0.135824 -0.443938
1473347570.087496 0.145552 0.719698 0.026652 0.832918 0.331895 -0.145123 -0.418369
1473347570.134561 0.148639 0.720456 -0.052448 0.838746 0.326798 -0.173117 -0.399672
1473347570.181627 0.155348 0.702050 -0.112520 0.843555 0.324608 -0.169183 -0.392964
1473347570.228692 0.172443 0.693520 -0.172978 0.845034 0.327557 -0.159666 -0.391320
1473347570.275757 0.200483 0.663325 -0.219746 0.857857 0.316683 -0.165908 -0.369144
1473347570.322823 0.233051 0.620655 -0.242034 0.874254 0.297786 -0.154444 -0.350928
1473347570.369888 0.276597 0.589226 -0.253897 0.890836 0.264872 -0.150011 -0.337269
1473347570.416953 0.307715 0.552148 -0.252981 0.902588 0.236448 -0.136324 -0.332931
1473347570.464019 0.342212 0.522208 -0.233969 0.897612 0.231460 -0.113456 -0.357556
1473347570.511084 0.339323 0.484985 -0.185337 0.886839 0.232780 -0.102490 -0.385780
1473347570.558150 0.323898 0.468578 -0.164193 0.885470 0.230976 -0.113412 -0.386951
1473347570.605215 0.278948 0.458995 -0.125034 0.878361 0.233653 -0.152827 -0.387985
1473347570.652280 0.252149 0.457585 -0.100063 0.859210 0.253640 -0.180846 -0.405856
1473347570.699346 0.245678 0.489351 -0.089684 0.831864 0.284365 -0.177374 -0.442354
1473347570.746411 0.252996 0.519920 -0.070359 0.820772 0.285005 -0.161508 -0.467997
1473347570.793476 0.275184 0.544159 -0.065861 0.840379 0.266980 -0.139749 -0.450505
1473347570.840542 0.295516 0.556547 -0.054854 0.852462 0.227238 -0.123671 -0.454287
1473347570.887607 0.297350 0.533984 -0.046931 0.859085 0.212850 -0.122716 -0.449008
1473347570.934673 0.284050 0.488291 -0.053556 0.855198 0.246914 -0.120967 -0.439360
1473347570.981738 0.271195 0.422626 -0.061745 0.842412 0.304141 -0.125870 -0.426610
1473347571.028803 0.261931 0.394673 -0.054931 0.851531 0.323053 -0.136661 -0.389687
1473347571.075869 0.248081 0.405426 -0.025052 0.857317 0.330199 -0.148228 -0.366066
1473347571.122934 0.251585 0.405991 0.033783 0.841332 0.357058 -0.144883 -0.379049
1473347571.169999 0.265903 0.402981 0.110377 0.813551 0.392049 -0.131436 -0.408847
1473347571.217065 0.274121 0.414074 0.183521 0.791308 0.400144 -0.117660 -0.447071
1473347571.264130 0.278900 0.423229 0.254523 0.780985 0.396534 -0.132246 -0.464040
1473347571.311195 0.279746 0.442639 0.308450 0.773993 0.386328 -0.142408 -0.481045
1473347571.358261 0.289093 0.454962 0.333693 0.766459 0.387108 -0.147858 -0.490741
1473347571.405326 0.288176 0.475319 0.341826 0.766575 0.384113 -0.151387 -0.491835
1473347571.452392 0.293515 0.495876 0.325168 0.768854 0.372414 -0.153688 -0.496540
1473347571.499457 0.308152 0.515993 0.282808 0.770706 0.358737 -0.155800 -0.503037
1473347571.546522 0.337054 0.535471 0.217217 0.782983 0.331458 -0.161774 -0.500901
1473347571.593588 0.379187 0.550600 0.132699 0.802155 0.313641 -0.181375 -0.474636
1473347571.640653 0.420873 0.565323 0.055096 0.829191 0.283687 -0.154481 -0.456179
1473347571.687718 0.464785 0.570062 -0.026569 0.857548 0.271843 -0.156224 -0.407807
1473347571.734784 0.503093 0.556306 -0.086315 0.881121 0.233145 -0.122370 -0.392803
1473347571.781849 0.507022 0.538421 -0.135404 0.901604 0.208422 -0.115103 -0.361139
1473347571.828914 0.486240 0.508967 -0.158202 0.894957 0.259466 -0.096334 -0.349928
1473347571.875980 0.444511 0.473164 -0.159637 0.865616 0.318294 -0.104964 -0.371995
1473347571.923045 0.405163 0.481936 -0.149079 0.841543 0.350509 -0.122770 -0.392271
1473347571.970111 0.388995 0.520871 -0.126960 0.845747 0.328961 -0.117053 -0.403479
1473347572.017176 0.387870 0.578785 -0.102421 0.854856 0.283574 -0.093444 -0.424353
1473347572.064241 0.392173 0.623185 -0.086983 0.870484 0.219633 -0.055812 -0.436926
1473347572.111307 0.384949 0.626832 -0.082275 0.890450 0.154378 -0.059453 -0.423947
1473347572.158372 0.346531 0.576237 -0.082756 0.882825 0.187087 -0.070797 -0.424977
1473347572.205437 0.285112 0.486819 -0.070297 0.852648 0.268529 -0.091202 -0.438823
1473347572.252503 0.243535 0.427472 -0.052248 0.821288 0.330826 -0.109632 -0.451687
1473347572.299568 0.214529 0.422236 -0.005332 0.822007 0.329692 -0.135196 -0.444218
1473347572.346633 0.210997 0.451121 0.060917 0.826657 0.298170 -0.141083 -0.455882
1473347572.393698 0.227166 0.491852 0.141514 0.827351 0.263887 -0.132703 -0.477748
1473347572.440764 0.224262 0.514530 0.217151 0.826290 0.234829 -0.131367 -0.494817
1473347572.487830 0.208428 0.518288 0.280542 0.817786 0.221920 -0.129426 -0.515002
1473347572.534895 0.186435 0.509482 0.313057 0.800690 0.219617 -0.125336 -0.543097
1473347572.581960 0.167310 0.499820 0.299736 0.798214 0.222649 -0.138958 -0.542192
1473347572.629026 0.155956 0.488346 0.236556 0.798504 0.245342 -0.134675 -0.532974
1473347572.676091 0.161680 0.476036 0.135507 0.803444 0.258636 -0.111112 -0.524633
1473347572.723156 0.188101 0.462221 0.009733 0.833409 0.279497 -0.088556 -0.468475
1473347572.770221 0.282767 0.471370 -0.143985 0.854527 0.304138 -0.061281 -0.416567
1473347572.817287 0.331294 0.443273 -0.233242 0.874644 0.324028 -0.005667 -0.360515
1473347572.864352 0.345112 0.411349 -0.243319 0.896428 0.307039 0.007408 -0.319514
1473347572.911417 0.331701 0.423193 -0.206422 0.898201 0.286829 -0.020732 -0.332467
1473347572.958483 0.273101 0.459099 -0.135204 0.879294 0.290038 -0.055839 -0.373633
1473347573.005549 0.227430 0.484012 -0.031715 0.846456 0.306862 -0.079183 -0.427876
1473347573.052614 0.194236 0.503148 0.071881 0.812528 0.310205 -0.106556 -0.481889
1473347573.099679 0.182340 0.515437 0.146347 0.780067 0.298561 -0.145643 -0.530231
1473347573.146744 0.200545 0.534821 0.192437 0.758246 0.283048 -0.171692 -0.561667
1473347573.193810 0.217536 0.546546 0.168388 0.766134 0.270092 -0.190252 -0.551265
1473347573.240875 0.238592 0.537688 0.093352 0.789108 0.261590 -0.169857 -0.529176
1473347573.287941 0.275139 0.535747 -0.003213 0.823264 0.250245 -0.137663 -0.490573
1473347573.335006 0.319557 0.520968 -0.104816 0.862131 0.241342 -0.081425 -0.438011
1473347573.382072 0.354476 0.499752 -0.170502 0.873991 0.256934 -0.036743 -0.410822
1473347573.429137 0.386420 0.464158 -0.188339 0.889748 0.241529 -0.035400 -0.385694
1473347573.476202 0.373990 0.462074 -0.167727 0.885327 0.244796 -0.039493 -0.393333
1473347573.523268 0.325669 0.441512 -0.106581 0.872270 0.245101 -0.028077 -0.422235
1473347573.570333 0.281478 0.430287 -0.057063 0.864541 0.216235 -0.003022 -0.453653
1473347573.617398 0.228537 0.385946 -0.003876 0.866625 0.184448 0.000925 -0.463615
1473347573.664464 0.177435 0.329515 0.024431 0.852577 0.202038 -0.021894 -0.481470
1473347573.711529 0.128773 0.288131 0.036433 0.844393 0.242012 -0.047314 -0.475597
1473347573.758594 0.092410 0.269620 0.059273 0.846154 0.286741 -0.051202 -0.446297
1473347573.805660 0.056914 0.278174 0.098613 0.853566 0.283910 -0.062781 -0.432294
1473347573.852725 0.044716 0.298997 0.155259 0.846374 0.278317 -0.054447 -0.450806
1473347573.899791 0.032275 0.321177 0.216122 0.829028 0.292376 -0.018270 -0.476335
1473347573.946856 0.020576 0.340434 0.266268 0.804073 0.306181 0.039247 -0.508113
1473347573.993921 0.006474 0.358977 0.303799 0.783172 0.319294 0.080466 -0.527464
1473347574.040987 -0.007015 0.377594 0.320604 0.766200 0.327475 0.121574 -0.539367
1473347574.088052 -0.013098 0.396480 0.319205 0.769805 0.327914 0.118810 -0.534563
1473347574.135117 -0.004961 0.410695 0.299494 0.790326 0.318251 0.057428 -0.520388
1473347574.182183 0.042375 0.459419 0.218164 0.812245 0.294646 -0.021951 -0.502951
1473347574.229248 0.077429 0.460794 0.153101 0.831491 0.260185 -0.091243 -0.482287
1473347574.276313 0.110378 0.425864 0.087388 0.841668 0.230815 -0.138951 -0.467987
1473347574.323379 0.156662 0.411959 0.005276 0.847406 0.200224 -0.149628 -0.468427
1473347574.370444 0.216731 0.415691 -0.076580 0.878481 0.168924 -0.136058 -0.425704
1473347574.417510 0.263550 0.412550 -0.124204 0.910488 0.117656 -0.122699 -0.376980
1473347574.464575 0.303326 0.393767 -0.126844 0.919858 0.087789 -0.103557 -0.368009
1473347574.511640 0.331186 0.414081 -0.112478 0.914022 0.078802 -0.080952 -0.389617
1473347574.558706 0.355272 0.462452 -0.079875 0.902895 0.072507 -0.027119 -0.422832
1473347574.605771 0.371906 0.520012 -0.042844 0.890933 0.043892 0.050340 -0.449197
1473347574.652836 0.383849 0.580950 0.006864 0.867313 0.002424 0.112668 -0.484839
1473347574.699902 0.366409 0.616856 0.039332 0.846529 -0.038971 0.164592 -0.504757
1473347574.746967 0.324512 0.640290 0.057989 0.841362 -0.062680 0.145784 -0.516650
1473347574.794033 0.267035 0.643475 0.061370 0.848062 -0.044136 0.134217 -0.510715
1473347574.841098 0.195684 0.617326 0.061455 0.860510 -0.029838 0.103329 -0.497952
1473347574.888163 0.144965 0.606639 0.063111 0.867764 -0.015504 0.082831 -0.489779
1473347574.935229 0.099730 0.576487 0.077502 0.882488 -0.008921 0.042854 -0.468294
1473347574.982294 0.083868 0.541820 0.092800 0.873856 0.014492 0.026119 -0.485266
1473347575.029359 0.090848 0.495680 0.099658 0.869587 0.028941 -0.003783 -0.492916
1473347575.076425 0.111513 0.437169 0.098098 0.875866 0.047043 -0.034447 -0.479019
1473347575.123490 0.148026 0.382908 0.083356 0.884575 0.067809 -0.067375 -0.456497
1473347575.170555 0.172139 0.317816 0.071711 0.891898 0.096053 -0.090130 -0.432630
1473347575.217621 0.186532 0.263117 0.071145 0.895154 0.115853 -0.106499 -0.417056
1473347575.264686 0.184639 0.234267 0.088784 0.893456 0.126341 -0.113855 -0.415706
1473347575.311752 0.167047 0.227611 0.123647 0.886218 0.126014 -0.126560 -0.427458
1473347575.358817 0.137609 0.236085 0.162923 0.871303 0.114277 -0.116929 -0.462709
1473347575.405882 0.115105 0.283280 0.200068 0.860580 0.096603 -0.132430 -0.482216
1473347575.452948 0.062979 0.312406 0.222908 0.861765 0.088226 -0.112379 -0.486773
1473347575.500013 0.013657 0.342757 0.229112 0.864511 0.078341 -0.111870 -0.483702
1473347575.547078 -0.020524 0.365427 0.211713 0.876107 0.066704 -0.091978 -0.468538
1473347575.594144 -0.043603 0.371163 0.175465 0.887527 0.050426 -0.070546 -0.452522
1473347575.641209 -0.033046 0.354158 0.127226 0.895220 0.031452 -0.030854 -0.443440
1473347575.688275 -0.009990 0.312660 0.060859 0.895713 0.028837 0.006909 -0.443643
1473347575.735340 0.005304 0.252498 0.004326 0.892643 0.043767 0.035670 -0.447213
1473347575.782405 0.003119 0.184710 -0.038844 0.891731 0.078050 0.048210 -0.443170
1473347575.829471 -0.012587 0.128373 -0.055729 0.879729 0.128164 0.055097 -0.454550
1473347575.876536 -0.034059 0.086615 -0.037802 0.853272 0.172808 0.059010 -0.488448
1473347575.923601 -0.053826 0.088938 -0.007974 0.820663 0.208329 0.094663 -0.523593
1473347575.970667 -0.063859 0.104505 0.029666 0.789951 0.251770 0.159449 -0.535878
1473347576.017732 -0.049953 0.143894 0.049035 0.765876 0.273742 0.225302 -0.536412
1473347576.064797 -0.018422 0.179793 0.060618 0.764683 0.273422 0.246573 -0.528869
1473347576.111863 0.018060 0.207322 0.062117 0.791834 0.222221 0.253455 -0.509291
1473347576.158928 0.063625 0.224681 0.048471 0.817611 0.160283 0.209997 -0.511589
1473347576.205994 0.092568 0.206762 0.030936 0.847009 0.093998 0.144809 -0.502763
1473347576.253059 0.133259 0.214313 -0.011132 0.888681 0.031431 0.040171 -0.455680
1473347576.300124 0.145557 0.193015 -0.043186 0.919863 -0.041538 -0.066854 -0.384261
1473347576.347190 0.135461 0.174003 -0.065597 0.937384 -0.098521 -0.148080 -0.299463
1473347576.394255 0.122492 0.181374 -0.060851 0.944832 -0.104375 -0.169261 -0.260286
1473347576.441320 0.115428 0.205272 -0.017164 0.950494 -0.032822 -0.128793 -0.280885
1473347576.488386 0.105618 0.248169 0.044081 0.944011 0.036839 -0.089850 -0.315297
1473347576.535451 0.102579 0.277690 0.131275 0.927500 0.109381 -0.050632 -0.353858
1473347576.582516 0.100361 0.311855 0.216270 0.898423 0.170883 0.004608 -0.404492
1473347576.629581 0.102454 0.352876 0.303366 0.882105 0.191949 -0.003034 -0.430159
1473347576.676647 0.110881 0.383162 0.383880 0.872995 0.189713 -0.032356 -0.448153
1473347576.723713 0.113275 0.408737 0.452583 0.865063 0.182737 -0.061906 -0.463078
