1468940293.878919 0.002630 0.013434 -0.000210 -0.706209 -0.004029 -0.003958 0.707981
1468940294.760227 0.072433 0.017385 0.001411 -0.703331 0.007335 -0.024664 0.710397
1468940295.200880 0.159791 0.016957 -0.002478 -0.703317 0.011344 -0.038301 0.709753
1468940295.641534 0.254694 0.021113 -0.001185 -0.697674 0.018480 -0.048224 0.714551
1468940296.082188 0.338960 0.026020 -0.006747 -0.699084 0.025671 -0.066295 0.711496
1468940297.139757 0.221305 0.007408 -0.002012 -0.700382 0.018931 -0.062927 0.710737
1468940297.404149 0.134074 -0.001972 0.010727 -0.701196 0.012087 -0.052692 0.710916
1468940297.932933 0.020030 0.008027 0.105084 0.750480 0.019266 0.083892 -0.655264
1468940298.549848 -0.113790 0.048159 0.241974 0.804368 0.099186 0.095721 -0.577921
1468940299.431156 0.000708 -0.177454 0.073446 -0.684738 0.000389 0.021465 0.728473
1468940300.136201 0.238357 -0.352376 -0.167334 -0.688261 0.082182 0.131670 0.708665
1468940300.841247 0.432003 -0.248992 -0.215587 -0.686604 -0.015853 0.099966 0.719951
1468940301.281901 0.456994 -0.176180 -0.067053 -0.686520 -0.101430 0.022351 0.719655
1468940301.325966 0.502989 -0.155166 -0.025009 -0.697041 -0.121562 0.027410 0.706119
1468940301.370032 0.500520 -0.149973 -0.002322 -0.694812 -0.131740 0.015909 0.706844
1468940301.414097 0.497520 -0.144703 0.020366 -0.696492 -0.142637 0.010956 0.703160
1468940301.458162 0.494685 -0.139276 0.043825 -0.696263 -0.150999 0.002322 0.701721
1468940301.502228 0.491698 -0.133884 0.067608 -0.696271 -0.158203 -0.009573 0.700062
1468940301.546293 0.487554 -0.128793 0.091109 0.698234 0.166552 0.026587 -0.695717
1468940301.590359 0.481706 -0.124349 0.114434 -0.695011 -0.172920 -0.039702 0.696765
1468940301.634424 0.513495 -0.118142 0.126996 -0.689487 -0.181479 -0.037403 0.700195
1468940301.678489 0.504795 -0.115867 0.147468 -0.688230 -0.184909 -0.047665 0.699911
1468940301.722555 0.494354 -0.113267 0.165651 -0.690435 -0.183969 -0.057690 0.697227
1468940301.766620 0.482489 -0.110246 0.180934 0.698803 0.177747 0.075468 -0.688756
1468940301.810685 0.468605 -0.107527 0.194182 0.700592 0.176827 0.089844 -0.685442
1468940301.854751 0.453320 -0.104799 0.205731 0.702149 0.169723 0.104025 -0.683637
1468940301.898816 0.437714 -0.102113 0.215051 0.698923 0.162098 0.110867 -0.687706
1468940301.942881 0.421570 -0.099389 0.222160 0.695466 0.146943 0.112042 -0.694393
1468940301.986947 0.425443 -0.071817 0.155541 -0.693063 -0.136293 -0.114095 0.698620
1468940302.031012 0.398193 -0.074651 0.154013 -0.691631 -0.120637 -0.122855 0.701427
1468940302.075078 0.381146 -0.072762 0.154375 -0.692803 -0.102667 -0.129229 0.701986
1468940302.119143 0.364514 -0.070960 0.152311 -0.697577 -0.081904 -0.133777 0.699129
1468940302.163208 0.347237 -0.069274 0.147740 -0.695733 -0.068506 -0.132183 0.702702
1468940302.207274 0.330333 -0.066650 0.139801 -0.698293 -0.054773 -0.131195 0.701551
1468940302.251339 0.313651 -0.063486 0.129296 -0.699640 -0.045353 -0.127787 0.701510
1468940302.295404 0.298021 -0.059809 0.116813 -0.698868 -0.034954 -0.128849 0.702680
1468940302.339470 0.282698 -0.055619 0.102456 -0.700558 -0.027787 -0.126559 0.701733
1468940302.383535 0.268112 -0.051304 0.087016 0.702407 0.015384 0.118942 -0.701598
1468940302.427600 0.254095 -0.046892 0.070627 0.703623 0.002702 0.114770 -0.701238
1468940302.471666 0.241246 -0.042801 0.053577 0.705772 -0.013108 0.108906 -0.699895
1468940302.515731 0.163141 -0.037079 0.040644 0.709540 -0.032891 0.110473 -0.695174
1468940302.559797 0.148927 -0.033063 0.022338 0.708334 -0.048443 0.105273 -0.696300
1468940302.603862 0.134134 -0.028984 0.002418 0.709424 -0.057953 0.102780 -0.694835
1468940302.647927 0.119288 -0.024980 -0.018319 0.710261 -0.064950 0.099916 -0.693778
1468940302.691993 0.104370 -0.020788 -0.039485 0.712265 -0.072025 0.097275 -0.691396
1468940302.736058 0.089319 -0.016698 -0.060348 0.711272 -0.078519 0.097177 -0.691725
1468940302.780123 0.069933 0.001334 -0.082410 0.708397 -0.080503 0.092431 -0.695089
1468940302.824189 0.053755 0.004485 -0.101496 0.704702 -0.089807 0.087947 -0.698281
1468940302.868254 0.036639 0.007468 -0.120180 -0.700270 0.095980 -0.089492 0.701713
1468940302.912320 0.019043 0.010796 -0.138054 -0.699763 0.094906 -0.087784 0.702580
1468940302.956385 0.001412 0.014583 -0.155121 0.703514 -0.094170 0.084422 -0.699338
1468940303.000450 -0.015477 0.019204 -0.170233 0.710297 -0.094110 0.080295 -0.692946
1468940303.044516 -0.018702 0.012656 -0.204201 0.714019 -0.090061 0.074224 -0.690331
1468940303.088581 -0.034296 0.017845 -0.215127 0.720890 -0.091137 0.067486 -0.683708
1468940303.132646 -0.050112 0.024127 -0.224846 0.727389 -0.092060 0.061255 -0.677258
1468940303.176712 -0.066143 0.031723 -0.232074 0.730590 -0.087433 0.057494 -0.674750
1468940303.220777 -0.081234 0.040277 -0.236061 0.735784 -0.083435 0.052145 -0.670031
1468940303.264842 -0.095902 0.050212 -0.235630 0.737317 -0.081137 0.042591 -0.669302
1468940303.308908 -0.110159 0.061702 -0.230800 0.734068 -0.072884 0.035303 -0.674229
1468940303.352973 -0.123130 0.074386 -0.223029 0.728398 -0.062850 0.030566 -0.681581
1468940303.397039 -0.133155 0.087013 -0.213476 0.722563 -0.056628 0.026793 -0.688461
1468940303.441104 -0.141020 0.099690 -0.201606 0.719324 -0.053307 0.021063 -0.692306
1468940303.485169 -0.146981 0.111880 -0.187220 0.716870 -0.048334 0.015701 -0.695352
1468940303.529235 -0.150699 0.122594 -0.170578 0.719729 -0.040346 0.016210 -0.692892
1468940303.573300 -0.151730 0.131717 -0.153128 0.728629 -0.032781 0.017290 -0.683905
1468940303.617365 -0.149372 0.138878 -0.135141 0.733328 -0.025879 0.013852 -0.679241
1468940303.661431 -0.143222 0.144543 -0.116214 0.741472 -0.017048 0.015345 -0.670591
1468940303.705496 -0.132872 0.148838 -0.096594 0.735523 -0.011165 0.014375 -0.677255
1468940303.749562 -0.140149 0.113652 -0.094789 0.737565 -0.011720 0.019839 -0.674883
1468940303.793628 -0.119892 0.115156 -0.077606 0.735003 -0.010564 0.015939 -0.677794
1468940303.837692 -0.105702 0.114210 -0.059992 0.738972 -0.004752 0.016055 -0.673528
1468940303.881758 -0.090681 0.111969 -0.041701 0.737053 -0.003488 0.009876 -0.675754
1468940303.925823 -0.075382 0.109294 -0.024184 0.742437 0.003823 0.001651 -0.669903
1468940303.969888 -0.059183 0.106093 -0.007627 0.744581 0.006692 -0.016158 -0.667303
1468940304.013954 -0.043216 0.103254 0.006490 0.752279 0.017979 -0.026036 -0.658085
1468940304.058019 -0.026733 0.099920 0.020363 0.750444 0.027594 -0.037476 -0.659293
1468940304.102084 -0.018862 0.082792 0.031973 0.749642 0.030335 -0.035233 -0.660209
1468940304.146150 -0.000765 0.078878 0.043398 0.752271 0.037350 -0.046228 -0.656168
1468940304.190215 0.018338 0.074949 0.054585 0.754455 0.041654 -0.054270 -0.652776
1468940304.234281 0.037493 0.071271 0.065249 0.754009 0.046463 -0.062043 -0.652274
1468940304.278346 0.056472 0.068024 0.075145 0.754698 0.051955 -0.069849 -0.650271
1468940304.322411 0.075348 0.065129 0.084689 0.752850 0.057940 -0.077437 -0.651047
1468940304.366477 0.094115 0.062784 0.093371 0.752695 0.064302 -0.084999 -0.649685
1468940304.410542 0.113267 0.060875 0.101390 0.752697 0.071111 -0.090605 -0.648214
1468940304.454607 0.133376 0.059557 0.109148 0.751837 0.076685 -0.090025 -0.648657
1468940304.498673 0.154715 0.058935 0.116525 0.748482 0.078569 -0.093674 -0.651787
1468940304.542738 0.176919 0.059120 0.122960 0.747531 0.080737 -0.097273 -0.652087
1468940304.586803 0.199859 0.059806 0.129026 0.744961 0.084837 -0.095582 -0.654751
1468940304.630869 0.241390 0.054214 0.136249 0.746658 0.085594 -0.095306 -0.652757
1468940304.674934 0.264812 0.055189 0.141055 0.749576 0.090844 -0.092454 -0.649104
1468940304.719000 0.288218 0.055611 0.145992 0.749119 0.100109 -0.086075 -0.649146
1468940304.763065 0.311066 0.056041 0.150314 0.749607 0.107967 -0.085513 -0.647394
1468940304.807130 0.333082 0.056470 0.154042 0.749054 0.114265 -0.084254 -0.647119
1468940304.851196 0.353816 0.056433 0.157290 0.748597 0.122606 -0.078131 -0.646889
1468940304.895261 0.373798 0.056745 0.159704 0.748375 0.129070 -0.071953 -0.646605
1468940304.939326 0.392510 0.057299 0.161545 0.749589 0.131639 -0.079105 -0.643839
1468940304.983392 0.409919 0.057715 0.162956 0.749605 0.132819 -0.086787 -0.642588
1468940305.027457 0.426147 0.057924 0.163401 0.751619 0.131663 -0.090165 -0.640003
1468940305.071522 0.461299 0.073260 0.162191 0.753654 0.136179 -0.093862 -0.636122
1468940305.115588 0.469387 0.080330 0.153570 0.753083 0.138040 -0.096515 -0.636000
1468940305.159653 0.482749 0.080715 0.148544 0.755102 0.136018 -0.099132 -0.633635
1468940305.203719 0.495696 0.081008 0.140916 0.757006 0.130435 -0.103432 -0.631847
1468940305.247784 0.508308 0.081232 0.130240 0.759917 0.121973 -0.106160 -0.629586
1468940305.291849 0.519680 0.081110 0.116557 0.763896 0.112363 -0.115505 -0.624896
1468940305.335915 0.553265 0.099274 0.109726 0.768328 0.095669 -0.126745 -0.620044
1468940305.379980 0.563113 0.099557 0.091281 0.773148 0.082265 -0.138784 -0.613362
1468940305.424045 0.570973 0.099142 0.071178 0.775411 0.067361 -0.153990 -0.608677
1468940305.468111 0.577102 0.098300 0.049508 0.778555 0.049648 -0.163430 -0.603886
1468940305.512176 0.586246 0.063933 0.026354 0.780312 0.023947 -0.167544 -0.602054
1468940305.556242 0.587974 0.061009 0.003728 0.783876 0.008287 -0.181012 -0.593889
1468940305.600307 0.587762 0.057310 -0.019646 0.785245 -0.008011 -0.194575 -0.587765
1468940305.644372 0.584787 0.053111 -0.042777 0.785426 -0.022972 -0.206249 -0.583130
1468940305.688438 0.600560 0.081342 -0.065561 0.788898 -0.027035 -0.222447 -0.572211
1468940305.732503 0.593608 0.077150 -0.087015 0.786715 -0.043594 -0.236528 -0.568537
1468940305.776568 0.584349 0.073062 -0.108708 0.784360 -0.059397 -0.253135 -0.563181
1468940305.820634 0.573417 0.069174 -0.129413 0.779521 -0.075811 -0.265190 -0.562382
1468940305.864699 0.560377 0.065517 -0.148152 0.772470 -0.090624 -0.275570 -0.564923
1468940305.908764 0.545211 0.062376 -0.165208 0.769480 -0.103365 -0.284543 -0.562362
1468940305.952830 0.528039 0.059774 -0.180784 0.764929 -0.116988 -0.295693 -0.560145
1468940305.996895 0.508971 0.057667 -0.194400 0.761911 -0.127223 -0.303424 -0.557889
1468940306.040961 0.491732 0.053658 -0.209104 0.757165 -0.134468 -0.302676 -0.563034
1468940306.085026 0.482301 0.060615 -0.219401 0.754108 -0.127701 -0.309365 -0.565073
1468940306.129091 0.460209 0.059162 -0.225100 0.745167 -0.137295 -0.318740 -0.569457
1468940306.173157 0.437735 0.057774 -0.227595 0.737474 -0.145694 -0.324739 -0.573977
1468940306.217222 0.414896 0.056141 -0.226020 0.730664 -0.146846 -0.318582 -0.585723
1468940306.261287 0.391896 0.054410 -0.220844 0.721304 -0.144521 -0.312059 -0.601210
1468940306.305353 0.346264 0.088174 -0.209296 0.715581 -0.151374 -0.304866 -0.609989
1468940306.349418 0.334254 0.088326 -0.199374 0.707984 -0.149633 -0.313316 -0.614981
1468940306.393484 0.313202 0.089765 -0.186058 0.698712 -0.148701 -0.313909 -0.625421
1468940306.437549 0.293094 0.091305 -0.170568 0.691787 -0.145794 -0.312680 -0.634355
1468940306.481614 0.253141 0.112051 -0.157222 0.684746 -0.151196 -0.303352 -0.645166
1468940306.525680 0.250125 0.113374 -0.138642 0.678090 -0.144011 -0.304960 -0.653034
1468940306.569745 0.232881 0.114737 -0.119436 0.681232 -0.138841 -0.293567 -0.656098
1468940306.613810 0.217574 0.115805 -0.099153 0.682739 -0.132253 -0.280421 -0.661619
1468940306.657876 0.168276 0.119525 -0.084408 0.681296 -0.136673 -0.259073 -0.670848
1468940306.701941 0.155065 0.121190 -0.062742 -0.680116 0.126964 0.239931 0.680996
1468940306.746006 0.142629 0.122117 -0.039688 -0.676980 0.114069 0.217984 0.693664
1468940306.790072 0.131879 0.122953 -0.016518 -0.681315 0.104853 0.195550 0.697551
1468940306.834137 0.035168 0.136230 0.028932 -0.689489 0.103428 0.162504 0.698212
1468940306.878203 0.020553 0.138151 0.052954 -0.695786 0.087211 0.141504 0.698751
1468940306.922268 0.009426 0.143197 0.076672 0.707724 -0.066516 -0.121085 -0.692849
1468940306.966333 -0.001178 0.147412 0.099880 0.712106 -0.049015 -0.106588 -0.692201
1468940307.010399 -0.025357 0.146790 0.122639 0.724924 -0.030013 -0.088352 -0.682480
1468940307.054464 -0.037141 0.150655 0.142070 0.734548 -0.007411 -0.066441 -0.675256
1468940307.098529 -0.048983 0.155104 0.159459 0.740126 0.022333 -0.031489 -0.671360
1468940307.142595 -0.061353 0.160451 0.173636 0.749871 0.051844 -0.009652 -0.659479
1468940307.186660 -0.085453 0.162222 0.190379 0.754364 0.070517 0.014268 -0.652502
1468940307.230725 -0.103120 0.167610 0.201861 0.754999 0.088734 0.040090 -0.648456
1468940307.274791 -0.115137 0.173889 0.208445 0.759753 0.109488 0.061119 -0.638006
1468940307.318856 -0.126696 0.180842 0.212760 0.762114 0.123250 0.078023 -0.630796
1468940307.362922 -0.137990 0.187997 0.214146 0.764122 0.137924 0.092205 -0.623372
1468940307.406987 -0.148980 0.195475 0.212703 0.766033 0.150832 0.107093 -0.615608
1468940307.451052 -0.160452 0.203179 0.208401 0.768144 0.166523 0.122662 -0.605953
1468940307.495118 -0.172046 0.210985 0.201512 0.771864 0.180363 0.130558 -0.595525
1468940307.539183 -0.182689 0.218403 0.192393 0.774425 0.193290 0.141248 -0.585623
1468940307.583248 -0.192457 0.225388 0.180629 0.778031 0.205547 0.149120 -0.574615
1468940307.627314 -0.201117 0.232316 0.166303 0.783209 0.213489 0.153584 -0.563398
1468940307.671379 -0.208574 0.239068 0.149954 0.787776 0.219596 0.156469 -0.553809
1468940307.715444 -0.214870 0.245067 0.132209 0.794603 0.219996 0.153822 -0.544560
1468940307.759510 -0.220004 0.250232 0.112712 0.799512 0.223065 0.155784 -0.535494
1468940307.803575 -0.224201 0.254510 0.091582 0.803776 0.223125 0.152776 -0.529924
1468940307.847641 -0.226799 0.257804 0.069432 0.807553 0.220273 0.151723 -0.525660
1468940307.891706 -0.224041 0.254409 0.040723 0.809054 0.215919 0.144199 -0.527274
1468940307.935771 -0.223211 0.254203 0.017410 0.812275 0.205689 0.135233 -0.528785
1468940307.979837 -0.220660 0.252194 -0.006582 0.811765 0.196574 0.126546 -0.535147
1468940308.023902 -0.216256 0.248122 -0.030001 0.808813 0.183074 0.111958 -0.547514
1468940308.067967 -0.209018 0.242358 -0.052688 0.806723 0.159781 0.091426 -0.561524
1468940308.112033 -0.199345 0.235384 -0.074536 0.802999 0.131838 0.062319 -0.577864
1468940308.156098 -0.188445 0.227303 -0.094307 0.794511 0.106338 0.041552 -0.596421
1468940308.200164 -0.176447 0.217915 -0.114974 0.788323 0.083874 0.023826 -0.609052
1468940308.244229 -0.163254 0.207517 -0.135326 0.782702 0.058554 0.008172 -0.619582
1468940308.288294 -0.149315 0.196507 -0.154476 0.772203 0.041122 -0.007355 -0.634001
1468940308.332360 -0.097171 0.133823 -0.191163 0.763694 0.032792 -0.024121 -0.644294
1468940308.376425 -0.080754 0.125114 -0.212464 0.762356 0.012041 -0.034120 -0.646146
1468940308.420490 -0.059324 0.112578 -0.226739 0.758100 -0.007808 -0.044893 -0.650545
1468940308.464556 -0.036645 0.099538 -0.237549 0.753121 -0.017561 -0.045904 -0.656044
1468940308.508621 -0.013387 0.086671 -0.244477 0.744950 -0.023528 -0.050966 -0.664755
1468940308.552686 0.012084 0.073657 -0.248215 0.737255 -0.030878 -0.052369 -0.672873
1468940308.596752 0.039954 0.060358 -0.248778 0.728095 -0.039150 -0.061323 -0.681604
1468940308.640817 0.068937 0.046668 -0.246704 0.722622 -0.043794 -0.071093 -0.686182
1468940308.684883 0.098341 0.032697 -0.242928 0.722275 -0.044933 -0.076131 -0.685933
1468940308.728948 0.129150 0.017903 -0.237028 0.721953 -0.039532 -0.076455 -0.686568
1468940308.773013 0.163237 0.002687 -0.228886 0.721289 -0.034386 -0.075682 -0.687628
1468940308.817079 0.199036 -0.011728 -0.219315 0.724893 -0.033013 -0.082746 -0.683077
1468940308.861144 0.235886 -0.024949 -0.206878 0.733575 -0.030099 -0.075272 -0.674756
1468940308.905209 0.272041 -0.035705 -0.192701 0.743578 -0.025992 -0.070680 -0.664394
1468940308.949275 0.288456 -0.078397 -0.146737 0.752027 -0.034676 -0.051616 -0.656193
1468940308.993340 0.318062 -0.086425 -0.126938 0.759775 -0.032376 -0.035621 -0.648402
1468940309.037405 0.342734 -0.090813 -0.105479 0.771605 -0.025107 -0.022460 -0.635209
1468940309.081471 0.362718 -0.091355 -0.082338 0.772065 -0.020018 -0.016342 -0.635019
1468940309.125536 0.377124 -0.089926 -0.062779 0.773533 -0.015763 -0.001848 -0.633558
1468940309.169602 0.388647 -0.083307 -0.036474 0.767714 -0.008536 0.000184 -0.640736
1468940309.213667 0.397712 -0.073885 -0.008674 0.763289 -0.008081 0.000312 -0.646007
1468940309.257732 0.403388 -0.062539 0.019098 0.758758 -0.003432 -0.006074 -0.651335
1468940309.301798 0.400481 -0.043635 0.042770 0.752375 -0.003520 -0.004152 -0.658712
1468940309.345863 0.403648 -0.028355 0.068068 0.751331 0.000519 -0.007060 -0.659888
1468940309.389928 0.405807 -0.011814 0.093576 0.751443 0.006685 -0.005287 -0.659743
1468940309.433994 0.407368 0.005266 0.118850 0.750442 0.010835 -0.003358 -0.660839
1468940309.478059 0.396903 0.018366 0.141416 0.749516 0.016206 -0.004064 -0.661776
1468940309.522125 0.395447 0.034936 0.165231 0.740034 0.020482 -0.007831 -0.672212
1468940309.566190 0.393273 0.053622 0.185378 0.738039 0.026864 -0.009574 -0.674155
1468940309.610255 0.391013 0.073732 0.202626 0.731323 0.025272 -0.007779 -0.681518
1468940309.654321 0.385845 0.094750 0.211957 0.723067 0.025208 -0.002733 -0.690312
1468940309.698386 0.381863 0.117890 0.218337 0.727051 0.024197 -0.000457 -0.686157
1468940309.742451 0.377003 0.141831 0.221104 0.727288 0.021640 -0.005353 -0.685971
1468940309.786517 0.371515 0.164412 0.220850 0.732925 0.017351 -0.004431 -0.680073
1468940309.830582 0.364796 0.182604 0.219483 0.733149 0.018624 -0.002441 -0.679808
1468940309.874647 0.356825 0.194393 0.217088 0.735468 0.018013 -0.003890 -0.677309
1468940309.918713 0.348456 0.198741 0.212911 0.729106 0.020478 -0.005229 -0.684074
1468940309.962778 0.339292 0.196417 0.204331 0.722799 0.023249 -0.010653 -0.690585
1468940310.006844 0.329368 0.189930 0.190461 0.719915 0.024640 -0.014886 -0.693465
1468940310.050909 0.319504 0.181101 0.171462 0.715758 0.035263 -0.011256 -0.697367
1468940310.094974 0.277810 0.168133 0.136385 0.708224 0.036252 -0.002998 -0.705050
1468940310.139040 0.272619 0.158290 0.107177 -0.704257 -0.040074 0.007276 0.708776
1468940310.183105 0.263422 0.144619 0.072875 -0.704019 -0.036707 0.011343 0.709141
1468940310.227170 0.254909 0.129653 0.035335 -0.700116 -0.034309 0.015420 0.713038
1468940310.271236 0.246786 0.114820 -0.004314 -0.700593 -0.032566 0.019980 0.712538
1468940310.315301 0.238895 0.099495 -0.045532 -0.705636 -0.029517 0.027114 0.707440
1468940310.359367 0.220714 0.086180 -0.093571 0.715940 0.027791 -0.020920 -0.697295
1468940310.403432 0.212919 0.067298 -0.138055 0.720278 0.031628 -0.021019 -0.692645
1468940310.447497 0.204106 0.039174 -0.189667 0.727778 0.032117 -0.005218 -0.685041
1468940310.491563 0.198084 0.021740 -0.232257 0.737645 0.027916 0.005111 -0.674592
1468940310.535628 0.180542 0.000402 -0.272127 0.753638 0.015899 0.022729 -0.656704
1468940310.579693 0.169681 -0.017494 -0.305802 0.766050 0.006527 0.036715 -0.641698
1468940310.623759 0.151871 -0.034395 -0.332662 0.774462 -0.000333 0.050433 -0.630607
1468940310.667824 0.131934 -0.047589 -0.350803 0.782869 -0.010278 0.058721 -0.619324
1468940310.711889 0.106379 -0.056204 -0.361172 0.790221 -0.020016 0.060847 -0.609465
1468940310.755955 0.076160 -0.059383 -0.362205 0.794354 -0.022307 0.057612 -0.604305
1468940310.800020 0.053268 -0.059055 -0.354744 0.796597 -0.016339 0.055918 -0.601698
1468940310.844086 0.020080 -0.054285 -0.335999 0.793724 -0.012773 0.051811 -0.605933
1468940310.888151 -0.013477 -0.046399 -0.308661 0.787025 -0.011871 0.038660 -0.615595
1468940310.932216 -0.045092 -0.036639 -0.275963 0.784058 -0.008769 0.029855 -0.619907
1468940310.976282 -0.075201 -0.025631 -0.237557 0.777911 -0.002048 0.021557 -0.628001
1468940311.020347 -0.101188 -0.015073 -0.196291 0.769610 0.000832 0.018244 -0.638253
1468940311.064412 -0.129531 0.003604 -0.151983 0.760387 -0.001630 0.013858 -0.649320
1468940311.108478 -0.149432 0.013164 -0.107996 0.756626 0.000487 0.008281 -0.653795
1468940311.152543 -0.167421 0.020754 -0.062780 0.745229 0.002659 0.003524 -0.666794
1468940311.196608 -0.183405 0.026990 -0.021254 0.739478 0.007938 -0.000458 -0.673134
1468940311.240674 -0.188243 0.035167 0.014187 0.728111 0.011010 -0.005945 -0.685345
1468940311.284739 -0.200668 0.039210 0.049380 0.718455 0.014239 -0.008212 -0.695379
1468940311.328805 -0.210479 0.043425 0.079393 0.716123 0.019206 -0.013420 -0.697581
1468940311.372870 -0.221382 0.045259 0.103296 0.708133 0.019370 -0.021023 -0.705500
1468940311.416935 -0.232098 0.046741 0.119616 0.707509 0.019284 -0.032885 -0.705675
1468940311.461001 -0.242119 0.047573 0.127875 -0.706131 -0.019250 0.043415 0.706486
1468940311.505066 -0.249438 0.044198 0.127334 -0.702393 -0.023644 0.048490 0.709742
1468940311.549131 -0.257133 0.043382 0.119296 -0.701876 -0.030415 0.052788 0.709689
1468940311.593197 -0.263425 0.042570 0.102759 -0.702140 -0.039535 0.055094 0.708802
1468940311.637262 -0.267821 0.040664 0.078841 -0.702599 -0.047794 0.057494 0.707648
1468940311.681327 -0.254339 0.030849 0.050610 0.705996 0.054068 -0.066210 -0.703038
1468940311.725393 -0.252147 0.026827 0.015637 0.709982 0.052253 -0.067771 -0.699001
1468940311.769458 -0.246537 0.022012 -0.023383 0.715026 0.048518 -0.072709 -0.693612
1468940311.813524 -0.237135 0.016921 -0.064029 0.721328 0.043588 -0.076414 -0.686984
1468940311.857589 -0.224138 0.012422 -0.104505 0.733658 0.041692 -0.073384 -0.674257
1468940311.901654 -0.206534 0.008444 -0.142665 0.743652 0.040740 -0.065436 -0.664108
1468940311.945720 -0.183495 0.004872 -0.178341 0.755479 0.032899 -0.057533 -0.651812
1468940311.989785 -0.157400 0.001220 -0.207341 0.765202 0.028454 -0.049964 -0.641218
1468940312.033850 -0.127090 -0.002288 -0.230451 0.773728 0.023519 -0.035547 -0.632083
1468940312.077916 -0.094854 -0.005682 -0.245983 0.777390 0.023596 -0.022594 -0.628170
1468940312.121981 -0.028685 -0.011276 -0.258720 0.780716 0.017416 -0.019420 -0.624342
1468940312.166047 0.008412 -0.012369 -0.261956 0.784437 0.007725 -0.003265 -0.620151
1468940312.210112 0.050166 -0.010657 -0.253230 0.785636 -0.005254 0.010650 -0.618575
1468940312.254177 0.086067 -0.008643 -0.241765 0.785399 -0.017066 0.026720 -0.618177
1468940312.298243 0.131868 -0.002752 -0.220369 0.785876 -0.022946 0.041670 -0.616551
1468940312.342308 0.161923 0.004051 -0.195893 0.784485 -0.029497 0.059632 -0.616569
1468940312.386373 0.200425 0.014933 -0.165213 0.782451 -0.034595 0.065500 -0.618291
1468940312.430439 0.220846 0.023700 -0.128285 0.774498 -0.041384 0.070940 -0.627222
1468940312.474504 0.234035 0.034300 -0.085380 0.766105 -0.045550 0.075007 -0.636697
1468940312.518569 0.243704 0.042072 -0.040966 0.754289 -0.050000 0.073740 -0.650470
1468940312.562635 0.248989 0.052754 0.006515 0.746869 -0.053012 0.064149 -0.659744
1468940312.606700 0.248384 0.059033 0.050720 0.738462 -0.053133 0.052594 -0.670137
1468940312.650766 0.248263 0.067097 0.094088 0.727758 -0.049042 0.035550 -0.683154
1468940312.694831 0.238322 0.071294 0.131270 0.718362 -0.042237 0.024664 -0.693948
1468940312.738896 0.220660 0.075787 0.163519 -0.705699 0.034351 -0.012519 0.707568
1468940312.782962 0.205235 0.080631 0.186168 -0.701956 0.025152 -0.005340 0.711756
1468940312.827027 0.183838 0.088313 0.199424 -0.694460 0.012247 0.004490 0.719413
1468940312.871092 0.166228 0.094085 0.204944 -0.692284 0.005046 0.017650 0.721392
1468940312.915158 0.149269 0.099609 0.201741 -0.691138 0.002576 0.028048 0.722174
1468940312.959223 0.133814 0.102931 0.189806 -0.689808 0.000670 0.037987 0.722994
1468940313.003288 0.113495 0.098950 0.169703 -0.687993 -0.001409 0.033490 0.724942
