1644767900.481647 0.211722 -0.326874 0.011715 0.705414 -0.007981 0.007939 0.708706
1644767900.534989 0.225623 -0.308182 0.029402 0.706480 -0.012073 0.000060 0.707630
1644767900.588322 0.238759 -0.288959 0.047747 0.707909 -0.014621 -0.006910 0.706119
1644767900.641507 0.250887 -0.269648 0.064238 0.707176 -0.021781 -0.011272 0.706612
1644767900.694871 0.262745 -0.249026 0.080258 0.705263 -0.028115 -0.015912 0.708210
1644767900.748199 0.272750 -0.226974 0.096154 0.706203 -0.028542 -0.023966 0.707028
1644767900.774889 0.277456 -0.217350 0.102450 0.705070 -0.029598 -0.029329 0.707913
1644767901.228664 0.316662 -0.011985 0.172210 0.705872 -0.047355 -0.058804 0.704304
1644767901.708643 0.394963 0.168217 0.238341 0.713881 -0.076910 -0.073212 0.692170
1644767901.922025 0.461229 0.204691 0.286561 0.738581 -0.091743 -0.094848 0.661124
1644767902.108701 0.547268 0.154409 0.306368 0.744036 -0.112678 -0.073301 0.654478
1644767902.242079 0.588884 0.066427 0.277864 0.739486 -0.108434 -0.040472 0.663147
1644767902.268708 0.595260 0.046464 0.270240 0.740767 -0.108567 -0.035580 0.661976
1644767902.282042 0.614160 0.067844 0.271347 0.737496 -0.108763 -0.031497 0.665791
1644767902.295462 0.615047 0.050016 0.268710 0.739007 -0.109113 -0.029564 0.664146
1644767902.308634 0.617197 0.039039 0.264716 0.739073 -0.110252 -0.027837 0.663958
1644767902.322041 0.617290 0.030825 0.257288 0.737770 -0.112486 -0.026490 0.665087
1644767902.335375 0.618856 0.019230 0.252927 0.737031 -0.114278 -0.026380 0.665605
1644767902.348730 0.617247 -0.005546 0.246506 0.736822 -0.115080 -0.026627 0.665688
1644767902.362024 0.618006 -0.017660 0.241902 0.736143 -0.115612 -0.026362 0.666358
1644767902.375468 0.618560 -0.026686 0.233383 0.734597 -0.116373 -0.026092 0.667940
1644767902.388737 0.618680 -0.038146 0.228820 0.734241 -0.117713 -0.026815 0.668067
1644767902.402104 0.636240 -0.045923 0.237041 0.738456 -0.121514 -0.028904 0.662632
1644767902.415501 0.636097 -0.058339 0.231843 0.738251 -0.124469 -0.031393 0.662198
1644767902.428793 0.635630 -0.071913 0.226065 0.737932 -0.127395 -0.033444 0.661898
1644767902.442112 0.634911 -0.084402 0.220660 0.737280 -0.129471 -0.034335 0.662176
1644767902.455451 0.633888 -0.097858 0.214696 0.736092 -0.131482 -0.035068 0.663063
1644767902.468823 0.632735 -0.110526 0.208891 0.734589 -0.133572 -0.036224 0.664248
1644767902.482124 0.631392 -0.123604 0.202698 0.733063 -0.136313 -0.038124 0.665270
1644767902.495472 0.630022 -0.136102 0.196678 0.732196 -0.139863 -0.040640 0.665339
1644767902.508798 0.628543 -0.148692 0.190618 0.732196 -0.144095 -0.043630 0.664246
1644767902.522211 0.627044 -0.160268 0.185066 0.732839 -0.148001 -0.046424 0.662486
1644767902.535688 0.627984 -0.186406 0.175373 0.734227 -0.151369 -0.050596 0.659877
1644767902.548850 0.626177 -0.198175 0.169550 0.734603 -0.153761 -0.052983 0.658717
1644767902.562100 0.621537 -0.218195 0.158199 0.734305 -0.155122 -0.055580 0.658516
1644767902.575490 0.619340 -0.229910 0.151956 0.734019 -0.155960 -0.058157 0.658416
1644767902.588848 0.616405 -0.243760 0.145024 0.733926 -0.156968 -0.060951 0.658027
1644767902.602337 0.614093 -0.255458 0.138827 0.734115 -0.157880 -0.062834 0.657420
1644767902.615682 0.610836 -0.268903 0.131143 0.734442 -0.159473 -0.064370 0.656522
1644767902.629129 0.608661 -0.280517 0.125098 0.735021 -0.161886 -0.066241 0.655095
1644767902.642147 0.606916 -0.292278 0.120407 0.735977 -0.164651 -0.068927 0.653053
1644767902.655548 0.604545 -0.302408 0.115457 0.736860 -0.166444 -0.071427 0.651331
1644767902.668906 0.602543 -0.313659 0.110102 0.737483 -0.166126 -0.072032 0.650640
1644767902.682216 0.600038 -0.324201 0.104977 0.737239 -0.164099 -0.070400 0.651608
1644767902.695555 0.595519 -0.338202 0.096908 0.735744 -0.162036 -0.068237 0.654040
1644767902.708894 0.593357 -0.348584 0.092029 0.733980 -0.162321 -0.069210 0.655847
1644767902.722315 0.590064 -0.357965 0.087416 0.731923 -0.165022 -0.073542 0.657000
1644767902.735577 0.588410 -0.367699 0.083062 0.730350 -0.167857 -0.077660 0.657557
1644767902.748959 0.589335 -0.382485 0.075840 0.728729 -0.169133 -0.079670 0.658788
1644767902.762304 0.587701 -0.392226 0.071794 0.726907 -0.169655 -0.078386 0.660817
1644767902.775588 0.584850 -0.400392 0.068970 0.724209 -0.170208 -0.075761 0.663936
1644767902.788951 0.583553 -0.409544 0.065080 0.720816 -0.171144 -0.075052 0.667459
1644767902.802232 0.573732 -0.435434 0.053224 0.717483 -0.172346 -0.077751 0.670425
1644767902.815618 0.572849 -0.442817 0.050001 0.714414 -0.173448 -0.080260 0.673117
1644767902.829016 0.571830 -0.450741 0.046673 0.711285 -0.173385 -0.081976 0.676233
1644767902.842205 0.571035 -0.457229 0.044116 0.708776 -0.172043 -0.081766 0.679229
1644767902.855599 0.570454 -0.463913 0.041631 0.705986 -0.170366 -0.081141 0.682624
1644767902.868989 0.570310 -0.469384 0.039757 0.703552 -0.169453 -0.081579 0.685306
1644767902.882304 0.570439 -0.474610 0.038255 0.701272 -0.168816 -0.083270 0.687594
1644767902.895591 0.570635 -0.478913 0.037424 0.699577 -0.167754 -0.085110 0.689353
1644767902.908950 0.570832 -0.482963 0.037122 0.697983 -0.165618 -0.086222 0.691344
1644767902.922397 0.571080 -0.486376 0.037349 0.696458 -0.163015 -0.086680 0.693440
1644767902.935765 0.570731 -0.494821 0.035945 0.695345 -0.160786 -0.086414 0.695109
1644767902.949023 0.571210 -0.497205 0.037079 0.694032 -0.159062 -0.086450 0.696811
1644767902.962332 0.572244 -0.497734 0.039510 0.692730 -0.157530 -0.085855 0.698526
1644767902.975673 0.572962 -0.499072 0.041700 0.692132 -0.156136 -0.085221 0.699508
1644767902.989049 0.573582 -0.499521 0.046256 0.692216 -0.154511 -0.084717 0.699848
1644767903.002312 0.574650 -0.499925 0.049122 0.692365 -0.152882 -0.084365 0.700100
1644767903.015740 0.575967 -0.499455 0.053113 0.692870 -0.150946 -0.083731 0.700097
1644767903.029166 0.577456 -0.498342 0.057433 0.693542 -0.149059 -0.082862 0.699939
1644767903.042472 0.578194 -0.493864 0.063293 0.694273 -0.147319 -0.081170 0.699781
1644767903.055852 0.579852 -0.491557 0.067996 0.695101 -0.145087 -0.079098 0.699663
1644767903.069155 0.580909 -0.486101 0.074424 0.696157 -0.142909 -0.076782 0.699319
1644767903.082432 0.582714 -0.482644 0.079324 0.697167 -0.141249 -0.074911 0.698853
1644767903.095688 0.584589 -0.477448 0.085985 0.698423 -0.139877 -0.072980 0.698079
1644767903.109080 0.586592 -0.472648 0.091326 0.699467 -0.139202 -0.071934 0.697276
1644767903.122406 0.588589 -0.466537 0.097702 0.700736 -0.138522 -0.070806 0.696253
1644767903.135721 0.590786 -0.460459 0.103411 0.701638 -0.137921 -0.068912 0.695653
1644767903.149023 0.594360 -0.449639 0.110961 0.702553 -0.136788 -0.065607 0.695273
1644767903.162497 0.596811 -0.442141 0.117025 0.703233 -0.135983 -0.061378 0.695129
1644767903.175685 0.599731 -0.433657 0.124659 0.704062 -0.136071 -0.056510 0.694686
1644767903.189060 0.602520 -0.424951 0.130901 0.704894 -0.136970 -0.051851 0.694028
1644767903.202383 0.605869 -0.415644 0.137332 0.705892 -0.138737 -0.047159 0.692997
1644767903.215767 0.608770 -0.405721 0.143729 0.707114 -0.140286 -0.043219 0.691695
1644767903.229107 0.611475 -0.395401 0.150713 0.708682 -0.140932 -0.039865 0.690159
1644767903.242406 0.614127 -0.385204 0.156712 0.710056 -0.140631 -0.036874 0.688973
1644767903.255720 0.617868 -0.372975 0.163303 0.711618 -0.139513 -0.033911 0.687740
1644767903.269083 0.620567 -0.361717 0.169360 0.713040 -0.138034 -0.032163 0.686648
1644767903.282435 0.623183 -0.349211 0.177711 0.714946 -0.136496 -0.031012 0.685025
1644767903.295763 0.626198 -0.337076 0.183887 0.716556 -0.135764 -0.030807 0.683496
1644767903.309181 0.630799 -0.323122 0.190085 0.718439 -0.135215 -0.030916 0.681621
1644767903.322410 0.634157 -0.310050 0.196488 0.720318 -0.134687 -0.030769 0.679746
1644767903.335800 0.637115 -0.296488 0.206029 0.722443 -0.133609 -0.030452 0.677714
1644767903.349174 0.640785 -0.282901 0.212653 0.723694 -0.132594 -0.029959 0.676600
1644767903.362509 0.645897 -0.268871 0.218501 0.724222 -0.131676 -0.029599 0.676230
1644767903.375795 0.649971 -0.254778 0.225036 0.724066 -0.130622 -0.029537 0.676605
1644767903.389089 0.654313 -0.240438 0.231531 0.723268 -0.129859 -0.029964 0.677585
1644767903.402464 0.658537 -0.227047 0.237477 0.722067 -0.129461 -0.030773 0.678905
1644767903.415737 0.663562 -0.211653 0.244197 0.720465 -0.129197 -0.031901 0.680604
1644767903.429070 0.668097 -0.198108 0.250017 0.718946 -0.129045 -0.032961 0.682185
1644767903.442436 0.673374 -0.182753 0.256488 0.717254 -0.128950 -0.034167 0.683923
1644767903.455773 0.678284 -0.168979 0.262141 0.715830 -0.129284 -0.035494 0.685284
1644767903.469198 0.683882 -0.153795 0.268175 0.714439 -0.130098 -0.037257 0.686486
1644767903.482553 0.689162 -0.139805 0.273538 0.713426 -0.131112 -0.039104 0.687244
1644767903.495902 0.694746 -0.125166 0.278972 0.712663 -0.132049 -0.041031 0.687744
1644767903.509225 0.700102 -0.111271 0.283972 0.712181 -0.132777 -0.042747 0.687998
1644767903.522488 0.705593 -0.097338 0.288836 0.711861 -0.133722 -0.044584 0.688029
1644767903.535826 0.711117 -0.083774 0.293433 0.711727 -0.135377 -0.046908 0.687690
1644767903.549184 0.716799 -0.070287 0.297876 0.711853 -0.138023 -0.050038 0.686812
1644767903.562598 0.722168 -0.057886 0.301874 0.712333 -0.141358 -0.053893 0.685343
1644767903.576143 0.728303 -0.043967 0.306303 0.713241 -0.145429 -0.058936 0.683128
1644767903.589225 0.733596 -0.032024 0.310090 0.714289 -0.148682 -0.063583 0.680912
1644767903.602543 0.739167 -0.019482 0.314029 0.715329 -0.151489 -0.068285 0.678743
1644767903.615920 0.744311 -0.008093 0.317510 0.715918 -0.153570 -0.072214 0.677247
1644767903.629195 0.749797 0.003653 0.320984 0.716124 -0.155879 -0.076177 0.676066
1644767903.642463 0.754948 0.014242 0.324067 0.716097 -0.158492 -0.079813 0.675067
1644767903.655955 0.760450 0.025118 0.327279 0.716184 -0.161697 -0.083768 0.673734
1644767903.669220 0.765619 0.034994 0.330342 0.716513 -0.164836 -0.087405 0.672160
1644767903.682610 0.770751 0.044562 0.333476 0.716965 -0.167707 -0.090443 0.670564
1644767903.695869 0.775324 0.052823 0.336290 0.717268 -0.170078 -0.092538 0.669356
1644767903.709256 0.780507 0.061781 0.339426 0.717333 -0.172836 -0.094639 0.668285
1644767903.722587 0.784936 0.069119 0.342039 0.717094 -0.175135 -0.095973 0.667752
1644767903.736053 0.789770 0.076838 0.344844 0.716631 -0.177401 -0.096720 0.667544
1644767903.749247 0.793925 0.083207 0.347231 0.716063 -0.179044 -0.096489 0.667748
1644767903.762575 0.798420 0.089760 0.349761 0.715289 -0.180843 -0.095562 0.668225
1644767903.775949 0.802659 0.095577 0.352066 0.714471 -0.183006 -0.094292 0.668692
1644767903.789191 0.806275 0.100236 0.353962 0.713841 -0.185671 -0.093175 0.668787
1644767903.802593 0.810009 0.104742 0.355869 0.713405 -0.189095 -0.092188 0.668429
1644767903.815993 0.813700 0.108932 0.357735 0.713297 -0.192889 -0.091301 0.667582
1644767903.829347 0.816968 0.112434 0.359390 0.713511 -0.196137 -0.090432 0.666524
1644767903.842665 0.819844 0.115298 0.360824 0.713777 -0.198487 -0.089420 0.665680
1644767903.855955 0.822157 0.117318 0.361868 0.713769 -0.199845 -0.088419 0.665416
1644767903.869461 0.824378 0.118803 0.362614 0.713295 -0.200793 -0.087295 0.665787
1644767903.882632 0.826145 0.119407 0.362861 0.712437 -0.201435 -0.086454 0.666620
1644767903.895977 0.827617 0.119175 0.362692 0.711472 -0.201991 -0.086017 0.667539
1644767903.909228 0.828653 0.118092 0.362151 0.710703 -0.202361 -0.085923 0.668258
1644767903.922651 0.829329 0.116004 0.361154 0.710088 -0.202534 -0.085950 0.668856
1644767903.935918 0.829612 0.113028 0.359707 0.709643 -0.202442 -0.085723 0.669385
1644767903.949282 0.829587 0.110210 0.358335 0.709583 -0.201995 -0.084862 0.669693
1644767903.962612 0.829297 0.105855 0.356167 0.709622 -0.201267 -0.083050 0.670098
1644767903.976025 0.828645 0.100460 0.353513 0.710079 -0.200164 -0.080248 0.670286
1644767903.989384 0.827758 0.094750 0.350748 0.710856 -0.199046 -0.077178 0.670155
1644767904.002631 0.826449 0.087283 0.347151 0.711965 -0.197920 -0.073487 0.669726
1644767904.015976 0.825070 0.079891 0.343555 0.713122 -0.197172 -0.070068 0.669082
1644767904.029322 0.823260 0.070614 0.339015 0.714643 -0.196581 -0.066112 0.668035
1644767904.042623 0.821403 0.061611 0.334616 0.716319 -0.196159 -0.062643 0.666697
1644767904.055994 0.819000 0.050855 0.329395 0.718427 -0.195414 -0.058866 0.664989
1644767904.069377 0.816442 0.040216 0.324247 0.720415 -0.194223 -0.055789 0.663451
1644767904.082697 0.813388 0.028087 0.318333 0.722338 -0.192429 -0.053097 0.662102
1644767904.096246 0.810210 0.015781 0.312288 0.724001 -0.190104 -0.051030 0.661120
1644767904.109354 0.806816 0.002836 0.305943 0.725662 -0.187169 -0.049154 0.660278
1644767904.122682 0.803304 -0.010364 0.299544 0.727434 -0.183669 -0.047185 0.659454
1644767904.136038 0.799579 -0.024215 0.292947 0.729462 -0.180034 -0.045255 0.658350
1644767904.149457 0.796022 -0.037330 0.286822 0.731633 -0.177163 -0.044169 0.656792
1644767904.162719 0.791851 -0.052487 0.279896 0.734383 -0.174437 -0.043753 0.654476
1644767904.176106 0.787983 -0.066207 0.273777 0.737038 -0.172210 -0.043777 0.652075
1644767904.189568 0.783497 -0.081852 0.266964 0.739888 -0.169608 -0.043453 0.649546
1644767904.202965 0.779358 -0.096384 0.260771 0.742063 -0.167361 -0.042665 0.647698
1644767904.216072 0.775090 -0.111640 0.254342 0.743780 -0.165603 -0.041593 0.646249
1644767904.229475 0.771042 -0.126420 0.248151 0.745005 -0.164970 -0.041032 0.645034
1644767904.242782 0.762842 -0.163451 0.248280 0.745755 -0.165833 -0.041432 0.643920
1644767904.256516 0.758404 -0.179316 0.242007 0.747165 -0.166863 -0.043021 0.641911
1644767904.269554 0.753802 -0.179877 0.237804 0.748862 -0.167405 -0.044275 0.639704
1644767904.282675 0.749660 -0.193820 0.232363 0.750246 -0.167658 -0.044972 0.637965
1644767904.296168 0.744567 -0.231409 0.225715 0.751375 -0.167595 -0.045140 0.636640
1644767904.309701 0.740314 -0.246042 0.220102 0.751927 -0.167337 -0.044411 0.636106
1644767904.322765 0.734647 -0.245588 0.212308 0.752190 -0.167221 -0.043939 0.635859
1644767904.336565 0.730313 -0.260070 0.206537 0.752128 -0.167253 -0.045157 0.635838
1644767904.349672 0.727655 -0.288841 0.203079 0.752097 -0.167126 -0.048063 0.635696
1644767904.362719 0.723226 -0.302670 0.197632 0.752206 -0.167019 -0.051137 0.635354
1644767904.376201 0.717980 -0.310308 0.189230 0.752454 -0.166840 -0.054379 0.634839
1644767904.389601 0.713314 -0.323701 0.183794 0.752568 -0.167114 -0.057560 0.634351
1644767904.402831 0.711310 -0.340077 0.182243 0.752474 -0.167812 -0.060836 0.633973
1644767904.416150 0.706674 -0.352782 0.176946 0.752142 -0.168982 -0.063213 0.633823
1644767904.429473 0.699916 -0.359991 0.167436 0.751513 -0.170594 -0.064890 0.633968
1644767904.442758 0.695509 -0.370899 0.162568 0.750790 -0.172437 -0.066205 0.634190
1644767904.456129 0.692089 -0.387367 0.160043 0.749719 -0.175023 -0.067293 0.634634
1644767904.469470 0.687729 -0.397546 0.155330 0.748497 -0.178417 -0.067449 0.635115
1644767904.482860 0.680584 -0.407609 0.143740 0.746783 -0.183822 -0.067123 0.635625
1644767904.496421 0.676549 -0.416774 0.139087 0.745005 -0.189877 -0.067377 0.635905
1644767904.509707 0.674183 -0.430922 0.137734 0.742803 -0.196078 -0.067919 0.636541
1644767904.522841 0.670270 -0.439177 0.133324 0.740477 -0.200876 -0.067532 0.637794
1644767904.536170 0.663758 -0.446127 0.122067 0.737387 -0.204714 -0.066256 0.640283
1644767904.549454 0.659708 -0.453564 0.117638 0.734089 -0.207446 -0.065579 0.643256
1644767904.562806 0.658616 -0.461775 0.117889 0.730125 -0.209817 -0.066176 0.646927
1644767904.576174 0.654800 -0.468821 0.113454 0.725870 -0.212314 -0.068242 0.650675
1644767904.589483 0.649983 -0.470464 0.104796 0.721496 -0.214767 -0.072144 0.654304
1644767904.602822 0.646570 -0.476273 0.100762 0.717795 -0.216173 -0.076796 0.657375
1644767904.616240 0.643538 -0.488279 0.098483 0.713901 -0.216832 -0.082485 0.660701
1644767904.629696 0.640321 -0.493834 0.094738 0.710759 -0.217514 -0.087390 0.663228
1644767904.643349 0.637171 -0.497972 0.086929 0.707395 -0.218586 -0.091946 0.665852
1644767904.656229 0.634397 -0.502960 0.083619 0.704531 -0.219145 -0.094731 0.668309
1644767904.669628 0.632820 -0.506107 0.084729 0.701659 -0.219131 -0.096300 0.671105
1644767904.682902 0.630480 -0.510814 0.081751 0.698720 -0.219809 -0.096999 0.673844
1644767904.696234 0.629304 -0.500443 0.078042 0.695760 -0.222485 -0.098317 0.675835
1644767904.709602 0.627758 -0.504251 0.075794 0.693404 -0.226923 -0.100521 0.676456
1644767904.722833 0.626553 -0.507817 0.074010 0.691279 -0.232826 -0.102236 0.676368
1644767904.736201 0.625662 -0.511080 0.072716 0.689222 -0.239106 -0.102287 0.676268
1644767904.749519 0.625013 -0.514097 0.071826 0.686941 -0.245037 -0.100249 0.676771
1644767904.763006 0.624642 -0.516599 0.071332 0.684512 -0.250062 -0.096821 0.677893
1644767904.776227 0.624566 -0.518974 0.071188 0.681599 -0.255695 -0.092983 0.679262
1644767904.789604 0.624780 -0.520690 0.071463 0.678948 -0.260862 -0.089855 0.680373
1644767904.802860 0.625226 -0.522099 0.072229 0.676162 -0.266437 -0.086302 0.681446
1644767904.816192 0.625811 -0.522912 0.073419 0.673840 -0.271574 -0.082616 0.682175
1644767904.829651 0.626456 -0.523130 0.074885 0.672293 -0.276072 -0.079089 0.682313
1644767904.842874 0.627175 -0.522772 0.076726 0.671342 -0.280223 -0.075493 0.681965
1644767904.856440 0.628026 -0.521725 0.079052 0.670952 -0.283970 -0.071465 0.681232
1644767904.869607 0.628915 -0.520076 0.081578 0.670983 -0.286496 -0.066920 0.680605
1644767904.882980 0.629809 -0.517770 0.084386 0.671296 -0.287585 -0.061385 0.680359
1644767904.896301 0.630570 -0.515066 0.087179 0.671877 -0.287107 -0.055728 0.680475
1644767904.909625 0.631352 -0.511308 0.090598 0.672880 -0.285613 -0.049715 0.680578
1644767904.922949 0.631965 -0.507397 0.093803 0.674244 -0.283558 -0.045624 0.680374
1644767904.936474 0.632572 -0.502265 0.097637 0.676242 -0.280685 -0.042102 0.679809
1644767904.949686 0.633069 -0.497050 0.101238 0.678537 -0.277582 -0.039701 0.678940
1644767904.963138 0.633618 -0.490755 0.105331 0.681433 -0.273811 -0.037210 0.677711
1644767904.976477 0.634104 -0.484308 0.109382 0.684306 -0.269514 -0.034222 0.676695
1644767904.989796 0.634530 -0.477279 0.113697 0.686802 -0.264315 -0.030219 0.676407
1644767905.003168 0.634940 -0.470088 0.117938 0.688392 -0.258907 -0.025991 0.677058
1644767905.016317 0.635401 -0.462588 0.122126 0.689139 -0.253622 -0.022037 0.678437
1644767905.029948 0.635966 -0.454556 0.126371 0.689265 -0.248587 -0.018667 0.680271
1644767905.043047 0.636604 -0.446399 0.130527 0.689259 -0.244073 -0.016076 0.681977
1644767905.056554 0.637243 -0.438214 0.134605 0.689470 -0.239683 -0.013842 0.683368
1644767905.069731 0.637950 -0.428810 0.139214 0.689947 -0.234433 -0.011188 0.684755
1644767905.083433 0.638643 -0.419716 0.143591 0.690520 -0.229135 -0.008490 0.686009
1644767905.096473 0.639434 -0.409880 0.148212 0.691007 -0.223625 -0.005895 0.687362
1644767905.109661 0.640238 -0.400482 0.152497 0.691156 -0.218874 -0.004366 0.688751
1644767905.123089 0.641136 -0.390172 0.157042 0.690895 -0.214138 -0.004026 0.690502
1644767905.136451 0.641920 -0.380328 0.161194 0.690138 -0.209544 -0.004736 0.692661
1644767905.149770 0.642622 -0.369974 0.165333 0.688925 -0.204114 -0.006002 0.695474
1644767905.163068 0.643222 -0.359806 0.169173 0.687448 -0.198148 -0.007816 0.698636
1644767905.176430 0.643801 -0.349294 0.172942 0.685849 -0.191698 -0.010409 0.701965
1644767905.189726 0.644352 -0.339547 0.176303 0.684427 -0.185851 -0.013820 0.704860
1644767905.203198 0.645056 -0.328139 0.180124 0.682903 -0.179455 -0.018992 0.707869
1644767905.216750 0.645739 -0.317904 0.183495 0.681747 -0.174147 -0.024884 0.710123
1644767905.229741 0.646481 -0.307057 0.187016 0.680684 -0.168659 -0.031847 0.712186
1644767905.243096 0.647151 -0.296928 0.190243 0.679828 -0.163450 -0.038840 0.713869
1644767905.256441 0.647895 -0.285836 0.193692 0.678919 -0.157702 -0.046939 0.715539
1644767905.269738 0.648645 -0.275593 0.196774 0.678087 -0.152534 -0.054859 0.716884
1644767905.283108 0.649548 -0.264622 0.199962 0.677200 -0.147259 -0.063616 0.718100
1644767905.296447 0.650538 -0.254180 0.202894 0.676407 -0.142681 -0.072187 0.718961
1644767905.309930 0.651759 -0.243215 0.205892 0.675741 -0.138584 -0.081625 0.719379
1644767905.323282 0.653010 -0.233285 0.208587 0.675409 -0.135627 -0.090814 0.719152
1644767905.336486 0.654517 -0.222106 0.211640 0.675347 -0.132719 -0.101742 0.718290
1644767905.349785 0.655892 -0.212288 0.214340 0.675681 -0.130442 -0.112035 0.716860
1644767905.363257 0.657569 -0.201047 0.217423 0.676362 -0.128060 -0.124738 0.714545
1644767905.376491 0.659140 -0.191135 0.220100 0.677196 -0.126116 -0.137143 0.711823
1644767905.389817 0.660884 -0.180302 0.222959 0.678207 -0.123662 -0.151633 0.708343
1644767905.403255 0.662493 -0.170268 0.225514 0.679190 -0.120780 -0.166001 0.704668
1644767905.416552 0.664237 -0.159631 0.228074 0.680119 -0.117361 -0.182174 0.700341
1644767905.430003 0.665964 -0.149540 0.230289 0.680853 -0.114005 -0.198418 0.695753
1644767905.443282 0.667829 -0.139267 0.232274 0.681476 -0.110756 -0.215587 0.690540
1644767905.456608 0.669786 -0.129284 0.233918 0.682124 -0.107881 -0.232534 0.684833
1644767905.469907 0.671919 -0.119420 0.235273 0.682942 -0.105249 -0.249253 0.678517
1644767905.483154 0.674062 -0.110455 0.236285 0.683987 -0.102689 -0.263943 0.672273
1644767905.496609 0.676766 -0.100374 0.237146 0.685438 -0.099385 -0.279516 0.664957
1644767905.509895 0.679429 -0.091870 0.237567 0.686862 -0.096575 -0.291503 0.658726
1644767905.523225 0.682791 -0.082910 0.237580 0.688304 -0.094249 -0.303391 0.652156
1644767905.536547 0.686315 -0.075205 0.237116 0.689429 -0.093514 -0.312900 0.646557
1644767905.549977 0.690725 -0.067285 0.236092 0.690580 -0.094269 -0.322293 0.640578
1644767905.563318 0.695340 -0.060358 0.234723 0.691908 -0.096396 -0.329716 0.635026
1644767905.576661 0.700679 -0.053606 0.232942 0.693728 -0.099636 -0.336145 0.629142
1644767905.589919 0.706326 -0.047631 0.230921 0.695829 -0.103719 -0.341180 0.623426
1644767905.603315 0.712626 -0.042058 0.228526 0.698129 -0.108667 -0.345402 0.617661
1644767905.616582 0.718794 -0.037482 0.226027 0.700094 -0.113791 -0.348606 0.612694
1644767905.630257 0.726636 -0.032673 0.222679 0.702066 -0.120535 -0.352187 0.607074
1644767905.643276 0.733745 -0.029034 0.219536 0.703455 -0.126813 -0.354977 0.602545
1644767905.656595 0.741964 -0.025503 0.215812 0.704785 -0.133938 -0.357757 0.597787
1644767905.670036 0.749916 -0.022733 0.212147 0.705702 -0.140757 -0.360313 0.593588
1644767905.683324 0.758972 -0.020283 0.207923 0.706353 -0.148347 -0.363062 0.589275
1644767905.696583 0.767600 -0.018574 0.203851 0.706580 -0.155363 -0.365339 0.585777
1644767905.709908 0.777161 -0.017324 0.199303 0.706515 -0.162757 -0.367411 0.582543
1644767905.723369 0.786533 -0.016705 0.194829 0.706106 -0.169631 -0.368922 0.580117
1644767905.736917 0.796702 -0.016652 0.189966 0.705285 -0.176792 -0.370080 0.578237
1644767905.750063 0.805887 -0.017108 0.185570 0.704124 -0.183243 -0.370782 0.577194
1644767905.763448 0.816643 -0.018212 0.180431 0.702427 -0.190860 -0.371313 0.576451
1644767905.776656 0.826153 -0.019700 0.175932 0.700620 -0.197751 -0.371743 0.576050
1644767905.789963 0.836989 -0.021955 0.170878 0.698433 -0.205645 -0.372275 0.575598
1644767905.803261 0.846624 -0.024435 0.166451 0.696307 -0.212845 -0.373021 0.575073
1644767905.816584 0.857529 -0.027732 0.161574 0.693744 -0.221227 -0.374129 0.574286
1644767905.829889 0.867362 -0.031082 0.157326 0.691452 -0.228773 -0.374739 0.573697
1644767905.843338 0.878341 -0.035185 0.152728 0.689088 -0.236812 -0.374290 0.573571
1644767905.856618 0.888398 -0.039257 0.148644 0.687089 -0.243788 -0.372774 0.574034
1644767905.869927 0.899144 -0.043923 0.144431 0.684923 -0.251139 -0.370641 0.574835
1644767905.883439 0.909562 -0.048708 0.140529 0.682700 -0.258392 -0.368490 0.575647
1644767905.896643 0.920267 -0.053825 0.136690 0.680295 -0.265977 -0.366447 0.576344
1644767905.910014 0.930800 -0.059040 0.133073 0.677899 -0.273462 -0.364617 0.576824
1644767905.923387 0.941387 -0.064477 0.129666 0.675906 -0.280742 -0.362188 0.577195
1644767905.936698 0.951066 -0.069672 0.126725 0.674424 -0.286935 -0.359651 0.577470
1644767905.950060 0.961876 -0.075833 0.123600 0.672628 -0.293901 -0.357100 0.577645
1644767905.963486 0.971446 -0.081666 0.120914 0.670437 -0.300617 -0.355549 0.577693
1644767905.977014 0.981874 -0.088347 0.118010 0.667438 -0.308260 -0.353963 0.578110
1644767905.990208 0.991270 -0.094629 0.115403 0.664310 -0.315151 -0.352147 0.579107
1644767906.003455 1.000821 -0.101309 0.112794 0.660980 -0.321782 -0.349852 0.580660
1644767906.016712 1.009842 -0.107925 0.110372 0.657944 -0.327249 -0.347017 0.582750
1644767906.029981 1.018927 -0.114987 0.107933 0.654905 -0.332012 -0.343970 0.585280
1644767906.043295 1.027450 -0.122067 0.105608 0.651848 -0.336012 -0.341594 0.587795
1644767906.056834 1.036181 -0.129821 0.103122 0.648163 -0.340118 -0.340390 0.590203
1644767906.070227 1.043988 -0.137114 0.100780 0.644456 -0.343622 -0.340289 0.592287
1644767906.083325 1.052500 -0.145452 0.098148 0.640427 -0.346900 -0.340525 0.594605
1644767906.096657 1.059978 -0.153157 0.095876 0.637316 -0.349045 -0.340881 0.596486
1644767906.110040 1.068267 -0.162211 0.093416 0.634581 -0.350581 -0.340812 0.598537
1644767906.123311 1.075375 -0.170450 0.091321 0.633075 -0.350979 -0.339801 0.600470
1644767906.136721 1.100108 -0.207870 0.064728 0.631496 -0.350789 -0.339161 0.602603
1644767906.149973 1.107341 -0.216875 0.062454 0.630703 -0.351260 -0.338462 0.603552
1644767906.163415 1.115683 -0.225393 0.057109 0.629728 -0.351798 -0.337911 0.604563
1644767906.176677 1.119561 -0.235911 0.054925 0.629544 -0.352053 -0.337511 0.604830
1644767906.190118 1.127442 -0.242939 0.053857 0.629461 -0.352030 -0.337076 0.605172
1644767906.203381 1.134036 -0.252914 0.051419 0.629900 -0.351976 -0.336852 0.604871
1644767906.216737 1.142269 -0.259481 0.051633 0.630473 -0.352484 -0.337050 0.603868
1644767906.230148 1.148375 -0.269325 0.049358 0.630900 -0.354110 -0.337639 0.602138
1644767906.243440 1.159631 -0.276207 0.048124 0.631360 -0.356840 -0.338077 0.599795
1644767906.256683 1.165594 -0.286399 0.045940 0.631875 -0.359930 -0.337541 0.597704
1644767906.270052 1.175941 -0.292539 0.047089 0.632392 -0.363754 -0.336167 0.595613
1644767906.283554 1.182015 -0.303352 0.044848 0.632894 -0.367588 -0.333960 0.593965
1644767906.296839 1.191230 -0.312190 0.043985 0.633163 -0.371878 -0.331027 0.592649
1644767906.310399 1.194784 -0.327357 0.039910 0.633093 -0.375837 -0.327885 0.591972
1644767906.323386 1.203749 -0.334001 0.040825 0.632060 -0.379367 -0.325087 0.592368
1644767906.336733 1.209720 -0.346137 0.038276 0.630570 -0.382203 -0.323099 0.593220
1644767906.350069 1.218056 -0.356481 0.036044 0.628643 -0.384291 -0.321656 0.594698
1644767906.363392 1.224058 -0.369221 0.033185 0.627060 -0.385444 -0.320361 0.596320
1644767906.376887 1.237159 -0.371785 0.032768 0.626055 -0.385961 -0.319060 0.597738
1644767906.390100 1.242328 -0.385341 0.029245 0.625704 -0.386337 -0.317871 0.598495
1644767906.403430 1.252771 -0.394392 0.027944 0.625521 -0.386710 -0.316905 0.598958
1644767906.416778 1.258817 -0.407129 0.025255 0.625752 -0.387045 -0.316309 0.598815
1644767906.430189 1.265780 -0.419005 0.023987 0.625891 -0.387467 -0.315772 0.598680
1644767906.443466 1.271964 -0.432113 0.021356 0.626280 -0.388068 -0.315300 0.598133
1644767906.456788 1.279184 -0.445482 0.019460 0.626803 -0.389050 -0.314559 0.597336
1644767906.470221 1.285584 -0.459009 0.017073 0.627438 -0.390407 -0.313402 0.596391
1644767906.483679 1.308455 -0.448651 0.024867 0.628413 -0.391985 -0.311851 0.595141
1644767906.496882 1.314576 -0.461192 0.022969 0.629169 -0.393773 -0.310255 0.593996
1644767906.510235 1.321830 -0.474954 0.021478 0.629915 -0.396274 -0.308461 0.592474
1644767906.523471 1.328675 -0.488059 0.019081 0.630592 -0.398960 -0.306994 0.590711
1644767906.536787 1.331562 -0.505415 0.016514 0.631088 -0.402485 -0.305192 0.588721
1644767906.550187 1.337532 -0.518213 0.015289 0.631750 -0.405551 -0.303523 0.586765
1644767906.563602 1.343039 -0.531825 0.015451 0.632403 -0.408481 -0.301097 0.585278
1644767906.576891 1.350907 -0.543297 0.014981 0.632865 -0.410484 -0.298733 0.584588
1644767906.590267 1.362485 -0.546481 0.017692 0.632799 -0.412542 -0.296334 0.584431
1644767906.603589 1.368061 -0.559308 0.017219 0.632372 -0.414271 -0.294569 0.584564
1644767906.616875 1.369436 -0.577848 0.014669 0.631505 -0.416231 -0.293443 0.584675
1644767906.630203 1.374929 -0.590344 0.014702 0.630476 -0.418149 -0.293104 0.584587
1644767906.643530 1.380109 -0.603408 0.014856 0.629044 -0.420188 -0.293281 0.584578
1644767906.656924 1.385574 -0.615613 0.015381 0.627228 -0.422194 -0.293726 0.584861
1644767906.670370 1.387240 -0.629772 0.016212 0.625088 -0.424282 -0.294060 0.585473
1644767906.683637 1.392179 -0.640827 0.017058 0.623122 -0.426232 -0.294259 0.586051
1644767906.696990 1.395998 -0.652160 0.019301 0.621042 -0.428573 -0.293997 0.586683
1644767906.710144 1.400597 -0.662699 0.020480 0.619577 -0.430609 -0.293197 0.587141
1644767906.723638 1.400865 -0.672513 0.022949 0.617559 -0.433038 -0.292035 0.588060
1644767906.736903 1.409623 -0.681062 0.024616 0.615991 -0.435038 -0.291667 0.588411
1644767906.750178 1.408954 -0.692127 0.025675 0.613487 -0.437342 -0.291799 0.589254
1644767906.763675 1.413077 -0.702114 0.026890 0.611156 -0.439299 -0.292851 0.589698
1644767906.777157 1.409480 -0.714102 0.027685 0.608361 -0.441358 -0.294040 0.590457
1644767906.790245 1.413106 -0.722964 0.028808 0.606513 -0.442828 -0.295265 0.590647
1644767906.803704 1.413574 -0.730870 0.030940 0.604284 -0.444554 -0.296514 0.591009
1644767906.816884 1.421644 -0.737909 0.033009 0.603031 -0.445518 -0.297749 0.590942
1644767906.830420 1.420278 -0.746449 0.034751 0.600937 -0.446496 -0.298929 0.591741
1644767906.843791 1.423916 -0.755093 0.035972 0.599311 -0.446843 -0.300214 0.592477
1644767906.856927 1.420545 -0.764667 0.036664 0.597065 -0.447328 -0.301484 0.593733
1644767906.870235 1.424237 -0.772947 0.037944 0.595384 -0.447762 -0.302760 0.594444
1644767906.883629 1.422555 -0.781907 0.039095 0.593254 -0.448692 -0.304069 0.595204
1644767906.897063 1.426457 -0.790138 0.040457 0.591477 -0.449590 -0.305493 0.595564
1644767906.910415 1.425836 -0.798809 0.041163 0.589240 -0.450483 -0.306949 0.596359
1644767906.923677 1.429755 -0.806892 0.042437 0.587468 -0.450858 -0.308535 0.597005
1644767906.937076 1.433085 -0.813011 0.044287 0.585638 -0.451053 -0.310427 0.597675
1644767906.950461 1.436889 -0.820435 0.045441 0.584246 -0.451067 -0.312587 0.597900
1644767906.963598 1.442879 -0.825336 0.048098 0.582723 -0.451092 -0.315449 0.597865
1644767906.976892 1.446860 -0.832521 0.049248 0.581497 -0.451152 -0.318467 0.597412
1644767906.990414 1.452015 -0.838574 0.052006 0.579860 -0.451353 -0.322458 0.596711
1644767907.003655 1.456320 -0.845818 0.053150 0.578252 -0.451622 -0.326279 0.595991
1644767907.017043 1.463538 -0.852526 0.055298 0.576495 -0.452091 -0.330365 0.595084
1644767907.030433 1.469590 -0.859847 0.056945 0.574908 -0.452933 -0.333626 0.594160
1644767907.043637 1.471928 -0.866645 0.058664 0.572923 -0.454539 -0.336561 0.593195
1644767907.057054 1.477206 -0.874254 0.060223 0.571088 -0.456474 -0.339177 0.591988
1644767907.070306 1.483828 -0.879784 0.063458 0.569237 -0.458711 -0.341709 0.590583
1644767907.083695 1.489416 -0.887524 0.065256 0.567699 -0.460796 -0.343992 0.589113
1644767907.097119 1.493510 -0.897178 0.066170 0.566247 -0.462839 -0.346129 0.587656
1644767907.110485 1.498894 -0.904481 0.068021 0.565196 -0.464710 -0.347972 0.586101
1644767907.123669 1.508596 -0.909055 0.071692 0.563957 -0.467022 -0.350151 0.584155
1644767907.137099 1.513924 -0.916627 0.073728 0.563006 -0.469345 -0.352231 0.581956
1644767907.150462 1.519401 -0.925768 0.075405 0.561904 -0.472067 -0.354816 0.579243
1644767907.163761 1.525111 -0.932998 0.077773 0.561408 -0.474468 -0.357445 0.576137
1644767907.177129 1.530708 -0.940965 0.080373 0.561369 -0.476804 -0.360345 0.572429
1644767907.190532 1.536535 -0.948123 0.083215 0.562004 -0.478385 -0.362610 0.569046
1644767907.203725 1.542232 -0.956283 0.086128 0.562833 -0.479585 -0.364408 0.566060
1644767907.217036 1.547935 -0.963298 0.089283 0.563468 -0.480541 -0.365665 0.563802
1644767907.230350 1.550725 -0.972892 0.090619 0.563298 -0.481815 -0.366817 0.562135
1644767907.243772 1.556323 -0.979911 0.094047 0.562562 -0.483532 -0.368240 0.560464
1644767907.257210 1.561191 -0.988397 0.096968 0.561039 -0.485572 -0.370150 0.558967
1644767907.270382 1.566165 -0.994752 0.100245 0.559132 -0.487490 -0.372329 0.557760
1644767907.283869 1.572389 -1.000979 0.104380 0.556823 -0.489515 -0.375256 0.556333
1644767907.297032 1.577144 -1.006992 0.107732 0.555005 -0.491081 -0.377970 0.554931
1644767907.310463 1.582466 -1.013871 0.111305 0.553512 -0.492585 -0.380818 0.553139
1644767907.323773 1.587135 -1.019479 0.114806 0.552532 -0.494017 -0.382943 0.551372
1644767907.337135 1.596153 -1.017245 0.120724 0.551444 -0.495889 -0.384782 0.549496
1644767907.350416 1.600727 -1.022779 0.124225 0.550311 -0.498077 -0.386152 0.547689
1644767907.363829 1.606227 -1.027376 0.128184 0.548818 -0.500714 -0.387507 0.545823
1644767907.377057 1.610558 -1.032848 0.131540 0.547215 -0.503193 -0.388833 0.544207
1644767907.390427 1.612589 -1.040047 0.133730 0.545446 -0.505363 -0.390188 0.543002
1644767907.403718 1.616544 -1.045459 0.136735 0.543621 -0.507196 -0.391695 0.542036
1644767907.417050 1.621628 -1.051047 0.139365 0.541501 -0.509088 -0.393736 0.540905
1644767907.430455 1.625114 -1.056148 0.141865 0.539364 -0.511153 -0.396065 0.539390
1644767907.443779 1.630510 -1.061055 0.145667 0.537066 -0.513284 -0.398862 0.537595
1644767907.457121 1.633437 -1.066414 0.147647 0.535112 -0.514955 -0.401253 0.536165
1644767907.470479 1.636675 -1.072598 0.149555 0.533176 -0.516624 -0.403767 0.534598
1644767907.483788 1.639752 -1.077919 0.151329 0.531584 -0.518209 -0.405856 0.533066
1644767907.497135 1.640362 -1.084857 0.151565 0.529768 -0.520086 -0.407902 0.531481
1644767907.510909 1.643293 -1.090632 0.153038 0.528017 -0.522058 -0.409624 0.529963
1644767907.523833 1.642878 -1.097487 0.152853 0.526097 -0.523999 -0.411142 0.528780
1644767907.537133 1.645381 -1.103371 0.153911 0.524403 -0.525740 -0.412550 0.527637
1644767907.550562 1.645754 -1.110654 0.153330 -0.522739 0.527179 0.414099 -0.526639
1644767907.563805 1.647755 -1.116332 0.153945 -0.521475 0.528389 0.415738 -0.525386
1644767907.577508 1.647804 -1.124783 0.153009 -0.520111 0.529809 0.417940 -0.523558
1644767907.590547 1.649448 -1.130793 0.153304 -0.519329 0.531100 0.419956 -0.521409
1644767907.603869 1.665845 -1.141780 0.160685 -0.521182 0.530604 0.422358 -0.518115
1644767907.617175 1.667372 -1.148178 0.160672 -0.520518 0.531904 0.424409 -0.515768
1644767907.630449 1.668802 -1.155270 0.160500 -0.519905 0.533265 0.426510 -0.513241
1644767907.643920 1.669963 -1.162088 0.160230 -0.519471 0.534531 0.428325 -0.510846
1644767907.657248 1.671045 -1.169489 0.159843 -0.519069 0.535865 0.430003 -0.508442
1644767907.670546 1.671973 -1.176705 0.159400 -0.518598 0.537186 0.431370 -0.506366
1644767907.683947 1.672844 -1.184365 0.158891 -0.517918 0.538670 0.432709 -0.504339
1644767907.697226 1.673546 -1.191499 0.158392 -0.517058 0.540148 0.434080 -0.502460
1644767907.710697 1.674265 -1.200019 0.157751 -0.515870 0.541835 0.435939 -0.500250
1644767907.723886 1.674841 -1.207488 0.157156 -0.514813 0.543105 0.437705 -0.498416
1644767907.737200 1.675456 -1.215928 0.156487 -0.513755 0.544359 0.439632 -0.496440
1644767907.750558 1.676031 -1.223616 0.155921 -0.512907 0.545511 0.441253 -0.494611
1644767907.764070 1.672696 -1.228853 0.151749 -0.511907 0.547185 0.442700 -0.492499
1644767907.777172 1.673348 -1.236579 0.151271 -0.511184 0.548960 0.443790 -0.490290
1644767907.790588 1.673350 -1.244252 0.150593 -0.510420 0.551296 0.444302 -0.487996
1644767907.803866 1.674103 -1.252116 0.150399 -0.509624 0.553987 0.444609 -0.485494
1644767907.817254 1.676304 -1.259557 0.151015 -0.508662 0.557109 0.444518 -0.483007
1644767907.830556 1.677239 -1.267484 0.151237 -0.507503 0.560226 0.444566 -0.480572
1644767907.843892 1.678464 -1.277214 0.150665 -0.506320 0.562837 0.444764 -0.478582
1644767907.857243 1.679649 -1.284457 0.151292 -0.504767 0.565269 0.444820 -0.477301
1644767907.870730 1.679240 -1.289473 0.151496 -0.502622 0.567768 0.444825 -0.476593
1644767907.883916 1.681098 -1.296416 0.152895 -0.500798 0.569483 0.445063 -0.476246
1644767907.897314 1.681296 -1.301653 0.153003 -0.499040 0.570590 0.445215 -0.476624
1644767907.910625 1.683307 -1.308315 0.154524 -0.497546 0.571439 0.445357 -0.477035
1644767907.924024 1.686381 -1.315293 0.155422 -0.496210 0.571988 0.445398 -0.477730
1644767907.937343 1.688918 -1.321704 0.157511 -0.494739 0.572928 0.445387 -0.478139
1644767907.950638 1.694446 -1.328631 0.159787 -0.493156 0.573740 0.445309 -0.478873
1644767907.963973 1.697476 -1.334899 0.162368 -0.491114 0.575074 0.445409 -0.479278
1644767907.977357 1.700185 -1.342294 0.164078 -0.488937 0.576385 0.445691 -0.479667
1644767907.990674 1.703542 -1.348050 0.166885 -0.486844 0.577916 0.445592 -0.480045
1644767908.004024 1.710652 -1.356369 0.170829 -0.484744 0.579411 0.445445 -0.480505
1644767908.017327 1.714440 -1.361998 0.173978 -0.483057 0.580676 0.444913 -0.481169
1644767908.030651 1.730494 -1.394047 0.179056 -0.481025 0.583267 0.446380 -0.478706
1644767908.043964 1.734364 -1.399795 0.182265 -0.479004 0.584585 0.446639 -0.478883
1644767908.057390 1.738745 -1.406148 0.185809 -0.476666 0.586029 0.447490 -0.478656
1644767908.070693 1.742861 -1.411915 0.189040 -0.474824 0.587024 0.448582 -0.478245
1644767908.084028 1.747360 -1.417950 0.192458 -0.473440 0.587604 0.449718 -0.477839
1644767908.097293 1.751729 -1.423606 0.195682 -0.472595 0.587856 0.450713 -0.477427
1644767908.110698 1.756392 -1.429521 0.199032 -0.471855 0.588117 0.451639 -0.476963
1644767908.124026 1.760952 -1.435294 0.202228 -0.471004 0.588538 0.452367 -0.476594
1644767908.137364 1.765563 -1.441188 0.205396 -0.469906 0.589135 0.452846 -0.476485
1644767908.150898 1.769900 -1.446797 0.208322 -0.468654 0.589772 0.453046 -0.476740
1644767908.164111 1.763768 -1.457033 0.213477 -0.465343 0.592864 0.453996 -0.475243
1644767908.177304 1.767894 -1.462793 0.216314 -0.463560 0.593798 0.453864 -0.475944
1644767908.190744 1.771315 -1.464908 0.218618 -0.461539 0.594944 0.453061 -0.477241
1644767908.204057 1.775636 -1.471019 0.221535 -0.459338 0.596932 0.452350 -0.477556
1644767908.217406 1.778771 -1.473252 0.224834 -0.456964 0.599559 0.451051 -0.477772
1644767908.230677 1.783144 -1.479656 0.227858 -0.454716 0.602299 0.450064 -0.477401
1644767908.244086 1.787982 -1.485212 0.231173 -0.452561 0.604783 0.448931 -0.477375
1644767908.257408 1.792286 -1.491909 0.234249 -0.450557 0.606623 0.448220 -0.477605
1644767908.270809 1.795964 -1.496271 0.236705 -0.448392 0.607638 0.447652 -0.478882
1644767908.284069 1.799656 -1.502733 0.239467 -0.445913 0.608185 0.447923 -0.480247
1644767908.297421 1.803696 -1.512877 0.242454 -0.442296 0.609031 0.448946 -0.481562
1644767908.310765 1.807317 -1.519763 0.245262 -0.438930 0.609925 0.450154 -0.482384
1644767908.324046 1.814301 -1.530803 0.250032 -0.435345 0.611370 0.451642 -0.482412
1644767908.337460 1.818203 -1.537498 0.252759 -0.432945 0.612269 0.452551 -0.482579
1644767908.350763 1.819712 -1.540851 0.256301 -0.430994 0.613019 0.452624 -0.483306
1644767908.364179 1.823323 -1.547976 0.259497 -0.429704 0.613147 0.452800 -0.484125
1644767908.377454 1.827037 -1.553722 0.263224 -0.428130 0.613030 0.453020 -0.485460
1644767908.390727 1.830331 -1.560893 0.266517 -0.426384 0.612626 0.454077 -0.486519
1644767908.404034 1.833986 -1.565723 0.270110 -0.424521 0.612028 0.455198 -0.487851
1644767908.417432 1.837148 -1.572911 0.273645 -0.422710 0.611288 0.457372 -0.488317
1644767908.430817 1.839580 -1.582117 0.278021 -0.421192 0.610659 0.459717 -0.488215
1644767908.444131 1.842442 -1.588593 0.281677 -0.420730 0.609648 0.461129 -0.488543
1644767908.457379 1.844949 -1.592145 0.287066 -0.420844 0.608685 0.461591 -0.489209
1644767908.470806 1.847303 -1.599445 0.291041 -0.421273 0.607976 0.462233 -0.489117
1644767908.484131 1.850567 -1.602489 0.296388 -0.422309 0.607002 0.461858 -0.489787
1644767908.497442 1.853182 -1.608333 0.301217 -0.423451 0.606127 0.462017 -0.489734
1644767908.510987 1.855673 -1.610873 0.307412 -0.425025 0.604920 0.461350 -0.490491
1644767908.524083 1.858082 -1.616230 0.312760 -0.426811 0.603670 0.460950 -0.490857
1644767908.537453 1.859787 -1.617877 0.317767 -0.428966 0.602439 0.460024 -0.491358
1644767908.550827 1.862099 -1.622814 0.323630 -0.431207 0.601823 0.459036 -0.491076
1644767908.564151 1.862091 -1.623370 0.329934 -0.433556 0.601568 0.457321 -0.490921
1644767908.577507 1.864198 -1.627767 0.336102 -0.435997 0.601271 0.456214 -0.490153
1644767908.590791 1.862591 -1.628544 0.342215 -0.438178 0.601341 0.455143 -0.489114
1644767908.604139 1.864339 -1.632104 0.348130 -0.440665 0.600816 0.454319 -0.488291
1644767908.617492 1.864731 -1.634672 0.354308 -0.443453 0.600029 0.453804 -0.487212
1644767908.630960 1.866294 -1.637825 0.360441 -0.445787 0.599155 0.453205 -0.486715
1644767908.644188 1.872057 -1.646694 0.368903 -0.447939 0.598395 0.452225 -0.486587
1644767908.657504 1.873394 -1.649352 0.375150 -0.449666 0.597942 0.451631 -0.486102
1644767908.670876 1.872935 -1.650523 0.380198 -0.451545 0.597429 0.451138 -0.485449
1644767908.684233 1.874053 -1.654754 0.387000 -0.452668 0.597699 0.450282 -0.484866
1644767908.697601 1.873419 -1.653871 0.393718 -0.453870 0.598049 0.448800 -0.484683
1644767908.710806 1.874540 -1.655534 0.400128 -0.454970 0.598606 0.447547 -0.484122
1644767908.724149 1.876143 -1.655176 0.406731 -0.456226 0.599448 0.446244 -0.483101
1644767908.737489 1.877128 -1.656242 0.412766 -0.457391 0.600466 0.445501 -0.481418
1644767908.750921 1.878424 -1.657855 0.420684 -0.459078 0.601554 0.444888 -0.479013
1644767908.764224 1.879340 -1.658441 0.426730 -0.460930 0.602147 0.444551 -0.476798
1644767908.777647 1.889546 -1.671171 0.440784 -0.463666 0.602528 0.445105 -0.473134
1644767908.791138 1.890355 -1.671431 0.447093 -0.466388 0.602367 0.445238 -0.470531
1644767908.804555 1.891061 -1.671534 0.453711 -0.468977 0.601782 0.446268 -0.467721
1644767908.817715 1.891623 -1.671498 0.459841 -0.470847 0.600798 0.448277 -0.465181
1644767908.830982 1.892128 -1.671345 0.465927 -0.472272 0.599484 0.451200 -0.462597
1644767908.844275 1.892625 -1.671050 0.471874 -0.473598 0.597979 0.454589 -0.459864
1644767908.857592 1.893194 -1.670578 0.477895 -0.475402 0.596269 0.458223 -0.456604
1644767908.870918 1.893772 -1.669956 0.483424 -0.477848 0.594327 0.461541 -0.453229
1644767908.884246 1.894496 -1.668988 0.489763 -0.481357 0.591516 0.465254 -0.449380
1644767908.897612 1.895177 -1.667942 0.495226 -0.484830 0.588553 0.468342 -0.446319
1644767908.910981 1.895995 -1.666604 0.501283 -0.488556 0.585209 0.471683 -0.443124
1644767908.924250 1.896770 -1.665285 0.506622 -0.491561 0.582543 0.474218 -0.440600
1644767908.937563 1.897641 -1.663758 0.512422 -0.494473 0.580279 0.476549 -0.437804
1644767908.950917 1.898440 -1.662218 0.517794 -0.497104 0.578691 0.478015 -0.435323
1644767908.964236 1.899268 -1.660405 0.523538 -0.500104 0.577049 0.479021 -0.432955
1644767908.977620 1.900047 -1.658522 0.528884 -0.503199 0.575296 0.479350 -0.431335
1644767908.990939 1.912210 -1.693102 0.537420 -0.507409 0.572167 0.481876 -0.427735
1644767909.004321 1.913153 -1.691102 0.542916 -0.510698 0.570567 0.481086 -0.426846
1644767909.017941 1.914085 -1.688927 0.548566 -0.514015 0.569097 0.480132 -0.425900
1644767909.031022 1.914857 -1.686814 0.553626 -0.517033 0.567516 0.479462 -0.425111
1644767909.044407 1.915617 -1.684235 0.559118 -0.520549 0.564996 0.479123 -0.424557
1644767909.057706 1.916232 -1.681698 0.563905 -0.523896 0.561769 0.479510 -0.424285
1644767909.071039 1.916834 -1.678741 0.568943 -0.527606 0.557511 0.480647 -0.424019
1644767909.084325 1.917344 -1.675915 0.573398 -0.530932 0.553165 0.482331 -0.423647
1644767909.097711 1.917864 -1.672718 0.578051 -0.534385 0.548385 0.484102 -0.423501
1644767909.111159 1.918334 -1.669592 0.582286 -0.537319 0.544091 0.485634 -0.423572
1644767909.124570 1.918808 -1.666192 0.586502 0.540156 -0.539755 -0.487057 0.423876
1644767909.137780 1.919213 -1.663038 0.590083 0.542464 -0.535936 -0.488591 0.424010
1644767909.151117 1.919613 -1.659239 0.594035 0.544902 -0.531501 -0.491023 0.423657
1644767909.164333 1.919872 -1.655772 0.597295 0.546826 -0.527583 -0.493688 0.422978
1644767909.177734 1.915726 -1.639183 0.589847 0.548959 -0.522370 -0.496969 0.422843
1644767909.191096 1.915842 -1.635139 0.592666 0.550668 -0.518510 -0.500437 0.421278
1644767909.204385 1.917205 -1.629160 0.595210 0.552784 -0.514048 -0.504177 0.419512
1644767909.217785 1.917318 -1.624521 0.597680 0.555293 -0.509736 -0.507184 0.417831
1644767909.231040 1.916653 -1.618139 0.598893 0.558566 -0.504871 -0.509955 0.416000
1644767909.244408 1.916987 -1.612919 0.601217 0.562122 -0.500661 -0.512153 0.413590
1644767909.257716 1.917873 -1.610361 0.607585 0.565751 -0.497442 -0.513986 0.410239
1644767909.270987 1.918243 -1.604758 0.609941 0.569019 -0.494698 -0.515566 0.407042
1644767909.284435 1.916485 -1.596255 0.610469 0.572109 -0.492405 -0.517096 0.403534
1644767909.297695 1.916760 -1.590121 0.612714 0.574493 -0.490869 -0.518945 0.399628
1644767909.311135 1.921296 -1.584752 0.616883 0.576718 -0.489155 -0.521057 0.395756
1644767909.324625 1.921606 -1.578370 0.618942 0.578866 -0.487345 -0.523332 0.391833
1644767909.337923 1.919428 -1.571251 0.620769 0.581262 -0.485415 -0.525984 0.387101
1644767909.351226 1.919708 -1.564506 0.622699 0.583074 -0.483703 -0.528268 0.383392
1644767909.364523 1.921521 -1.558315 0.625934 0.584687 -0.482397 -0.530272 0.379797
1644767909.377756 1.921811 -1.551315 0.627783 0.585743 -0.481585 -0.531730 0.377154
1644767909.391092 1.917866 -1.542177 0.626797 0.586485 -0.481436 -0.533193 0.374111
1644767909.404439 1.920743 -1.535332 0.628613 0.586976 -0.481486 -0.534452 0.371472
1644767909.417783 1.919489 -1.528187 0.632020 0.587958 -0.482108 -0.535212 0.368002
1644767909.431094 1.919664 -1.520457 0.633828 0.589442 -0.482021 -0.535529 0.365272
1644767909.444621 1.918785 -1.511175 0.635630 0.591753 -0.481474 -0.534938 0.363115
1644767909.458082 1.918736 -1.503187 0.637437 0.594576 -0.480319 -0.533705 0.361847
1644767909.471223 1.917667 -1.505692 0.640962 0.597818 -0.479412 -0.532712 0.359159
1644767909.484483 1.917267 -1.497439 0.642863 0.600879 -0.478205 -0.530773 0.358532
1644767909.497852 1.916670 -1.488126 0.645080 0.604156 -0.477204 -0.528163 0.358212
1644767909.511159 1.916009 -1.479586 0.647160 0.606578 -0.476938 -0.525817 0.357924
1644767909.524439 1.915210 -1.470409 0.649381 0.608268 -0.477393 -0.523803 0.357401
1644767909.537770 1.914403 -1.461835 0.651368 0.608820 -0.478474 -0.522483 0.356948
1644767909.551120 1.913492 -1.452621 0.653373 0.608826 -0.479860 -0.521119 0.357071
1644767909.564494 1.912571 -1.443658 0.655191 0.608737 -0.481003 -0.519430 0.358146
1644767909.577875 1.911545 -1.434185 0.657006 0.608892 -0.481669 -0.517341 0.360007
1644767909.591108 1.910552 -1.425419 0.658603 0.609525 -0.481488 -0.515153 0.362306
1644767909.604485 1.909325 -1.414883 0.660435 0.610826 -0.480416 -0.512425 0.365392
1644767909.617827 1.908209 -1.405462 0.662015 0.612412 -0.478607 -0.510405 0.367931
1644767909.631171 1.906904 -1.394525 0.663824 0.614524 -0.475851 -0.508742 0.370280
1644767909.644515 1.905698 -1.384445 0.665507 0.616958 -0.472486 -0.507672 0.372006
1644767909.658077 1.904262 -1.372800 0.667488 0.620209 -0.467806 -0.506811 0.373685
1644767909.671415 1.902854 -1.361811 0.669377 0.623537 -0.462731 -0.506513 0.374867
1644767909.684651 1.901369 -1.350373 0.671321 0.626813 -0.457387 -0.506747 0.375647
1644767909.697977 1.899890 -1.339179 0.673192 0.629622 -0.452489 -0.507388 0.376016
1644767909.711370 1.896272 -1.323510 0.669703 0.632168 -0.448414 -0.506889 0.377297
1644767909.724628 1.894356 -1.311921 0.669874 0.634337 -0.444696 -0.507213 0.377621
1644767909.738051 1.893135 -1.299097 0.670853 0.637016 -0.440718 -0.506970 0.378100
1644767909.751365 1.891579 -1.288280 0.672230 0.639373 -0.437700 -0.506466 0.378301
1644767909.764534 1.889923 -1.278072 0.674604 0.641853 -0.434904 -0.506268 0.377593
1644767909.777825 1.888258 -1.267290 0.676018 0.643767 -0.433024 -0.506231 0.376542
1644767909.791206 1.887409 -1.256091 0.678082 0.645663 -0.431315 -0.506630 0.374716
1644767909.804479 1.885487 -1.245237 0.679642 0.647296 -0.430095 -0.506825 0.373035
1644767909.817876 1.883997 -1.232959 0.681595 0.649208 -0.428685 -0.506534 0.371729
1644767909.831413 1.881933 -1.222225 0.683101 0.651425 -0.426787 -0.505686 0.371187
1644767909.844640 1.878625 -1.212192 0.684118 0.654103 -0.424297 -0.504329 0.371179
1644767909.857998 1.876369 -1.200987 0.685332 0.656982 -0.421494 -0.502252 0.372103
1644767909.871353 1.876274 -1.191628 0.690047 0.659944 -0.419113 -0.499681 0.373010
1644767909.884574 1.874005 -1.181059 0.691000 0.662844 -0.416084 -0.497200 0.374573
1644767909.897986 1.869341 -1.168480 0.691734 0.666406 -0.412238 -0.494101 0.376599
1644767909.911297 1.866715 -1.157746 0.692506 0.669346 -0.408744 -0.492345 0.377492
1644767909.924654 1.863636 -1.145729 0.693298 0.672754 -0.404402 -0.491094 0.377739
1644767909.938101 1.860723 -1.134749 0.693963 0.676190 -0.399819 -0.490452 0.377317
1644767909.951302 1.857580 -1.122920 0.694620 0.680076 -0.394644 -0.490033 0.376325
1644767909.964661 1.854606 -1.111865 0.695113 0.683488 -0.390046 -0.490020 0.374950
1644767909.978161 1.851364 -1.100106 0.695437 0.686436 -0.385932 -0.490747 0.372866
1644767909.991276 1.848314 -1.089331 0.695518 0.688412 -0.382983 -0.492364 0.370124
1644767910.004790 1.845073 -1.078232 0.695406 0.690399 -0.380137 -0.494172 0.366932
1644767910.018003 1.842036 -1.068169 0.695182 0.692985 -0.377009 -0.494731 0.364523
1644767910.031338 1.838767 -1.057787 0.696592 0.696977 -0.372364 -0.494443 0.362068
1644767910.044656 1.835576 -1.047600 0.695990 0.700268 -0.368674 -0.493548 0.360714
1644767910.058089 1.831923 -1.036000 0.694941 0.703271 -0.365117 -0.492913 0.359355
1644767910.071455 1.828660 -1.025761 0.693739 0.705090 -0.362898 -0.492510 0.358591
1644767910.084836 1.824967 -1.014590 0.692228 0.706601 -0.361092 -0.491891 0.358290
1644767910.098043 1.821400 -1.004349 0.690770 0.707793 -0.359600 -0.491100 0.358522
1644767910.111342 1.817402 -0.993371 0.689180 0.708990 -0.357728 -0.490341 0.359067
1644767910.124670 1.813483 -0.982865 0.687610 0.709913 -0.355606 -0.490129 0.359640
1644767910.137976 1.811133 -0.993245 0.682160 0.712068 -0.350861 -0.490517 0.359512
1644767910.151350 1.807007 -0.982908 0.680545 0.712473 -0.348279 -0.491528 0.359838
1644767910.164680 1.804762 -0.977726 0.676780 0.713088 -0.344951 -0.492655 0.360284
1644767910.178669 1.800179 -0.966821 0.675058 0.713578 -0.341836 -0.493748 0.360787
1644767910.191545 1.795910 -0.954367 0.673799 0.714012 -0.338976 -0.494641 0.361403
1644767910.204670 1.791562 -0.944565 0.672284 0.714341 -0.336352 -0.495737 0.361702
1644767910.218010 1.786547 -0.932450 0.670719 0.714491 -0.333648 -0.497178 0.361933
1644767910.231538 1.782707 -0.922075 0.668826 0.714551 -0.331649 -0.498287 0.362126
1644767910.244759 1.779246 -0.912762 0.665877 0.714793 -0.329573 -0.499036 0.362512
1644767910.258080 1.774276 -0.902935 0.664601 0.715208 -0.328172 -0.499465 0.362375
1644767910.271515 1.769257 -0.892914 0.664904 0.715322 -0.327690 -0.500753 0.360805
1644767910.284804 1.763753 -0.882937 0.664092 0.716608 -0.326007 -0.500282 0.360431
1644767910.298082 1.757857 -0.872629 0.663579 0.718458 -0.323780 -0.499580 0.359729
1644767910.311368 1.751823 -0.862365 0.663396 0.720667 -0.321072 -0.499120 0.358374
1644767910.324797 1.745419 -0.851691 0.663543 0.723244 -0.317868 -0.498921 0.356309
1644767910.338074 1.739331 -0.841742 0.663940 0.725715 -0.314764 -0.499089 0.353796
1644767910.351420 1.732159 -0.830319 0.664631 0.728394 -0.311319 -0.499702 0.350458
1644767910.364830 1.725548 -0.820133 0.665375 0.730654 -0.308423 -0.500367 0.347350
1644767910.378169 1.726271 -0.797569 0.671173 0.732158 -0.306513 -0.500849 0.345173
1644767910.391450 1.719471 -0.787068 0.672021 0.734919 -0.303729 -0.499265 0.344059
1644767910.404728 1.712119 -0.775713 0.672905 0.737848 -0.300866 -0.496689 0.344035
1644767910.418212 1.705136 -0.764833 0.673715 0.740181 -0.298399 -0.494291 0.344625
1644767910.431535 1.697798 -0.753370 0.674576 0.742060 -0.296006 -0.492587 0.345089
1644767910.444813 1.690745 -0.742398 0.675447 0.743342 -0.293882 -0.491987 0.344999
1644767910.458113 1.683591 -0.731287 0.676378 0.744443 -0.291859 -0.491867 0.344515
1644767910.471533 1.676469 -0.720206 0.677321 0.745560 -0.289987 -0.491624 0.344025
1644767910.484750 1.669470 -0.709311 0.678205 0.746745 -0.288324 -0.490844 0.343968
1644767910.498116 1.662871 -0.699075 0.678947 0.747913 -0.286977 -0.489393 0.344623
1644767910.511567 1.655315 -0.687451 0.679668 0.749187 -0.285669 -0.487149 0.346118
1644767910.524723 1.648613 -0.677274 0.680225 0.750217 -0.284629 -0.484817 0.348013
1644767910.538154 1.656522 -0.658866 0.692119 0.751593 -0.283271 -0.480730 0.351801
1644767910.551623 1.649629 -0.647662 0.693162 0.752593 -0.281939 -0.478304 0.354034
1644767910.564887 1.644982 -0.629297 0.696453 0.753451 -0.280604 -0.475747 0.356703
1644767910.578158 1.637988 -0.618396 0.697326 0.754154 -0.279068 -0.474331 0.358306
1644767910.591550 1.628930 -0.607160 0.695457 0.754349 -0.278038 -0.473473 0.359828
1644767910.605007 1.621547 -0.595998 0.696269 0.755052 -0.276198 -0.472304 0.361303
1644767910.618125 1.614077 -0.586025 0.695374 0.755404 -0.274477 -0.471607 0.362785
1644767910.631525 1.607194 -0.575627 0.695855 0.755665 -0.272760 -0.471015 0.364303
1644767910.644834 1.601132 -0.570088 0.695797 0.756088 -0.270742 -0.469697 0.366625
1644767910.658188 1.594170 -0.559585 0.695958 0.755931 -0.269151 -0.469594 0.368250
1644767910.671667 1.585096 -0.543965 0.696041 0.755450 -0.267858 -0.469622 0.370138
1644767910.684875 1.577128 -0.534464 0.695350 0.754982 -0.266359 -0.469785 0.371963
1644767910.698279 1.569498 -0.524598 0.693452 0.754143 -0.264885 -0.470178 0.374216
1644767910.711521 1.562102 -0.513998 0.692841 0.753537 -0.263171 -0.470343 0.376431
1644767910.725011 1.557337 -0.507935 0.688795 0.752550 -0.261578 -0.470602 0.379183
1644767910.738230 1.549977 -0.497309 0.687830 0.752359 -0.259089 -0.470341 0.381586
1644767910.751603 1.543549 -0.486335 0.687503 0.752232 -0.256469 -0.470203 0.383769
1644767910.765068 1.536106 -0.476880 0.685505 0.751993 -0.253858 -0.470370 0.385765
1644767910.778323 1.531321 -0.460942 0.688012 0.751598 -0.250759 -0.472281 0.386227
1644767910.791767 1.524231 -0.450591 0.686596 0.751465 -0.248074 -0.472525 0.387918
1644767910.804887 1.516504 -0.439345 0.684958 0.751573 -0.245009 -0.472484 0.389702
1644767910.818277 1.509354 -0.428913 0.683376 0.751930 -0.241992 -0.472182 0.391261
1644767910.832013 1.501281 -0.417093 0.681544 0.752502 -0.238417 -0.471747 0.392879
1644767910.844956 1.493973 -0.406370 0.679880 0.753146 -0.235007 -0.471371 0.394147
1644767910.858386 1.486289 -0.384325 0.681020 0.753217 -0.232796 -0.473743 0.392476
1644767910.871685 1.478676 -0.373086 0.679409 0.754114 -0.228984 -0.473372 0.393442
1644767910.884895 1.470909 -0.361590 0.677816 0.755107 -0.225068 -0.473010 0.394232
1644767910.898590 1.462955 -0.349752 0.676281 0.756326 -0.221045 -0.472445 0.394849
1644767910.911599 1.455189 -0.338150 0.674937 0.757744 -0.217071 -0.471676 0.395254
1644767910.924943 1.447740 -0.327015 0.673826 0.759236 -0.213228 -0.470851 0.395466
1644767910.938308 1.439097 -0.314090 0.672741 0.760877 -0.208810 -0.470098 0.395566
1644767910.951760 1.431276 -0.302399 0.671905 0.762057 -0.204924 -0.469837 0.395638
1644767910.964906 1.422714 -0.289625 0.671086 0.762941 -0.200846 -0.469895 0.395956
1644767910.978320 1.414689 -0.277705 0.670348 0.763350 -0.197216 -0.470040 0.396819
1644767910.991634 1.398164 -0.226355 0.677649 0.762602 -0.196570 -0.473436 0.394532
1644767911.005095 1.389542 -0.213843 0.676874 0.762532 -0.193156 -0.473499 0.396276
1644767911.018541 1.376343 -0.196838 0.675933 0.762881 -0.188725 -0.472243 0.399228
1644767911.032072 1.367737 -0.184996 0.675318 0.763107 -0.185142 -0.471496 0.401349
1644767911.045019 1.356486 -0.171279 0.673882 0.763781 -0.180366 -0.468551 0.405668
1644767911.058464 1.347672 -0.159677 0.673181 0.764555 -0.175753 -0.465711 0.409487
1644767911.071655 1.338121 -0.143199 0.676474 0.765778 -0.170504 -0.461853 0.413770
1644767911.085229 1.328349 -0.130366 0.674968 0.765817 -0.165903 -0.458704 0.419036
1644767911.098514 1.312337 -0.111716 0.674201 0.765832 -0.160010 -0.454265 0.426077
1644767911.111724 1.302988 -0.100161 0.673169 0.765157 -0.156873 -0.453315 0.429454
1644767911.125206 1.285553 -0.077232 0.669371 0.764394 -0.153703 -0.452491 0.432815
1644767911.138359 1.276092 -0.066001 0.668394 0.764287 -0.151090 -0.451528 0.434925
1644767911.151766 1.269058 -0.055892 0.666455 0.764078 -0.149591 -0.450318 0.437060
1644767911.165017 1.260388 -0.045637 0.665110 0.764426 -0.147208 -0.447768 0.439871
1644767911.178386 1.244699 -0.023106 0.665228 0.764906 -0.143210 -0.443881 0.444273
1644767911.192171 1.234394 -0.011843 0.663468 0.764551 -0.140546 -0.440703 0.448876
1644767911.205375 1.224248 0.000587 0.662664 0.763868 -0.138647 -0.438118 0.453138
1644767911.218512 1.214538 0.010545 0.660558 0.763034 -0.136387 -0.435180 0.458034
1644767911.232337 1.197080 0.031801 0.658531 0.762243 -0.133265 -0.430272 0.464858
1644767911.245228 1.186825 0.041730 0.655763 0.761187 -0.131157 -0.426820 0.470338
1644767911.258600 1.175236 0.055462 0.653104 0.759966 -0.129422 -0.424538 0.474836
1644767911.271812 1.164117 0.065706 0.648704 0.758427 -0.127944 -0.422391 0.479588
1644767911.285217 1.149845 0.085841 0.641761 0.756361 -0.127690 -0.424243 0.481281
1644767911.298577 1.139028 0.095506 0.637537 0.754941 -0.126370 -0.423595 0.484418
1644767911.311779 1.132580 0.089898 0.629132 0.753362 -0.123810 -0.421920 0.488979
1644767911.325180 1.121584 0.099020 0.624033 0.752545 -0.122379 -0.420792 0.491563
1644767911.338571 1.114591 0.103130 0.617796 0.752064 -0.121676 -0.420546 0.492682
1644767911.351800 1.104125 0.111102 0.612151 0.752278 -0.119303 -0.418825 0.494399
1644767911.365185 1.092313 0.117883 0.600983 0.752116 -0.115843 -0.417642 0.496464
1644767911.378401 1.081408 0.125384 0.594354 0.752596 -0.111545 -0.415977 0.498117
1644767911.391843 1.083628 0.101851 0.587916 0.753095 -0.104842 -0.413268 0.501065
1644767911.405401 1.070912 0.111537 0.580782 0.752851 -0.100589 -0.412885 0.502615
1644767911.419020 1.057980 0.118794 0.571666 0.752346 -0.096008 -0.412272 0.504766
1644767911.432251 1.046631 0.124740 0.563256 0.751709 -0.093083 -0.412191 0.506328
1644767911.445224 1.033995 0.130917 0.553466 0.751420 -0.090669 -0.411333 0.507889
1644767911.458470 1.022005 0.136331 0.543805 0.751990 -0.089196 -0.408923 0.509252
1644767911.471847 1.024240 0.109664 0.534261 0.753497 -0.086935 -0.404342 0.511070
1644767911.485110 1.012438 0.113764 0.523881 0.755244 -0.086665 -0.400046 0.511917
1644767911.498548 1.007876 0.113728 0.515484 0.757300 -0.088403 -0.397217 0.510784
1644767911.511895 0.996833 0.116809 0.505047 0.758709 -0.088922 -0.393808 0.511242
1644767911.525216 0.981913 0.121225 0.494368 0.760245 -0.088932 -0.390010 0.511870
1644767911.538521 0.969767 0.125295 0.483255 0.761332 -0.089193 -0.387237 0.512315
1644767911.551798 0.963581 0.110083 0.472002 0.762687 -0.088197 -0.383006 0.513650
1644767911.565155 0.952267 0.111518 0.460454 0.763564 -0.088452 -0.380000 0.514535
1644767911.578802 0.958460 0.083919 0.451222 0.764739 -0.089350 -0.375573 0.515883
1644767911.591811 0.947608 0.084433 0.439077 0.765223 -0.090072 -0.371699 0.517842
1644767911.605131 0.942621 0.077885 0.430333 0.766183 -0.091167 -0.367898 0.518945
1644767911.618574 0.931865 0.077509 0.417703 0.766526 -0.091803 -0.363208 0.521623
1644767911.631905 0.923947 0.073878 0.406147 0.766682 -0.092702 -0.357319 0.525289
1644767911.645163 0.912017 0.074548 0.393583 0.766381 -0.093144 -0.352373 0.528977
1644767911.658679 0.905705 0.068113 0.382737 0.766294 -0.094362 -0.345340 0.533507
1644767911.671819 0.895917 0.066425 0.370865 0.765641 -0.094991 -0.340480 0.537442
1644767911.685110 0.880228 0.065892 0.356525 0.764814 -0.095002 -0.335076 0.541994
1644767911.698489 0.870466 0.063420 0.344872 0.763663 -0.095815 -0.331857 0.545444
1644767911.712088 0.856389 0.058759 0.328792 0.762140 -0.096034 -0.328205 0.549729
1644767911.725214 0.846882 0.055284 0.317256 0.760991 -0.097139 -0.323557 0.553866
1644767911.738727 0.832358 0.058217 0.303605 0.760216 -0.098894 -0.317224 0.558266
1644767911.752021 0.821997 0.052761 0.291390 0.759336 -0.099792 -0.310774 0.562912
1644767911.765270 0.808502 0.057967 0.278132 0.758314 -0.101637 -0.304403 0.567422
1644767911.778543 0.799566 0.053030 0.267032 0.756751 -0.102817 -0.299507 0.571884
1644767911.791866 0.790490 0.047744 0.253460 0.754293 -0.103923 -0.295456 0.577016
1644767911.805160 0.782633 0.042535 0.243724 0.752629 -0.104692 -0.292200 0.580697
1644767911.818487 0.763912 0.044273 0.224800 0.749822 -0.103311 -0.287269 0.587001
1644767911.832116 0.756224 0.038346 0.215213 0.748187 -0.103401 -0.282896 0.591181
1644767911.845851 0.751787 0.030688 0.205845 0.745959 -0.104350 -0.277792 0.596228
1644767911.858857 0.745385 0.022190 0.197525 0.743593 -0.103992 -0.274227 0.600878
1644767911.872074 0.739331 0.011749 0.187528 0.740207 -0.104284 -0.270034 0.606877
1644767911.885351 0.732297 0.004543 0.178378 0.736833 -0.104544 -0.266085 0.612656
1644767911.898716 0.724110 -0.002589 0.166589 0.732729 -0.104512 -0.261071 0.619699
1644767911.911946 0.717757 -0.010200 0.157882 0.729752 -0.104930 -0.255596 0.625397
1644767911.925473 0.710830 -0.019938 0.149300 0.727079 -0.104640 -0.249500 0.630997
1644767911.938751 0.705319 -0.027489 0.141379 0.724586 -0.104508 -0.243710 0.636128
1644767911.951953 0.708473 -0.058734 0.134225 0.721411 -0.102827 -0.234759 0.643336
1644767911.965343 0.701922 -0.062871 0.126952 0.719253 -0.101666 -0.229036 0.647983
1644767911.978766 0.698044 -0.075850 0.117504 0.716635 -0.100039 -0.220842 0.653954
1644767911.992035 0.693767 -0.083997 0.110012 0.715088 -0.098216 -0.212577 0.658645
1644767912.005444 0.691812 -0.095609 0.105114 0.714302 -0.096215 -0.202091 0.663080
1644767912.018736 0.688132 -0.103860 0.097853 0.713838 -0.093234 -0.192217 0.666929
1644767912.032007 0.684265 -0.112535 0.088599 0.713057 -0.089654 -0.181493 0.671247
1644767912.045349 0.681211 -0.120840 0.081805 0.713182 -0.086047 -0.173534 0.673686
1644767912.058899 0.688312 -0.135570 0.075749 0.712232 -0.082498 -0.167627 0.676624
1644767912.072030 0.686075 -0.143238 0.069842 0.712243 -0.078752 -0.162214 0.678376
1644767912.085392 0.685877 -0.155480 0.064081 0.711889 -0.074447 -0.155417 0.680821
1644767912.098680 0.683532 -0.161161 0.058693 0.711579 -0.070017 -0.150165 0.682791
1644767912.112126 0.680944 -0.173322 0.049648 0.709682 -0.064297 -0.141874 0.687087
1644767912.125373 0.679893 -0.181319 0.044282 0.708191 -0.059483 -0.134813 0.690473
1644767912.138693 0.678374 -0.190452 0.038756 0.705992 -0.055145 -0.126638 0.694620
1644767912.152027 0.677828 -0.198638 0.033613 0.703401 -0.051403 -0.119194 0.698840
1644767912.165371 0.665314 -0.192260 0.027645 0.700831 -0.047050 -0.110234 0.703186
1644767912.178766 0.665354 -0.200608 0.022849 0.697671 -0.044756 -0.102865 0.707581
1644767912.192128 0.665747 -0.209305 0.018071 0.694154 -0.042596 -0.094469 0.712328
1644767912.205403 0.666420 -0.217526 0.013752 0.690590 -0.040552 -0.085703 0.717005
1644767912.218711 0.667388 -0.225778 0.009654 0.686804 -0.038903 -0.076927 0.721712
1644767912.232082 0.668624 -0.233897 0.005890 0.682896 -0.038328 -0.069035 0.726235
1644767912.245382 0.670155 -0.241941 0.002425 0.678928 -0.039323 -0.062125 0.730514
1644767912.258742 0.671772 -0.249403 -0.000578 0.675271 -0.041340 -0.055567 0.734311
1644767912.272205 0.657517 -0.231465 -0.003759 0.672241 -0.038642 -0.048019 0.737762
1644767912.285582 0.659287 -0.239073 -0.006295 0.669042 -0.040856 -0.039984 0.741023
1644767912.298871 0.663560 -0.248934 -0.010208 0.665801 -0.043251 -0.033460 0.744123
1644767912.312025 0.665528 -0.256218 -0.012103 0.663049 -0.047717 -0.028774 0.746500
1644767912.325419 0.667476 -0.261815 -0.015810 0.659553 -0.052433 -0.024704 0.749420
1644767912.338828 0.669441 -0.268823 -0.017320 0.656784 -0.059263 -0.021190 0.751448
1644767912.352139 0.670181 -0.273908 -0.021743 0.652496 -0.065868 -0.015928 0.754756
1644767912.365533 0.672161 -0.280629 -0.022784 0.649446 -0.074357 -0.012342 0.756663
1644767912.378938 0.663582 -0.274548 -0.028385 0.646792 -0.083201 -0.010829 0.758037
1644767912.392205 0.665523 -0.280523 -0.028964 0.644083 -0.092561 -0.007710 0.759296
1644767912.405459 0.665209 -0.286233 -0.032487 0.640934 -0.101856 -0.003782 0.760798
1644767912.419007 0.672832 -0.296318 -0.028544 0.638549 -0.112209 0.000209 0.761357
1644767912.432187 0.671349 -0.300202 -0.031267 0.635705 -0.121760 0.002678 0.762264
1644767912.445521 0.672874 -0.305307 -0.031027 0.632366 -0.132915 0.005089 0.763165
1644767912.458862 0.664209 -0.301344 -0.036676 0.628461 -0.144471 0.007303 0.764272
1644767912.472141 0.665568 -0.306020 -0.036176 0.624729 -0.156498 0.012061 0.764903
1644767912.485483 0.671145 -0.316071 -0.035260 0.621279 -0.168446 0.018025 0.765058
1644767912.498744 0.672205 -0.320118 -0.034411 0.617045 -0.180412 0.027086 0.765489
1644767912.512103 0.682772 -0.329454 -0.025126 0.614171 -0.193414 0.034706 0.764317
1644767912.525415 0.683244 -0.332829 -0.024044 0.610093 -0.205998 0.044305 0.763799
1644767912.538822 0.681542 -0.335536 -0.025442 0.606051 -0.220854 0.051509 0.762412
1644767912.552123 0.681323 -0.337957 -0.024322 0.602691 -0.231861 0.059186 0.761250
1644767912.565555 0.680371 -0.338050 -0.024192 0.598891 -0.244118 0.067505 0.759723
1644767912.578811 0.679610 -0.339618 -0.022935 0.596507 -0.254477 0.074185 0.757573
1644767912.592277 0.679830 -0.343818 -0.021372 0.594390 -0.264664 0.081967 0.754940
1644767912.605617 0.678509 -0.344688 -0.019875 0.592981 -0.274114 0.089677 0.751793
1644767912.618865 0.679274 -0.347478 -0.016382 0.591704 -0.283789 0.098893 0.748045
1644767912.632539 0.677391 -0.347572 -0.014696 0.590849 -0.293046 0.108458 0.743813
1644767912.645698 0.674796 -0.348116 -0.012079 0.589797 -0.302119 0.119225 0.739357
1644767912.658817 0.672738 -0.347612 -0.010477 0.589238 -0.310762 0.128636 0.734628
1644767912.672467 0.674892 -0.345209 -0.006793 0.589086 -0.321417 0.139105 0.728229
1644767912.685479 0.672616 -0.344052 -0.005119 0.588852 -0.330195 0.148527 0.722609
1644767912.698969 0.669881 -0.342512 -0.003232 0.588232 -0.340106 0.159828 0.716077
1644767912.712168 0.667375 -0.340979 -0.001602 0.587135 -0.349057 0.170500 0.710184
1644767912.725524 0.664571 -0.339159 0.000086 0.585280 -0.359497 0.182705 0.703440
1644767912.738816 0.662034 -0.337439 0.001446 0.583007 -0.369499 0.194157 0.697048
1644767912.752164 0.659359 -0.335288 0.005605 0.579519 -0.383377 0.205787 0.689080
1644767912.765468 0.656618 -0.333246 0.006746 0.577016 -0.393746 0.217326 0.681752
1644767912.778987 0.653508 -0.330854 0.007847 0.574473 -0.404386 0.229255 0.673717
1644767912.792455 0.650408 -0.328475 0.008692 0.572161 -0.413590 0.239573 0.666468
1644767912.805780 0.647228 -0.326076 0.009231 0.569663 -0.421663 0.248691 0.660179
1644767912.819098 0.644226 -0.323845 0.009421 0.567129 -0.427789 0.255848 0.655670
1644767912.832514 0.640807 -0.321317 0.009317 0.564485 -0.433078 0.261888 0.652085
1644767912.845571 0.637498 -0.318856 0.008897 0.562718 -0.435925 0.265178 0.650384
1644767912.858954 0.634198 -0.316380 0.008191 0.562272 -0.436023 0.265821 0.650441
1644767912.872398 0.630838 -0.313810 0.007275 0.563340 -0.433312 0.264029 0.652056
1644767912.885718 0.627217 -0.311023 0.006121 0.566043 -0.427796 0.259806 0.655047
1644767912.898891 0.623397 -0.308076 0.004768 0.570357 -0.419632 0.252907 0.659272
1644767912.912440 0.619663 -0.305190 0.003371 0.575517 -0.409954 0.244076 0.664187
1644767912.925653 0.616075 -0.302447 0.002038 0.580938 -0.399046 0.234122 0.669672
1644767912.939071 0.612455 -0.299741 0.000751 0.586299 -0.387097 0.223395 0.675651
1644767912.952360 0.609267 -0.297412 -0.000316 0.590924 -0.376007 0.213264 0.681135
1644767912.965693 0.605712 -0.294856 -0.001422 0.596249 -0.363041 0.200927 0.687253
1644767912.978893 0.602712 -0.292754 -0.002251 0.601006 -0.351455 0.189940 0.692238
1644767912.992477 0.599246 -0.290453 -0.003018 0.606782 -0.337417 0.177230 0.697535
1644767913.005614 0.596220 -0.288572 -0.003492 0.612001 -0.324662 0.166646 0.701626
1644767913.018944 0.592947 -0.286628 -0.003767 0.617785 -0.310543 0.155507 0.705495
1644767913.032330 0.590042 -0.284950 -0.003782 0.623040 -0.297802 0.145661 0.708462
1644767913.045695 0.586965 -0.283238 -0.003584 0.628526 -0.283910 0.135448 0.711340
1644767913.059012 0.584129 -0.281778 -0.003196 0.633561 -0.270792 0.125982 0.713723
1644767913.072364 0.581161 -0.280354 -0.002561 0.638892 -0.256628 0.115604 0.715957
1644767913.085675 0.578331 -0.279055 -0.001724 0.644074 -0.242438 0.104894 0.717907
1644767913.099107 0.575441 -0.277788 -0.000644 0.649292 -0.227058 0.093080 0.719862
1644767913.112415 0.572802 -0.276704 0.000499 0.653758 -0.212179 0.081801 0.721726
1644767913.125748 0.569788 -0.275553 0.001968 0.658411 -0.194525 0.068901 0.723815
1644767913.139212 0.567141 -0.274606 0.003452 0.662176 -0.178593 0.057501 0.725480
1644767913.152407 0.564302 -0.273651 0.005244 0.665950 -0.161259 0.045588 0.726930
1644767913.165863 0.561722 -0.272816 0.007029 0.669250 -0.145610 0.035148 0.727782
1644767913.179109 0.558985 -0.271921 0.009053 0.672780 -0.129165 0.024369 0.728072
1644767913.192340 0.556455 -0.271008 0.011003 0.676286 -0.114321 0.014813 0.727564
1644767913.205713 0.553769 -0.269902 0.013145 0.680339 -0.098863 0.004787 0.726183
1644767913.219080 0.551238 -0.268731 0.015217 0.684416 -0.084717 -0.004687 0.724138
1644767913.232513 0.548633 -0.267397 0.017396 0.688639 -0.070565 -0.014570 0.721515
1644767913.245948 0.546313 -0.266082 0.019363 0.692249 -0.058503 -0.023638 0.718895
1644767913.259231 0.543755 -0.264438 0.021568 0.696009 -0.045552 -0.033927 0.715784
1644767913.272515 0.541565 -0.262807 0.023489 0.699008 -0.034904 -0.042300 0.713008
1644767913.285719 0.539213 -0.260765 0.025641 0.702168 -0.023754 -0.050457 0.709824
1644767913.299054 0.537185 -0.258644 0.027621 0.705010 -0.014556 -0.056476 0.706795
1644767913.312334 0.535059 -0.255949 0.029845 0.708203 -0.005173 -0.062103 0.703253
1644767913.325805 0.533171 -0.253182 0.031885 0.711126 0.002597 -0.066142 0.699941
1644767913.339116 0.531136 -0.249861 0.034077 0.714204 0.010377 -0.069652 0.696386
1644767913.352392 0.529286 -0.246461 0.036079 0.716993 0.016620 -0.072170 0.693135
1644767913.365942 0.527361 -0.242446 0.038253 0.720105 0.022297 -0.074070 0.689540
1644767913.379185 0.525553 -0.238284 0.040398 0.723333 0.026854 -0.074718 0.685919
1644767913.392515 0.523732 -0.233764 0.042637 0.726877 0.030723 -0.074158 0.682060
1644767913.405754 0.522061 -0.229271 0.044776 0.730445 0.033641 -0.072667 0.678261
1644767913.419260 0.520179 -0.223595 0.047431 0.734923 0.036299 -0.070559 0.673493
1644767913.432588 0.518625 -0.218284 0.049939 0.739082 0.037732 -0.068875 0.669022
1644767913.446483 0.516876 -0.211885 0.053096 0.743895 0.038892 -0.067172 0.663774
1644767913.459415 0.515378 -0.206480 0.055898 0.747626 0.039880 -0.066003 0.659628
1644767913.472563 0.513479 -0.199995 0.059386 0.751602 0.041486 -0.064750 0.655119
1644767913.485923 0.511613 -0.193860 0.062762 0.754781 0.043382 -0.063651 0.651438
1644767913.499308 0.509594 -0.187176 0.066551 0.757843 0.045436 -0.062566 0.647839
1644767913.512666 0.507717 -0.180600 0.070442 0.760486 0.046965 -0.062277 0.644653
1644767913.525830 0.505995 -0.173871 0.074549 0.762734 0.047779 -0.063375 0.641824
1644767913.539139 0.504441 -0.167063 0.078762 0.764465 0.048123 -0.065623 0.639509
1644767913.552474 0.502984 -0.160075 0.083114 0.765710 0.048250 -0.068398 0.637716
1644767913.565853 0.501729 -0.153610 0.087191 0.766470 0.048352 -0.070685 0.636545
1644767913.579141 0.500406 -0.146428 0.091838 0.767011 0.048851 -0.072134 0.635693
1644767913.592515 0.499198 -0.139551 0.096417 0.767184 0.049908 -0.072051 0.635410
1644767913.605892 0.498166 -0.132854 0.100919 0.766946 0.050738 -0.071657 0.635677
1644767913.619177 0.497488 -0.126598 0.105106 0.766266 0.049976 -0.072503 0.636461
1644767913.632601 0.497181 -0.119888 0.109608 0.765373 0.047240 -0.075174 0.637434
1644767913.645855 0.497204 -0.113806 0.113803 0.764729 0.043536 -0.078180 0.638108
1644767913.659174 0.497406 -0.107595 0.118287 0.764458 0.039845 -0.080372 0.638402
1644767913.672632 0.497699 -0.101773 0.122735 0.764577 0.037363 -0.081047 0.638324
1644767913.686114 0.498050 -0.095868 0.127510 0.764882 0.036116 -0.080778 0.638065
1644767913.699136 0.498512 -0.090504 0.132006 0.765059 0.035236 -0.080919 0.637883
1644767913.712522 0.499220 -0.085470 0.136280 0.764941 0.033660 -0.082526 0.637904
1644767913.725874 0.500094 -0.080801 0.140289 0.764631 0.031627 -0.085102 0.638041
1644767913.739286 0.501218 -0.075729 0.144700 0.764195 0.029508 -0.088199 0.638245
1644767913.752674 0.502201 -0.071435 0.148474 0.763782 0.028447 -0.090517 0.638463
1644767913.765936 0.503175 -0.067052 0.152295 0.763289 0.028149 -0.092491 0.638783
1644767913.779159 0.503995 -0.063250 0.155469 0.762743 0.028465 -0.093957 0.639206
1644767913.792581 0.504814 -0.059370 0.158463 0.762094 0.028995 -0.095351 0.639750
1644767913.805870 0.505552 -0.055962 0.160797 0.761531 0.029385 -0.096488 0.640233
1644767913.819198 0.506324 -0.052630 0.162737 0.761104 0.029695 -0.097370 0.640592
1644767913.832560 0.507075 -0.049659 0.164123 0.760973 0.030088 -0.097568 0.640699
1644767913.845885 0.507867 -0.046877 0.165045 0.761094 0.030622 -0.097058 0.640608
1644767913.859247 0.508681 -0.044546 0.165359 0.761317 0.030929 -0.096044 0.640480
1644767913.872566 0.509516 -0.042667 0.165037 0.761536 0.030778 -0.094542 0.640451
1644767913.885849 0.510332 -0.041271 0.164107 0.761669 0.030109 -0.092622 0.640605
1644767913.899294 0.511292 -0.040203 0.162269 0.761652 0.028658 -0.090167 0.641042
1644767913.912579 0.512273 -0.039727 0.159688 0.761420 0.026522 -0.087820 0.641735
1644767913.925940 0.513245 -0.039806 0.156524 0.760963 0.023902 -0.085716 0.642664
1644767913.939231 0.514266 -0.040418 0.152686 0.760262 0.020799 -0.083634 0.643874
1644767913.952613 0.515437 -0.041638 0.147787 0.759297 0.017016 -0.081251 0.645428
1644767913.965926 0.516639 -0.043298 0.142414 0.758273 0.013111 -0.078727 0.647033
1644767913.979238 0.517943 -0.045516 0.136113 0.757108 0.009052 -0.075847 0.648809
1644767913.992609 0.519174 -0.048142 0.129285 0.755959 0.005578 -0.072194 0.650602
1644767914.006016 0.520371 -0.051342 0.121517 0.754831 0.002738 -0.067438 0.652437
1644767914.019270 0.521440 -0.054844 0.113492 0.753760 0.000759 -0.062303 0.654189
1644767914.032648 0.522404 -0.058526 0.105383 0.752670 -0.000831 -0.057317 0.655898
1644767914.046044 0.523390 -0.062519 0.096837 0.751418 -0.002944 -0.053008 0.657687
1644767914.059288 0.524535 -0.067231 0.087007 0.749911 -0.005840 -0.049322 0.659671
1644767914.072681 0.525591 -0.071884 0.077546 0.748512 -0.008515 -0.046480 0.661435
1644767914.086063 0.526625 -0.077159 0.067097 0.747225 -0.010505 -0.043252 0.663079
1644767914.099352 0.527470 -0.082350 0.057155 0.746308 -0.011061 -0.040076 0.664301
1644767914.112747 0.528285 -0.088049 0.046623 0.745469 -0.010611 -0.037023 0.665427
1644767914.126055 0.529098 -0.093843 0.036169 0.744578 -0.009771 -0.034347 0.666580
1644767914.139445 0.529979 -0.099931 0.025378 0.743409 -0.008887 -0.031521 0.668035
1644767914.152621 0.530892 -0.105706 0.015307 0.741975 -0.008167 -0.028510 0.669771
1644767914.165971 0.532102 -0.112530 0.003668 0.739950 -0.007521 -0.024691 0.672166
1644767914.179277 0.533270 -0.118753 -0.006579 0.737770 -0.007024 -0.021176 0.674683
1644767914.192711 0.534667 -0.126055 -0.018185 0.734917 -0.006326 -0.017303 0.677907
1644767914.206120 0.535951 -0.132811 -0.028661 0.731869 -0.005201 -0.014053 0.681281
1644767914.219430 0.537355 -0.140200 -0.039921 0.728234 -0.003751 -0.010886 0.685231
