1545306104.023181 -0.000536 -0.001416 -0.000678 0.803085 -0.554502 0.198197 -0.091100
1545306104.081182 -0.000553 -0.001251 -0.000635 0.814202 -0.490630 0.301025 -0.075765
1545306104.139185 -0.000526 -0.001231 -0.000642 0.832488 -0.459440 0.293796 -0.097787
1545306104.197194 -0.000504 -0.001204 -0.000648 0.848906 -0.428976 0.283571 -0.122168
1545306104.255205 -0.000484 -0.001175 -0.000653 0.864095 -0.396933 0.272787 -0.146189
1545306104.313218 -0.000471 -0.001143 -0.000659 0.878002 -0.365198 0.259079 -0.169176
1545306104.371229 -0.000452 -0.001187 -0.000625 0.880053 -0.342491 0.309313 -0.111945
1545306104.429240 -0.000460 -0.001097 -0.000667 0.895803 -0.320568 0.234480 -0.199478
1545306104.487252 -0.000453 -0.001065 -0.000669 0.905238 -0.288384 0.221727 -0.219581
1545306104.545264 -0.000445 -0.001034 -0.000668 0.912523 -0.254125 0.212778 -0.239683
1545306104.603280 -0.000440 -0.001001 -0.000666 0.918119 -0.220841 0.202648 -0.259271
1545306104.661295 -0.000442 -0.000971 -0.000666 0.922933 -0.191499 0.187852 -0.276105
1545306104.777296 -0.000458 -0.000927 -0.000667 0.928129 -0.158782 0.155083 -0.298855
1545306104.835292 -0.000479 -0.000902 -0.000671 0.931547 -0.147562 0.122816 -0.308808
1545306104.893286 -0.000497 -0.000879 -0.000672 0.933762 -0.136339 0.094709 -0.317066
1545306104.951278 -0.000508 -0.000862 -0.000671 0.935474 -0.125057 0.075489 -0.321792
1545306105.009264 -0.000549 -0.000821 -0.000682 0.934466 -0.065434 0.044771 -0.347114
1545306105.067247 -0.000515 -0.000840 -0.000670 0.937180 -0.114450 0.055670 -0.324802
1545306105.125232 -0.000516 -0.000825 -0.000668 0.937269 -0.113037 0.045209 -0.326657
1545306105.183216 -0.000515 -0.000811 -0.000665 0.936769 -0.114977 0.036791 -0.328466
1545306105.241199 -0.000508 -0.000796 -0.000661 0.935845 -0.116462 0.033914 -0.330878
1545306105.299181 -0.000497 -0.000783 -0.000658 0.936047 -0.116136 0.035195 -0.330286
1545306105.415135 -0.000483 -0.000766 -0.000655 0.936859 -0.118542 0.035777 -0.327052
1545306105.473115 -0.000474 -0.000754 -0.000653 0.937690 -0.121299 0.034895 -0.323739
1545306105.531093 -0.000465 -0.000742 -0.000650 0.938552 -0.123961 0.035278 -0.320172
1545306105.589072 -0.000455 -0.000730 -0.000648 0.939299 -0.126616 0.035306 -0.316921
1545306105.647051 -0.000428 -0.000668 -0.000528 0.885329 -0.157590 -0.004428 -0.437423
1545306105.705028 -0.000442 -0.000710 -0.000644 0.940760 -0.129910 0.035550 -0.311176
1545306105.763006 -0.000434 -0.000698 -0.000642 0.942104 -0.131793 0.034995 -0.306343
1545306105.820987 -0.000427 -0.000683 -0.000639 0.942737 -0.134713 0.032889 -0.303344
1545306105.878968 -0.000420 -0.000663 -0.000634 0.942275 -0.137401 0.029397 -0.303932
1545306105.936945 -0.000412 -0.000642 -0.000628 0.941322 -0.138823 0.028290 -0.306334
1545306106.052893 -0.000395 -0.000612 -0.000620 0.940963 -0.138686 0.031142 -0.307221
1545306106.110870 -0.000385 -0.000591 -0.000615 0.940755 -0.138750 0.032139 -0.307726
1545306106.168850 -0.000378 -0.000568 -0.000609 0.940407 -0.138757 0.029880 -0.309012
1545306106.226830 -0.000376 -0.000543 -0.000602 0.939511 -0.141432 0.021629 -0.311205
1545306106.284801 -0.000376 -0.000634 -0.000515 0.970300 -0.100297 0.066202 -0.209942
1545306106.342770 -0.000376 -0.000503 -0.000592 0.937475 -0.146687 0.006031 -0.315575
1545306106.400738 -0.000369 -0.000473 -0.000583 0.935320 -0.147548 0.001750 -0.321565
1545306106.458704 -0.000356 -0.000441 -0.000573 0.931749 -0.145684 0.004342 -0.332568
1545306106.516672 -0.000341 -0.000408 -0.000562 0.927863 -0.143772 0.008056 -0.343997
1545306106.690588 -0.000312 -0.000338 -0.000544 0.922587 -0.141740 0.011337 -0.358629
1545306106.806562 -0.000294 -0.000284 -0.000532 0.919236 -0.142875 0.008163 -0.366778
1545306106.922594 -0.000196 -0.000215 -0.000343 0.815564 -0.200483 0.014941 -0.542622
1545306106.980633 -0.000285 -0.000218 -0.000520 0.915886 -0.150295 -0.010672 -0.372088
1545306107.096764 -0.000273 -0.000166 -0.000508 0.912770 -0.154380 -0.021697 -0.377553
1545306107.212977 -0.000261 -0.000109 -0.000494 0.907495 -0.160825 -0.036331 -0.386354
1545306107.271120 -0.000312 -0.000049 -0.000272 0.792567 -0.079318 -0.057898 -0.601825
1545306107.329290 -0.000250 -0.000080 -0.000485 0.904162 -0.161977 -0.037854 -0.393474
1545306107.445704 -0.000214 -0.000024 -0.000475 0.899568 -0.159063 -0.026791 -0.405905
1545306107.562210 -0.000170 0.000019 -0.000480 0.901781 -0.149130 -0.002946 -0.405638
1545306107.678773 -0.000121 0.000053 -0.000482 0.901562 -0.135187 0.034053 -0.409575
1545306107.795357 -0.000074 0.000095 -0.000490 0.902810 -0.118095 0.064917 -0.408379
1545306107.853652 -0.000063 0.000120 -0.000492 0.902431 -0.114203 0.065218 -0.410271
1545306107.911949 -0.000012 0.000097 -0.000488 0.905492 -0.133107 0.142010 -0.377093
1545306107.970249 -0.000204 0.000111 -0.000743 0.896496 -0.115145 0.074059 -0.421369
1545306108.028548 0.004339 0.015234 -0.004328 0.945206 0.070584 0.164662 -0.272928
1545306108.145159 0.000103 0.000045 -0.000634 0.910623 -0.066136 0.084214 -0.399123
1545306108.320117 0.000118 0.000319 -0.000472 0.914873 -0.045719 0.052891 -0.397642
1545306108.436749 -0.000545 0.000562 -0.000413 0.917801 -0.011801 0.048540 -0.393887
1545306108.553361 -0.000241 0.000328 -0.000727 0.928279 -0.021736 0.047008 -0.368262
1545306108.611667 -0.000577 0.000577 -0.000441 0.916918 0.024696 0.030742 -0.397123
1545306108.728285 -0.000599 0.000760 -0.000389 0.912839 0.059643 0.025091 -0.403161
1545306108.786601 -0.000691 0.000693 -0.000352 0.909345 0.076842 0.023467 -0.408210
1545306108.844929 -0.035690 -0.031775 -0.009654 0.893822 -0.015889 0.062135 -0.443811
1545306108.961839 -0.068706 -0.047662 0.032707 0.894885 0.004707 0.078523 -0.439309
1545306109.021106 -0.066990 0.007412 0.069174 0.900363 0.065125 0.060437 -0.425972
1545306109.141517 -0.024074 0.270729 0.165238 0.928737 0.146064 0.019286 -0.340209
1545306109.203336 -0.074289 0.383809 0.214650 0.947346 0.112015 0.035628 -0.297856
1545306109.266039 -0.092035 0.424794 0.275570 0.955675 0.112414 0.028690 -0.270601
1545306109.395836 -0.128668 0.527231 0.392534 0.971618 0.107103 0.020981 -0.209875
1545306109.530444 -0.179063 0.628592 0.476720 0.984309 0.097813 0.013191 -0.146266
1545306109.669336 -0.249184 0.751380 0.508695 0.992447 0.090958 -0.003680 -0.082231
1545306109.813125 -0.337667 0.926576 0.491958 0.993736 0.099470 -0.037067 -0.034935
1545306109.961109 -0.409958 1.189026 0.452424 0.986276 0.132809 -0.095576 -0.022054
1545306110.036372 -0.307067 1.386751 0.456572 0.974195 0.168968 -0.147452 -0.025515
1545306110.188125 -0.141527 1.789036 0.348528 0.951688 0.193554 -0.232147 -0.054166
1545306110.339434 -0.133377 2.244903 0.254647 0.932019 0.204273 -0.282293 -0.099624
1545306110.562190 0.009146 2.998027 0.100820 0.911904 0.234346 -0.289468 -0.172399
1545306110.707814 0.172778 3.506985 -0.019939 0.913453 0.258424 -0.267269 -0.165490
1545306110.780121 0.264932 3.760851 -0.089836 0.914904 0.270003 -0.258574 -0.152277
1545306110.852311 0.359430 4.016840 -0.164089 0.915863 0.282716 -0.251154 -0.134862
1545306110.996905 0.542335 4.549124 -0.320362 0.918546 0.299521 -0.241316 -0.091257
1545306111.142836 0.702389 5.130050 -0.488285 0.920070 0.293859 -0.256110 -0.039073
1545306111.216620 0.779507 5.447595 -0.575481 0.914086 0.298185 -0.273792 -0.023890
1545306111.290993 0.857292 5.786889 -0.659674 0.902971 0.312238 -0.294561 -0.019598
1545306111.441010 1.027901 6.540214 -0.819983 0.875573 0.350409 -0.330738 -0.034607
1545306111.591367 1.233610 7.392047 -0.956151 0.846956 0.381932 -0.362782 -0.071994
1545306111.740265 1.498326 8.333113 -1.118764 0.824500 0.404492 -0.364778 -0.153374
1545306111.886425 1.833934 9.320256 -1.341730 0.822319 0.412789 -0.346209 -0.183127
1545306112.030205 2.229351 10.320762 -1.611315 0.831166 0.437513 -0.303467 -0.160166
1545306112.101631 2.439865 10.825565 -1.756265 0.829563 0.463735 -0.277759 -0.140088
1545306112.173024 2.651502 11.338148 -1.905262 0.822125 0.495220 -0.256322 -0.114748
1545306112.244663 2.861146 11.861743 -2.055985 0.807919 0.528050 -0.247746 -0.083975
1545306112.316801 3.066031 12.401013 -2.207531 0.787109 0.560787 -0.250878 -0.055119
1545306112.389580 3.268008 12.958339 -2.362685 0.759657 0.594341 -0.262661 -0.026263
1545306112.537237 3.662793 14.140044 -2.689688 0.719893 0.626965 -0.296328 0.029312
1545306112.612151 3.856924 14.771799 -2.864476 0.711557 0.625226 -0.317374 0.045315
1545306112.687732 4.051707 15.436389 -3.045458 0.711551 0.610829 -0.343307 0.052181
1545306112.763783 4.250824 16.136841 -3.234824 0.724156 0.580477 -0.368566 0.052954
1545306112.839976 4.460144 16.871345 -3.434676 0.741927 0.542342 -0.390541 0.053738
1545306112.915998 4.682245 17.635451 -3.645955 0.764434 0.496104 -0.408403 0.052239
1545306112.991606 4.916826 18.426040 -3.865354 0.787431 0.446889 -0.421815 0.048105
1545306113.066644 5.166692 19.240172 -4.091889 0.810456 0.393909 -0.432177 0.034921
1545306113.141047 5.435538 20.071361 -4.326942 0.831197 0.346209 -0.434813 0.013772
1545306113.214801 5.721933 20.915272 -4.569299 0.845897 0.316209 -0.429479 -0.004137
1545306113.360642 6.343363 22.631212 -5.081827 0.857499 0.301528 -0.416866 0.000459
1545306113.505131 7.019891 24.405962 -5.620469 0.859006 0.324349 -0.395268 0.025880
1545306113.577229 7.373422 25.327970 -5.896844 0.857455 0.342067 -0.383120 0.031311
1545306113.649468 7.732963 26.279755 -6.179290 0.855869 0.356733 -0.372839 0.034943
1545306113.722030 8.094757 27.265564 -6.467079 0.851879 0.371653 -0.367442 0.034097
1545306113.795063 8.457478 28.287767 -6.757561 0.844579 0.396283 -0.359263 0.023995
1545306113.868608 8.818266 29.346104 -7.048383 0.830865 0.425592 -0.358518 0.000274
1545306113.942631 9.178904 30.435794 -7.341868 0.809482 0.457066 -0.367414 -0.028913
1545306114.016977 9.540734 31.551717 -7.640606 0.784761 0.486950 -0.379196 -0.056916
1545306114.165732 10.265673 33.839257 -8.264391 0.732993 0.538131 -0.405730 -0.092296
1545306114.239746 10.627548 35.002388 -8.594065 0.703995 0.558363 -0.427265 -0.100329
1545306114.313329 10.990874 36.175132 -8.940091 0.676449 0.575530 -0.448017 -0.102285
1545306114.386408 11.357458 37.358074 -9.304645 0.653680 0.588176 -0.466102 -0.097469
1545306114.458970 11.728738 38.554394 -9.687002 0.634976 0.597819 -0.480086 -0.094526
1545306114.531084 12.105685 39.767792 -10.088256 0.619730 0.603073 -0.492860 -0.096582
1545306114.602820 12.488206 41.002976 -10.506316 0.609521 0.604159 -0.502206 -0.106142
1545306114.674236 12.876251 42.260625 -10.938816 0.602493 0.601295 -0.511976 -0.115440
1545306114.745373 13.271573 43.541477 -11.383217 0.596951 0.600093 -0.518800 -0.119931
1545306114.816284 13.674282 44.845462 -11.837408 0.590679 0.602797 -0.522610 -0.120882
1545306114.887013 14.082801 46.173581 -12.296844 0.580381 0.609325 -0.524864 -0.128061
1545306114.957603 14.497624 47.527786 -12.758739 0.567308 0.617366 -0.526703 -0.140014
1545306115.028008 14.917628 48.906696 -13.222555 0.558127 0.622455 -0.529258 -0.144675
1545306115.098147 15.342569 50.305984 -13.687505 0.550477 0.629309 -0.531747 -0.134876
1545306115.167897 15.769892 51.724495 -14.149493 0.545482 0.635095 -0.532283 -0.125616
1545306115.237126 16.197638 53.160076 -14.605476 0.537345 0.640913 -0.532654 -0.129500
1545306115.305756 16.625822 54.608851 -15.055104 0.523752 0.647289 -0.536536 -0.137223
1545306115.373739 17.052556 56.068141 -15.500746 0.509649 0.654912 -0.540535 -0.138456
1545306115.441038 17.477283 57.536810 -15.945015 0.502249 0.658989 -0.543104 -0.136079
1545306115.507667 17.902279 59.014378 -16.388472 0.499889 0.659098 -0.545353 -0.135243
1545306115.573642 18.328105 60.500403 -16.832406 0.495132 0.656355 -0.552126 -0.138559
1545306115.638974 18.759530 61.991436 -17.277648 0.502823 0.652737 -0.547367 -0.146609
1545306115.703681 19.187234 63.486660 -17.724035 0.506301 0.651116 -0.544340 -0.152976
1545306115.767783 19.616591 64.990350 -18.173176 0.511732 0.646866 -0.543772 -0.154940
1545306115.831283 20.048048 66.501537 -18.624908 0.516855 0.642581 -0.545803 -0.148492
1545306115.894182 20.480348 68.021168 -19.076953 0.518693 0.632697 -0.556971 -0.142955
1545306115.956503 20.935819 69.552912 -19.530428 0.531002 0.608870 -0.567416 -0.159229
1545306116.018308 21.380002 71.093990 -19.986625 0.544786 0.590919 -0.571786 -0.164572
1545306116.079711 21.830303 72.646390 -20.447346 -0.561523 -0.572234 0.572718 0.170980
1545306116.140808 22.284639 74.211463 -20.912978 -0.572031 -0.557039 0.575394 0.177227
1545306116.201638 22.746336 75.789188 -21.382424 0.592233 0.535811 -0.572113 -0.186688
1545306116.262239 23.216738 77.379988 -21.857246 0.611417 0.515590 -0.567175 -0.196595
1545306116.322687 23.693989 78.986403 -22.338333 0.642461 0.492685 -0.549298 -0.206827
1545306116.382994 24.182805 80.611741 -22.826016 0.664750 0.463016 -0.545181 -0.215642
1545306116.443147 24.681259 82.251706 -23.320975 0.681844 0.440583 -0.539766 -0.222770
1545306116.503176 25.190109 83.906540 -23.823285 0.693101 0.423918 -0.535497 -0.230536
1545306116.563097 25.711417 85.577881 -24.331983 0.710907 0.398964 -0.528074 -0.237858
1545306116.622903 26.245844 87.264322 -24.847736 0.727914 0.373467 -0.519659 -0.246209
1545306116.742246 27.355466 90.678553 -25.899590 0.749148 0.335707 -0.505290 -0.266006
1545306116.801816 27.932460 92.407189 -26.436130 0.766510 0.307162 -0.489899 -0.279487
1545306116.861331 28.532082 94.148496 -26.979047 0.806615 0.239503 -0.451747 -0.296540
1545306116.920805 29.143957 95.900572 -27.530076 0.815807 0.215966 -0.440207 -0.306652
1545306116.980242 29.774599 97.664187 -28.087118 0.828520 0.184843 -0.424140 -0.315426
1545306117.039650 30.433586 99.442616 -28.647515 0.851061 0.117599 -0.389248 -0.332191
1545306117.099033 31.122102 101.230655 -29.220865 0.876862 0.030297 -0.336738 -0.341764
1545306117.158399 31.826773 103.004442 -29.796420 0.891815 -0.075848 -0.255199 -0.365768
1545306117.217757 32.542483 104.762339 -30.380405 0.887779 -0.147563 -0.188668 -0.393037
1545306117.277112 33.268307 106.528609 -30.970908 0.883679 -0.170023 -0.144448 -0.411507
1545306117.395849 34.750388 110.081693 -32.149290 0.878588 -0.250567 -0.052380 -0.403183
1545306117.455239 35.498760 111.848261 -32.730610 0.867443 -0.292910 -0.015604 -0.401874
1545306117.514651 36.250527 113.666614 -33.316398 0.867856 -0.352641 0.078018 -0.341150
1545306117.574081 37.010891 115.464979 -33.898476 0.860652 -0.365620 0.106189 -0.338120
1545306117.633508 37.773692 117.271899 -34.479848 0.846857 -0.396740 0.154090 -0.318885
1545306117.692907 38.529481 119.124475 -35.060935 0.836775 -0.415130 0.223947 -0.278070
1545306117.752258 39.291978 120.952367 -35.643263 0.822158 -0.430062 0.251357 -0.275542
1545306117.811540 40.053973 122.787116 -36.225539 0.816623 -0.427311 0.282779 -0.265646
1545306117.870739 40.811377 124.637560 -36.809171 0.808997 -0.421639 0.317160 -0.259141
1545306117.929855 41.565790 126.490223 -37.392633 0.793258 -0.432614 0.344075 -0.255343
1545306118.047895 43.062021 130.219978 -38.562090 0.760013 -0.452300 0.395375 -0.247957
1545306118.106841 43.802613 132.099677 -39.149010 0.741910 -0.461713 0.420985 -0.243234
1545306118.165753 44.536805 133.989219 -39.737945 0.725587 -0.468414 0.443247 -0.240091
1545306118.224633 45.264464 135.890911 -40.329311 0.707276 -0.475881 0.466646 -0.235669
1545306118.283487 45.984645 137.805198 -40.923659 0.687373 -0.483657 0.490412 -0.230412
1545306118.342328 46.696792 139.733152 -41.521679 0.666633 -0.491172 0.513448 -0.225215
1545306118.401161 47.403511 141.675029 -42.123495 0.647606 -0.494353 0.533892 -0.226233
1545306118.459989 48.097467 143.631939 -42.730159 0.624829 -0.501084 0.556599 -0.220684
1545306118.518806 48.781430 145.604683 -43.342236 0.601389 -0.507243 0.578699 -0.214809
1545306118.577619 49.455512 147.594550 -43.960449 0.579260 -0.510888 0.599512 -0.209846
1545306118.636427 50.118653 149.600899 -44.585273 0.557790 -0.512483 0.620628 -0.202615
1545306118.695232 50.770431 151.626365 -45.217855 0.535815 -0.514149 0.640019 -0.197303
1545306118.754038 51.410398 153.670899 -45.858660 0.517161 -0.512567 0.657751 -0.192828
1545306118.812837 52.037544 155.736176 -46.508840 0.490845 -0.515757 0.677186 -0.185702
1545306118.871635 52.652974 157.822723 -47.168994 0.469241 -0.514447 0.695026 -0.179152
1545306118.930435 53.256560 159.933051 -47.840957 0.455961 -0.504390 0.712812 -0.172017
1545306118.989235 53.845251 162.062960 -48.523940 0.451608 -0.492282 0.724301 -0.170577
1545306119.048029 54.420947 164.218297 -49.220862 0.441802 -0.482129 0.738237 -0.165432
1545306119.106812 54.982537 166.397143 -49.931767 0.417169 -0.481032 0.754582 -0.158695
1545306119.165592 55.532148 168.601306 -50.657319 0.398221 -0.476775 0.768779 -0.151937
1545306119.224373 56.068467 170.833693 -51.400474 0.382502 -0.466069 0.784546 -0.144774
1545306119.283158 56.590351 173.091497 -52.160523 0.367413 -0.458447 0.797145 -0.139259
1545306119.341947 57.098939 175.376907 -52.939253 0.345988 -0.452119 0.811404 -0.132303
1545306119.400738 57.594646 177.690754 -53.737752 0.326084 -0.444717 0.824742 -0.125282
1545306119.459531 58.077542 180.033474 -54.557112 0.311422 -0.435012 0.836384 -0.119341
1545306119.518327 58.547272 182.406915 -55.400024 0.309671 -0.414308 0.848279 -0.113472
1545306119.577116 59.001750 184.808433 -56.266342 0.307259 -0.395714 0.858492 -0.109519
1545306119.635903 59.442246 187.241752 -57.160853 0.301649 -0.373219 0.871224 -0.103362
1545306119.694691 59.870014 189.706180 -58.083376 0.290690 -0.352429 0.884220 -0.097201
1545306119.753477 60.280657 192.224490 -59.060244 0.348884 -0.246818 0.900342 -0.082131
1545306119.812264 60.659779 194.771672 -60.114939 0.404193 -0.106707 0.906631 -0.057112
1545306119.871058 61.052228 197.357725 -61.221672 0.362897 -0.056310 0.929671 -0.029111
1545306119.929842 61.428822 199.963259 -62.392299 0.306056 -0.007921 0.951977 -0.002681
1545306119.988626 61.784874 202.586154 -63.644931 0.292214 0.116770 0.948105 0.045535
1545306120.047408 62.167810 205.239713 -65.002772 0.249391 0.208511 0.943150 0.069250
1545306120.106192 62.503999 207.882984 -66.405085 0.232735 0.246943 0.938627 0.061919
1545306120.164976 62.795518 210.518759 -67.858934 0.203525 0.277339 0.936265 0.071190
1545306120.223760 63.076573 213.166519 -69.377997 0.175401 0.308750 0.931502 0.078812
1545306120.282542 63.348154 215.824344 -70.962923 0.146391 0.338026 0.925973 0.082964
1545306120.341322 63.611951 218.489434 -72.615267 0.116120 0.365370 0.919379 0.088114
1545306120.400097 63.870022 221.159979 -74.335584 0.085903 0.392804 0.910800 0.093644
1545306120.458875 64.123162 223.835002 -76.123976 0.056197 0.419034 0.901255 0.094823
1545306120.517655 64.371741 226.509884 -77.981455 0.027272 0.445975 0.889784 0.092987
1545306120.576435 64.616464 229.180452 -79.908740 -0.003647 0.476808 0.875684 0.076277
1545306120.635211 64.847669 231.832118 -81.906415 -0.021746 0.529372 0.846560 0.051261
1545306120.693993 65.086112 234.482708 -83.974708 -0.036884 0.565997 0.822410 0.043928
1545306120.752772 65.317635 237.134328 -86.127365 -0.024201 0.593455 0.802896 0.050831
1545306120.811554 65.536472 239.753126 -88.333074 -0.038980 0.625384 0.778154 0.043034
1545306120.870343 65.748121 242.359327 -90.618356 -0.037490 0.657841 0.751105 0.041004
1545306120.929140 65.942383 244.940116 -92.968228 -0.017851 0.684846 0.727856 0.029874
1545306120.987921 66.122972 247.507051 -95.400419 0.006972 0.705152 0.708626 0.023676
1545306121.046695 66.291740 250.036886 -97.854516 -0.006240 0.721173 0.692254 0.025590
1545306121.105469 66.447574 252.556373 -100.393027 0.011111 0.728639 0.683669 0.039486
1545306121.164249 66.601254 255.044102 -102.967899 -0.002095 0.744237 0.666054 0.049786
1545306121.223033 66.755667 257.512485 -105.606056 -0.015175 0.750679 0.658277 0.054064
1545306121.281828 66.898847 259.969597 -108.333951 0.005181 0.746983 0.660378 0.076745
1545306121.340627 67.041085 262.400774 -111.104841 0.000784 0.752067 0.652641 0.091946
1545306121.399423 67.181496 264.805640 -113.927242 -0.011597 0.761773 0.641110 0.092440
1545306121.458228 67.322313 267.187478 -116.808305 -0.023305 0.771068 0.628998 0.096299
1545306121.517061 67.464322 269.546159 -119.748155 -0.034460 0.780752 0.615633 0.101166
1545306121.575919 67.608102 271.878475 -122.745749 -0.045501 0.792927 0.599295 0.100209
1545306121.634810 67.754051 274.183147 -125.800739 -0.058480 0.806703 0.579722 0.098651
1545306121.693755 67.904037 276.460294 -128.914192 -0.068880 0.819922 0.558539 0.104964
1545306121.752800 68.059176 278.712975 -132.089636 -0.081503 0.826494 0.543793 0.120640
1545306121.812063 68.220654 280.942017 -135.330698 -0.093788 0.832320 0.524657 0.152260
1545306121.871706 68.389558 283.153573 -138.647702 -0.107793 0.832227 0.509911 0.189131
1545306121.992676 68.749414 287.537292 -145.529130 -0.136155 0.835949 0.485375 0.216937
1545306122.054157 68.943266 289.713230 -149.104616 -0.148643 0.833332 0.479656 0.231071
1545306122.116334 69.147323 291.878027 -152.774997 -0.164227 0.832321 0.469489 0.244645
1545306122.179209 69.362764 294.028254 -156.536751 -0.176871 0.832880 0.461088 0.249849
1545306122.242756 69.590699 296.162696 -160.392488 -0.191156 0.831030 0.455618 0.255463
1545306122.306960 69.833541 298.279388 -164.341189 -0.206475 0.827638 0.448935 0.266161
1545306122.371821 70.092418 300.375799 -168.381632 -0.217961 0.824512 0.442579 0.277123
1545306122.437323 70.367584 302.449894 -172.515330 -0.230454 0.819120 0.433752 0.296298
1545306122.503449 70.660335 304.501590 -176.745841 -0.238364 0.815601 0.424980 0.312043
1545306122.570159 70.969412 306.527840 -181.068012 -0.248222 0.806897 0.418665 0.334698
1545306122.705173 71.640058 310.490746 -189.972368 -0.268721 0.795856 0.405195 0.360859
1545306122.773376 72.005626 312.424371 -194.565820 -0.278087 0.792058 0.395293 0.372901
1545306122.841964 72.391096 314.322047 -199.243807 -0.286161 0.787232 0.385367 0.387131
1545306122.979997 73.215217 318.004618 -208.794494 -0.305302 0.788582 0.347387 0.405280
1545306123.049261 73.655665 319.795648 -213.687481 -0.317210 0.777624 0.345273 0.418886
1545306123.187766 74.580842 323.244189 -223.569321 -0.339591 0.773958 0.304995 0.438914
1545306123.325492 75.558157 326.510143 -233.555490 -0.371335 0.758966 0.250266 0.472703
1545306123.461559 76.572259 329.584794 -243.562514 -0.404877 0.733033 0.201351 0.508129
1545306123.595769 77.614757 332.477992 -253.554740 -0.432713 0.713941 0.157663 0.527437
1545306123.728602 78.680496 335.213658 -263.553827 -0.463684 0.686825 0.108264 0.549133
1545306123.794614 79.220382 336.530043 -268.556594 -0.477080 0.686074 0.098105 0.540438
1545306123.926103 80.332668 339.072776 -278.562657 -0.513737 0.679633 0.062061 0.519924
1545306124.056881 81.507088 341.492498 -288.558063 -0.556225 0.663048 -0.004743 0.500958
1545306124.186325 82.703347 343.793586 -298.469278 -0.607028 0.607687 -0.094241 0.503341
1545306124.250223 83.294261 344.894954 -303.363792 0.622705 -0.573493 0.139653 -0.513655
1545306124.313335 83.878097 345.966212 -308.196615 0.632983 -0.548880 0.175138 -0.517098
1545306124.375829 84.486416 347.064640 -312.966846 0.652494 -0.534102 0.205846 -0.496601
1545306124.437848 85.067641 348.097693 -317.712008 0.660194 -0.519877 0.240202 -0.485979
1545306124.499514 85.677065 349.238772 -322.330119 0.694291 -0.483871 0.284376 -0.450510
1545306124.560911 86.271045 350.302505 -326.989735 0.700763 -0.462016 0.301822 -0.452079
1545306124.622118 86.842920 351.337981 -331.651419 0.707400 -0.436710 0.316432 -0.456881
1545306124.683199 87.400375 352.372037 -336.293431 0.707753 -0.417969 0.333602 -0.461625
1545306124.804940 88.477382 354.417779 -345.569794 0.721214 -0.350801 0.363238 -0.474181
1545306124.924990 89.470587 356.428211 -354.722639 0.728061 -0.276040 0.412190 -0.473106
1545306124.983977 89.928740 357.416276 -359.225840 0.730834 -0.239645 0.435184 -0.468045
1545306125.042241 90.358964 358.393896 -363.679706 0.734027 -0.202364 0.454089 -0.462662
1545306125.099907 90.760632 359.363924 -368.094172 0.736364 -0.163857 0.469806 -0.458476
1545306125.157096 91.133729 360.328498 -372.479704 0.739003 -0.126542 0.478858 -0.456680
1545306125.213929 91.478184 361.289342 -376.846669 0.741919 -0.089266 0.483543 -0.455821
1545306125.270504 91.793407 362.247730 -381.202525 0.742929 -0.048828 0.488714 -0.454787
1545306125.326887 92.078067 363.203920 -385.552833 0.740519 -0.005130 0.495758 -0.453685
1545306125.383137 92.331783 364.157588 -389.903503 0.735873 0.037026 0.504040 -0.450627
1545306125.439340 92.554920 365.109143 -394.262602 0.729197 0.074998 0.512287 -0.447448
1545306125.495577 92.747696 366.059738 -398.638911 0.721683 0.108095 0.519520 -0.444509
1545306125.551941 92.910377 367.010249 -403.040724 0.713604 0.135827 0.525747 -0.442618
1545306125.608502 93.042884 367.960755 -407.474397 0.701837 0.156346 0.534163 -0.444579
1545306125.665232 93.145287 368.910508 -411.939709 0.687096 0.171794 0.545220 -0.448465
1545306125.722018 93.217127 369.857626 -416.430499 0.670438 0.186873 0.557642 -0.452357
1545306125.781873 93.259431 370.850934 -421.188328 0.651401 0.199846 0.570925 -0.458021
1545306125.839742 93.267160 371.805792 -425.814277 0.633407 0.210947 0.582355 -0.463854
1545306125.895989 93.243705 372.728080 -430.336218 0.616214 0.220931 0.592229 -0.469824
1545306125.952178 93.189588 373.643309 -434.880042 0.599741 0.233685 0.600244 -0.474772
1545306126.008299 93.105010 374.550238 -439.446684 0.586394 0.247102 0.604428 -0.479323
1545306126.064319 92.990939 375.447512 -444.033526 0.572556 0.257226 0.608483 -0.485554
1545306126.120200 92.846975 376.333972 -448.638648 0.560811 0.269895 0.611130 -0.489048
1545306126.175932 92.673757 377.208866 -453.261117 0.548369 0.282369 0.613361 -0.493303
1545306126.231591 92.471197 378.072582 -457.908989 0.538323 0.299827 0.612946 -0.494579
1545306126.287282 92.238869 378.925168 -462.590505 0.527115 0.313954 0.613630 -0.497032
1545306126.343102 91.976958 379.767921 -467.315357 0.515470 0.331643 0.615099 -0.495940
1545306126.399050 91.684546 380.599209 -472.084159 0.503809 0.354729 0.617048 -0.489485
1545306126.455082 91.362602 381.417310 -476.893992 0.491406 0.374532 0.619701 -0.483960
1545306126.511048 91.011470 382.219186 -481.733197 0.475466 0.391656 0.623889 -0.480936
1545306126.566785 90.633058 383.001859 -486.588339 0.460151 0.406098 0.626828 -0.480033
1545306126.622146 90.229752 383.763249 -491.447484 0.443468 0.417308 0.630417 -0.481419
1545306126.677197 89.802344 384.503817 -496.315740 0.430261 0.430619 0.630468 -0.481615
1545306126.731751 89.353894 385.221318 -501.176890 0.420154 0.444221 0.626918 -0.482817
1545306126.785965 88.884067 385.918440 -506.046541 0.406594 0.458098 0.625468 -0.483339
1545306126.839854 88.394548 386.594089 -510.925910 0.392135 0.474341 0.625437 -0.479645
1545306126.893473 87.886167 387.249378 -515.821166 0.374113 0.492757 0.628283 -0.471688
1545306126.946949 87.357726 387.884473 -520.740281 0.356128 0.512392 0.632343 -0.459097
1545306127.000393 86.810345 388.502027 -525.697656 0.331427 0.528945 0.638817 -0.449762
1545306127.053887 86.243088 389.102902 -530.701240 0.311561 0.546116 0.645462 -0.433665
1545306127.107519 85.657158 389.686134 -535.756811 0.300250 0.559691 0.642822 -0.428224
1545306127.161371 85.051757 390.253123 -540.875008 0.292479 0.572793 0.637793 -0.423775
1545306127.215407 84.427143 390.802937 -546.053021 0.286886 0.589427 0.632397 -0.412731
1545306127.269766 83.782581 391.335374 -551.305410 0.280087 0.606842 0.627812 -0.398931
1545306127.324397 83.118841 391.849113 -556.625507 0.273272 0.620430 0.620894 -0.393548
1545306127.379270 82.436728 392.343100 -562.011109 0.265624 0.633655 0.613249 -0.389680
1545306127.434460 81.735051 392.816737 -567.469920 0.260051 0.647362 0.605793 -0.382507
1545306127.490103 81.012236 393.269834 -573.017111 0.248622 0.662437 0.599968 -0.373368
1545306127.546139 80.268924 393.699753 -578.646302 0.232653 0.678034 0.592215 -0.367999
1545306127.602540 79.507468 394.105247 -584.357139 0.209610 0.692824 0.586674 -0.363141
1545306127.659336 78.728602 394.484591 -590.154723 0.183123 0.707515 0.582692 -0.355469
1545306127.716630 77.932416 394.835902 -596.051203 0.156732 0.721632 0.579244 -0.345194
1545306127.774570 77.118800 395.158182 -602.064429 0.127984 0.735342 0.576539 -0.332409
1545306127.833206 76.288606 395.449764 -608.201319 0.094629 0.748445 0.574773 -0.317036
1545306127.892282 75.447747 395.708747 -614.436729 0.057562 0.760029 0.572740 -0.301681
1545306127.951397 74.605060 395.933402 -620.729649 0.018650 0.769416 0.570843 -0.285987
1545306128.010175 73.768990 396.123120 -627.039631 -0.021127 0.777870 0.567550 -0.268997
1545306128.068456 72.944791 396.278016 -633.348436 -0.062947 0.784219 0.564224 -0.250379
1545306128.126146 72.136826 396.399964 -639.644242 -0.103691 0.788170 0.560547 -0.231999
1545306128.183306 71.347029 396.490453 -645.932071 -0.142373 0.790735 0.556353 -0.211987
1545306128.240034 70.576671 396.551417 -652.221156 -0.179714 0.791883 0.552084 -0.189282
1545306128.296359 69.827285 396.583631 -658.513001 -0.213853 0.791728 0.548324 -0.163628
1545306128.352270 69.100382 396.589805 -664.803774 -0.247314 0.789642 0.543771 -0.140053
1545306128.407717 68.398274 396.570899 -671.086844 -0.280997 0.786013 0.538609 -0.114560
1545306128.462721 67.720930 396.529452 -677.361516 -0.313891 0.780630 0.533096 -0.088868
1545306128.517380 67.068322 396.466657 -683.637265 -0.347798 0.773380 0.526302 -0.062668
1545306128.571811 66.439969 396.383845 -689.925518 -0.381632 0.764421 0.518351 -0.036451
1545306128.626133 65.835861 396.281572 -696.238131 -0.414410 0.753994 0.509597 -0.008289
1545306128.680473 65.254694 396.162275 -702.587964 -0.447326 0.741738 0.499389 0.018302
1545306128.734944 64.696197 396.026305 -708.986677 -0.482473 0.726960 0.486529 0.045142
1545306128.789629 64.159879 395.875543 -715.442154 -0.518550 0.708973 0.472190 0.074163
1545306128.844603 63.646084 395.710827 -721.961741 -0.553200 0.685918 0.459469 0.111240
1545306128.899890 63.154971 395.532772 -728.545222 -0.582031 0.657982 0.451868 0.155291
1545306128.955618 62.685757 395.341099 -735.208739 -0.602153 0.632679 0.448041 0.190759
1545306129.011899 62.238935 395.135618 -741.967964 0.618628 -0.612643 -0.440228 -0.219467
1545306129.068692 61.815458 394.916531 -748.815163 0.637671 -0.592537 -0.427590 -0.243808
1545306129.126040 61.415269 394.683541 -755.755710 0.656739 -0.572849 -0.412935 -0.264619
1545306129.242531 60.684569 394.177505 -769.926317 0.680335 -0.529316 -0.392665 -0.320597
1545306129.301739 60.356351 393.902374 -777.165435 0.687643 -0.514478 -0.382381 -0.340945
1545306129.361642 60.056139 393.610038 -784.510753 0.701840 -0.502055 -0.357702 -0.356946
1545306129.422284 59.784167 393.298862 -791.965039 0.723783 -0.476608 -0.318521 -0.384092
1545306129.483711 59.538593 392.969182 -799.532675 0.742220 -0.458432 -0.279167 -0.401268
1545306129.545985 59.314252 392.615733 -807.216652 0.754947 -0.453260 -0.241890 -0.407554
1545306129.609152 59.113372 392.246070 -815.026906 0.766301 -0.440705 -0.209304 -0.418035
1545306129.673258 58.927165 391.857481 -822.965582 0.777508 -0.418677 -0.165569 -0.439064
1545306129.738344 58.760151 391.456356 -831.033130 0.788760 -0.394450 -0.120247 -0.455859
1545306129.804475 58.601448 391.042652 -839.245998 0.797371 -0.365497 -0.094436 -0.470842
1545306129.940166 58.320120 390.151431 -856.095849 0.797307 -0.292327 -0.069700 -0.523439
1545306130.009818 58.196299 389.666155 -864.747703 0.795645 -0.256506 -0.048343 -0.546642
1545306130.080673 58.080100 389.152768 -873.552561 0.792702 -0.219278 -0.017632 -0.568533
1545306130.152769 57.966128 388.608776 -882.522439 0.785990 -0.190982 0.009950 -0.587917
1545306130.226192 57.851193 388.031571 -891.656758 0.779373 -0.152357 0.032240 -0.606898
1545306130.300987 57.731025 387.416169 -900.962085 0.768156 -0.108567 0.057103 -0.628402
1545306130.377038 57.602149 386.757360 -910.424536 0.747110 -0.060691 0.086765 -0.656213
1545306130.454111 57.459005 386.051865 -920.018342 0.722916 -0.012964 0.110057 -0.681991
1545306130.532048 57.296038 385.293062 -929.725243 -0.693285 -0.035429 -0.131834 0.707616
1545306130.610657 57.110080 384.475594 -939.526490 -0.657813 -0.082514 -0.162049 0.730899
1545306130.768932 56.657245 382.659878 -959.322487 -0.570196 -0.158149 -0.247872 0.767089
1545306130.848153 56.385195 381.668193 -969.282864 -0.528649 -0.185109 -0.288089 0.776705
1545306130.927256 56.080822 380.624211 -979.273426 -0.483488 -0.206335 -0.332588 0.782976
1545306131.006253 55.741718 379.529006 -989.302832 -0.439409 -0.223355 -0.372738 0.786192
1545306131.085280 55.366325 378.381819 -999.396864 -0.405309 -0.236011 -0.398873 0.787987
1545306131.164514 54.953269 377.180709 -1009.583311 -0.380818 -0.245607 -0.413324 0.789822
1545306131.244125 54.501215 375.922126 -1019.888020 -0.358721 -0.255225 -0.425267 0.790777
1545306131.324216 54.009049 374.603794 -1030.328133 -0.334202 -0.265293 -0.438746 0.790842
1545306131.404856 53.477534 373.225273 -1040.917473 -0.312267 -0.276826 -0.445389 0.792140
1545306131.486017 52.908351 371.786681 -1051.656355 -0.300510 -0.291564 -0.431605 0.799000
1545306131.649747 51.663545 368.713300 -1073.571204 -0.279474 -0.324265 -0.388576 0.815938
1545306131.732508 50.993939 367.063975 -1084.776658 -0.254277 -0.331791 -0.388235 0.821299
1545306131.815694 50.296072 365.341879 -1096.129382 -0.221628 -0.329975 -0.399666 0.825993
1545306131.899040 49.571682 363.549027 -1107.603594 -0.193577 -0.332743 -0.403042 0.830282
1545306131.982412 48.820985 361.682778 -1119.188381 -0.174090 -0.347398 -0.386768 0.836312
1545306132.147748 47.279603 357.760627 -1142.482886 -0.124239 -0.354622 -0.383331 0.843721
1545306132.229564 46.496631 355.718746 -1154.170761 -0.095089 -0.349001 -0.390078 0.846756
1545306132.311385 45.701340 353.615624 -1165.970706 -0.069465 -0.347076 -0.392776 0.848787
1545306132.393577 44.892900 351.444738 -1177.937753 -0.040365 -0.341036 -0.401596 0.848991
1545306132.476556 44.067797 349.200744 -1190.132467 -0.006376 -0.329268 -0.414163 0.848535
1545306132.646032 42.355406 344.479797 -1215.409151 0.064181 -0.305475 -0.450477 0.836443
1545306132.732466 41.468294 342.007677 -1228.503794 0.103020 -0.293186 -0.473957 0.823889
1545306132.819081 40.569851 339.495050 -1241.770057 0.143327 -0.280238 -0.505647 0.803272
1545306132.904823 39.671608 336.981253 -1255.047328 0.180402 -0.271167 -0.537920 0.777538
1545306132.989321 38.778972 334.488066 -1268.272110 0.203954 -0.269205 -0.566634 0.751570
1545306133.072613 37.892847 332.019799 -1281.445518 0.226067 -0.270302 -0.593397 0.723679
1545306133.154850 37.012890 329.574675 -1294.586773 0.248412 -0.276126 -0.613736 0.696688
1545306133.236344 36.139226 327.146713 -1307.739217 0.271377 -0.280675 -0.628832 0.672419
1545306133.316957 35.274823 324.745451 -1320.873990 0.292743 -0.288169 -0.640792 0.648573
1545306133.396173 34.428454 322.386650 -1333.901621 -0.312053 0.294055 0.650692 -0.626701
1545306133.549228 32.809074 317.843374 -1359.412761 -0.362652 0.289704 0.672388 -0.576584
1545306133.623413 32.036270 315.655163 -1371.938290 -0.382633 0.290217 0.685203 -0.547597
1545306133.696805 31.282416 313.501713 -1384.432079 -0.400412 0.291959 0.697345 -0.517823
1545306133.769532 30.548381 311.380592 -1396.912297 -0.419947 0.290527 0.708302 -0.487388
1545306133.841550 29.836191 309.294510 -1409.367084 -0.439749 0.288497 0.717006 -0.457485
1545306133.912833 29.148391 307.247523 -1421.787675 -0.458032 0.287705 0.723685 -0.428617
1545306133.983464 28.486286 305.238485 -1434.183997 -0.475458 0.285758 0.729658 -0.399851
1545306134.053588 27.848056 303.261177 -1446.578754 -0.496157 0.280540 0.733965 -0.369352
1545306134.123163 27.237104 301.319376 -1458.960704 -0.527181 0.267599 0.736093 -0.329602
1545306134.192027 26.657543 299.421472 -1471.295822 -0.560484 0.252753 0.734699 -0.286691
1545306134.327554 25.600217 295.762353 -1495.788461 -0.616411 0.222748 0.729661 -0.194975
1545306134.394358 25.126182 293.998198 -1507.961533 -0.641563 0.206911 0.723775 -0.147428
1545306134.460696 24.689868 292.276884 -1520.108201 -0.661135 0.192020 0.718609 -0.098128
1545306134.526284 24.291971 290.598804 -1532.171991 -0.675488 0.176945 0.713937 -0.051958
1545306134.591327 23.933321 288.959673 -1544.184707 -0.688011 0.159941 0.707842 -0.004428
1545306134.655922 23.614262 287.358771 -1556.160122 -0.698629 0.141495 0.699580 0.049848
1545306134.719976 23.336247 285.795125 -1568.075780 0.707368 -0.121157 -0.687821 -0.108874
1545306134.783360 23.099767 284.267847 -1579.903139 0.713869 -0.101095 -0.672418 -0.167409
1545306134.846363 22.903348 282.767009 -1591.691525 0.716261 -0.083107 -0.655456 -0.224590
1545306134.908681 22.747484 281.297384 -1603.380270 0.714847 -0.068956 -0.637742 -0.278433
1545306135.032326 22.554370 278.412430 -1626.642904 0.699475 -0.044891 -0.600354 -0.385091
1545306135.093912 22.515553 276.983247 -1638.262339 0.687218 -0.033377 -0.579008 -0.437454
1545306135.155259 22.514409 275.559537 -1649.855233 0.669753 -0.021534 -0.560358 -0.486791
1545306135.276789 22.623687 272.722894 -1672.875280 0.620879 0.002001 -0.532114 -0.575639
1545306135.336812 22.733414 271.307475 -1684.272540 -0.590258 -0.013277 0.520190 0.617107
1545306135.455141 23.057823 268.473231 -1706.801393 -0.524886 -0.038699 0.492566 0.693092
1545306135.571425 23.510522 265.616052 -1729.031891 -0.459830 -0.066855 0.464071 0.754139
1545306135.686121 24.085851 262.714066 -1751.060390 -0.389498 -0.086264 0.421209 0.814514
1545306135.799549 24.771442 259.747572 -1772.962653 -0.321629 -0.109042 0.384429 0.858417
1545306135.911868 25.559852 256.707559 -1794.782248 -0.264186 -0.138430 0.372821 0.878662
1545306135.967640 25.993084 255.159932 -1805.670059 -0.240605 -0.153258 0.370112 0.884103
1545306136.134199 27.455255 250.395661 -1838.406980 -0.190970 -0.162549 0.344599 0.904633
1545306136.245296 28.561463 247.100775 -1860.435306 -0.166529 -0.147646 0.335222 0.915475
1545306136.301035 29.154081 245.412204 -1871.548493 -0.156621 -0.134357 0.325742 0.922665
1545306136.470384 31.090497 240.135723 -1905.572974 -0.135998 -0.092445 0.297323 0.940509
1545306136.641454 33.226891 234.582540 -1940.351974 -0.118768 -0.050156 0.269450 0.954346
1545306136.698522 33.973504 232.681679 -1952.046357 -0.113848 -0.036681 0.259698 0.958254
1545306136.755754 34.737628 230.750627 -1963.820175 -0.108732 -0.026058 0.249295 0.961951
1545306136.813250 35.520123 228.785161 -1975.698150 -0.100827 -0.014189 0.241451 0.965056
1545306136.871077 36.321206 226.782084 -1987.694196 -0.089396 -0.001732 0.233515 0.968233
1545306136.929183 37.139480 224.743822 -1999.798870 -0.077383 0.012965 0.222367 0.971801
1545306137.045939 38.818691 220.570608 -2024.280434 -0.055755 0.044156 0.197672 0.977685
1545306137.104506 39.675294 218.437555 -2036.642095 -0.043732 0.056585 0.186292 0.979888
1545306137.163140 40.540383 216.276087 -2049.073088 -0.030755 0.064150 0.179023 0.981269
1545306137.221830 41.413123 214.087738 -2061.571457 -0.016958 0.069242 0.174309 0.982107
1545306137.280440 42.290976 211.878817 -2074.108133 -0.001812 0.077173 0.166769 0.982969
1545306137.396768 44.049030 207.426480 -2099.156432 0.040821 0.107453 0.138366 0.983688
1545306137.454228 44.921301 205.196670 -2111.611877 0.063346 0.123370 0.123088 0.982658
1545306137.511225 45.786764 202.966474 -2124.020650 0.080996 0.137742 0.109305 0.981081
1545306137.567883 46.646195 200.731732 -2136.411322 0.095329 0.152081 0.097106 0.978956
1545306138.131055 54.879069 177.620558 -2262.692417 0.241085 0.249389 0.010799 0.937852
1545306138.188178 55.668705 175.204234 -2275.813312 0.258045 0.266775 -0.004594 0.928560
1545306138.768615 62.787524 150.309874 -2411.987491 0.329988 0.469989 -0.178767 0.798912
1545306138.827606 63.346304 147.758120 -2426.130258 0.335036 0.478728 -0.193080 0.788220
1545306139.117446 65.555386 135.230872 -2496.385196 0.356272 0.492135 -0.278918 0.743693
1545306139.173859 65.885661 132.800822 -2510.200132 0.356238 0.496280 -0.299401 0.732912
1545306139.722857 67.457368 109.557385 -2646.691486 0.334380 0.528785 -0.523176 0.578674
1545306139.776502 67.467385 107.341944 -2660.202751 0.328708 0.533867 -0.544350 0.557333
1545306140.313581 66.275873 86.114383 -2796.801100 -0.286304 -0.550322 0.704735 -0.344273
1545306140.368253 66.037424 84.075761 -2810.821541 -0.282987 -0.546864 0.717095 -0.326548
1545306140.534109 65.208343 78.051524 -2853.472710 -0.269628 -0.534204 0.746009 -0.292227
1545306147.149457 65.208099 78.051646 -2853.472710 -0.269628 -0.534204 0.746009 -0.292227
1545306147.271321 64.516157 73.781656 -2884.922494 -0.225826 -0.513350 0.802192 -0.204848
1545306147.391966 63.789382 69.694113 -2916.150275 -0.180532 -0.486408 0.847349 -0.113202
1545306147.451577 63.422642 67.727822 -2931.615268 -0.158210 -0.470906 0.865309 -0.066755
1545306147.569118 62.700799 63.958468 -2962.182265 -0.111039 -0.436657 0.892645 0.013655
1545306147.684696 62.009731 60.398985 -2992.341559 -0.055712 -0.404141 0.910742 0.064145
1545306147.741907 61.677019 58.693576 -3007.311654 -0.028793 -0.383071 0.919027 0.088420
1545306147.798793 61.353852 57.035287 -3022.226003 -0.002581 -0.361868 0.925817 0.109122
1545306147.911762 60.736455 53.853646 -3051.940623 0.048088 -0.321010 0.935980 0.136314
1545306148.023773 60.156111 50.850881 -3081.542013 0.093482 -0.276566 0.945446 0.144583
1545306148.134887 59.607113 48.026345 -3111.058592 0.127104 -0.228342 0.952237 0.157951
1545306148.245168 59.083772 45.370758 -3140.518622 0.142743 -0.186301 0.953269 0.190251
1545306148.300141 58.891533 44.211982 -3155.444181 -0.155099 -0.552258 0.800960 0.171517
1545306148.355073 58.665510 42.983276 -3170.139122 -0.161154 -0.584416 0.768229 0.205697
1545306148.410046 58.481911 41.749384 -3184.857459 -0.244356 -0.644342 0.717784 0.099495
1545306148.520744 57.978214 39.426209 -3214.439835 -0.184141 -0.641493 0.726114 0.165339
1545306148.633120 57.546910 37.162305 -3244.567324 -0.124583 -0.675971 0.685094 0.241223
1545306148.746114 57.195352 34.967275 -3274.901443 0.092738 0.709262 -0.632143 -0.297897
1545306148.859268 56.932032 32.833801 -3305.311792 0.082180 0.741725 -0.573784 -0.337435
1545306148.973573 56.757228 30.720955 -3336.057848 0.096614 0.770433 -0.512959 -0.366023
1545306149.031245 56.702356 29.668398 -3351.582365 0.111675 0.781674 -0.476022 -0.387192
1545306149.147249 56.656689 27.552571 -3382.820501 0.154350 0.795187 -0.408305 -0.420881
1545306149.263821 56.696604 25.412145 -3414.240382 0.186408 0.811386 -0.332276 -0.443281
1545306149.380311 56.812255 23.243466 -3445.676600 0.209961 0.829916 -0.234201 -0.460766
1545306149.495262 56.976465 21.054594 -3476.754474 0.228904 0.855963 -0.131913 -0.444442
1545306149.551961 57.071043 19.952861 -3492.103637 0.230883 0.863753 -0.083953 -0.439973
1545306149.608261 57.173075 18.838392 -3507.354262 0.228823 0.867983 -0.040755 -0.438845
1545306149.664287 57.283561 17.709400 -3522.543771 0.239897 0.869613 0.002145 -0.431529
1545306149.720120 57.400375 16.557631 -3537.692167 0.251774 0.868744 0.040909 -0.424523
1545306149.831389 57.638480 14.175423 -3567.908606 0.250022 0.865101 0.111032 -0.420431
1545306149.942535 57.888245 11.684294 -3598.152394 0.240738 0.851519 0.197250 -0.421963
1545306150.054204 58.144218 9.066463 -3628.623723 0.231169 0.830941 0.281527 -0.420525
1545306150.166929 58.397689 6.294440 -3659.489259 0.227517 0.808143 0.351087 -0.414582
1545306150.223719 58.521652 4.847939 -3675.083680 0.234070 0.794990 0.384247 -0.406887
1545306150.280795 58.640759 3.359804 -3690.790420 0.236342 0.779347 0.420580 -0.399841
1545306150.338084 58.752773 1.829817 -3706.588741 0.229922 0.762288 0.458502 -0.394752
1545306150.453243 58.953246 -1.352294 -3738.468313 0.213844 0.720660 0.538627 -0.380528
1545306150.511328 59.039848 -3.009894 -3754.615829 0.200949 0.699012 0.579052 -0.368375
1545306150.569928 59.115364 -4.717473 -3770.958932 0.182021 0.677900 0.619235 -0.351949
1545306150.628963 59.182510 -6.469928 -3787.478365 0.163873 0.654182 0.659762 -0.331520
1545306150.688067 59.236160 -8.254911 -3804.075888 0.140380 0.631132 0.698962 -0.305644
1545306150.746836 59.280194 -10.055928 -3820.639779 0.113691 0.605659 0.737495 -0.276319
1545306150.805033 59.315693 -11.860940 -3837.104952 0.088430 0.578770 0.773602 -0.242375
1545306150.862722 59.343692 -13.669224 -3853.489958 0.063606 0.550656 0.806880 -0.204149
1545306150.975811 59.386564 -17.252800 -3885.795488 0.012108 0.486180 0.864780 -0.125054
1545306151.086945 59.425561 -20.803150 -3917.787086 -0.031186 0.413661 0.908922 -0.042091
1545306151.196343 59.475649 -24.304843 -3949.517808 -0.071648 0.336442 0.938213 0.037814
1545306151.250468 59.509992 -26.034026 -3965.304811 -0.083759 0.297352 0.948365 0.071909
1545306151.357860 59.605973 -29.444711 -3996.803559 -0.105835 0.224011 0.959600 0.133366
1545306151.464517 59.748348 -32.795167 -4028.310736 -0.129657 0.152259 0.961076 0.190628
1545306151.571306 59.953881 -36.101540 -4060.069505 -0.158345 0.076859 0.953119 0.246137
1545306151.678851 60.235078 -39.372552 -4092.253542 -0.195645 0.003464 0.929751 0.311887
1545306151.787524 60.612350 -42.617852 -4124.958509 -0.238417 -0.073786 0.891452 0.378189
1545306151.842415 60.840552 -44.236075 -4141.538519 -0.258616 -0.113578 0.868034 0.408332
1545306151.953473 61.393014 -47.470437 -4175.198642 -0.293266 -0.194361 0.818715 0.453789
1545306152.066388 62.082861 -50.709312 -4209.553569 -0.304759 -0.277785 0.785564 0.461353
1545306152.239748 63.400778 -55.574671 -4262.511598 -0.303737 -0.405348 0.744916 0.434207
1545306152.358552 64.474769 -58.822051 -4298.918047 -0.311106 -0.485425 0.675025 0.460344
1545306152.419055 65.070863 -60.458311 -4317.486356 -0.315577 -0.524196 0.629834 0.478475
1545306152.480336 65.705904 -62.107297 -4336.309088 -0.317396 -0.561799 0.580264 0.496925
1545306152.605366 67.099258 -65.463099 -4374.751607 0.313577 0.632937 -0.475525 -0.524343
1545306152.733979 68.655597 -68.934444 -4414.343526 0.298603 0.696909 -0.358746 -0.544477
1545306153.003253 72.252602 -76.429961 -4497.395637 0.237257 0.784598 -0.087850 -0.566037
1545306153.144547 74.275973 -80.564245 -4541.104713 0.177614 0.807627 0.038064 -0.561019
1545306153.216975 75.341636 -82.745463 -4563.564836 0.149439 0.816097 0.103075 -0.548661
1545306153.440502 78.723671 -89.758822 -4633.159713 0.062008 0.815608 0.307286 -0.486327
1545306153.983254 87.296001 -108.537454 -4804.763045 -0.094902 0.634119 0.712764 -0.284349
1545306154.061659 88.565788 -111.426542 -4829.955703 -0.117258 0.590878 0.753308 -0.263894
1545306154.455376 95.089088 -126.231536 -4958.333624 -0.168126 0.343238 0.896191 -0.225304
1545306154.535090 96.435818 -129.238374 -4984.721590 -0.176140 0.288394 0.914966 -0.220546
1545306155.343741 110.301642 -157.638635 -5259.423062 -0.197154 -0.260380 0.937658 -0.118868
1545306155.423937 111.680059 -160.136384 -5287.233337 -0.195760 -0.318673 0.920307 -0.114717
1545306156.240515 125.729453 -182.277836 -5573.062359 0.098397 0.829715 -0.518682 -0.181274
1545306156.319629 127.152439 -184.216240 -5600.864618 0.072943 0.859310 -0.458541 -0.214489
1545306157.076876 142.343851 -203.497018 -5867.575589 -0.167998 0.908726 0.174198 -0.340071
1545306157.149216 143.981145 -205.522865 -5893.201151 -0.195989 0.888300 0.234249 -0.342984
1545306157.852100 161.974148 -227.225001 -6145.722608 -0.398742 0.500634 0.710040 -0.293621
1545306157.917573 163.836298 -229.355858 -6169.670450 -0.420886 0.443852 0.742016 -0.274340
1545306158.234672 173.231035 -239.518792 -6286.747461 -0.447195 0.163081 0.864771 -0.159976
1545306158.296287 175.116466 -241.441690 -6309.694454 -0.439045 0.106709 0.882688 -0.129280
1545306158.902295 194.676099 -258.734783 -6537.967904 -0.339898 -0.433522 0.810620 0.198553
1545306158.960620 196.667163 -260.232020 -6560.103493 -0.316474 -0.473032 0.793155 0.216774
1545306159.523659 216.984236 -273.599940 -6774.388263 0.081249 0.800563 -0.443552 -0.394663
1545306159.578552 219.085504 -274.858135 -6795.305376 0.054403 0.816220 -0.405878 -0.407539
1545306160.138052 241.906056 -288.213657 -7009.061898 -0.221516 0.815634 0.099542 -0.525131
1545306160.195347 244.393816 -289.676032 -7031.072011 -0.245999 0.794846 0.155348 -0.532514
1545306160.793659 271.893792 -306.136672 -7263.696988 -0.275008 0.592190 0.606226 -0.454061
1545306160.857013 274.929728 -307.985941 -7288.681061 -0.270854 0.563022 0.643740 -0.441864
1545306160.984919 281.107601 -311.759682 -7339.356167 -0.260494 0.500506 0.714434 -0.413788
1545306161.113019 287.346160 -315.574962 -7390.433646 -0.264413 0.417198 0.783104 -0.377862
1545306161.302519 296.649532 -321.219079 -7466.600604 -0.273157 0.274191 0.863347 -0.323786
1545306161.488292 305.823052 -326.647069 -7541.959717 -0.270069 0.121657 0.913554 -0.278715
1545306161.549905 308.874048 -328.406673 -7567.096257 -0.265242 0.072517 0.924555 -0.263790
1545306161.735346 318.062621 -333.537763 -7643.142494 -0.253341 -0.086107 0.943592 -0.195032
1545306161.860699 324.279808 -336.844784 -7694.840137 -0.237136 -0.192171 0.941740 -0.141288
1545306161.924241 327.434174 -338.466824 -7721.124196 -0.225979 -0.244023 0.936692 -0.109522
1545306162.119185 337.125440 -343.219977 -7802.032806 -0.180639 -0.396178 0.900229 -0.000840
1545306162.253199 343.816894 -346.293618 -7857.848532 -0.138161 -0.489100 0.858382 0.069810
1545306162.390275 350.701440 -349.283748 -7915.063427 -0.091509 -0.571724 0.801582 0.149079
1545306162.529814 357.776233 -352.179468 -7973.404584 -0.041247 -0.647215 0.730416 0.214254
1545306162.600389 361.385888 -353.592360 -8002.939737 -0.017391 -0.680327 0.688890 0.249567
1545306162.671507 365.052318 -354.988429 -8032.718617 -0.005670 0.710704 -0.643688 -0.283785
1545306162.815575 372.578125 -357.739149 -8093.077762 -0.051585 0.758911 -0.549957 -0.344877
1545306162.962488 380.414070 -360.482837 -8154.679068 -0.100727 0.790101 -0.452565 -0.400972
1545306163.112659 388.616243 -363.265187 -8217.707706 -0.151596 0.811208 -0.343964 -0.447939
1545306163.266059 397.201987 -366.129871 -8282.191478 -0.211950 0.814020 -0.234905 -0.487103
1545306163.421670 406.126672 -369.089503 -8347.747336 -0.264451 0.805500 -0.114263 -0.517860
1545306163.499779 410.691031 -370.604301 -8380.718428 -0.282339 0.798973 -0.050411 -0.528569
1545306163.577832 415.311948 -372.142990 -8413.718926 -0.285981 0.795378 0.016809 -0.534141
1545306163.655703 419.981410 -373.709443 -8446.700889 -0.280285 0.794248 0.081602 -0.532872
1545306163.733331 424.695522 -375.308137 -8479.638061 -0.268580 0.792774 0.142972 -0.528142
1545306163.810678 429.448441 -376.940542 -8512.526596 -0.252483 0.789503 0.203221 -0.521189
1545306163.964201 439.022253 -380.318867 -8578.018843 -0.232647 0.759638 0.328065 -0.511076
1545306164.040219 443.825755 -382.062860 -8610.563977 -0.235715 0.729891 0.389372 -0.509987
1545306164.115683 448.624258 -383.830883 -8642.958882 -0.239180 0.695559 0.447654 -0.508524
1545306164.190571 453.410369 -385.621602 -8675.188777 -0.239766 0.659192 0.502790 -0.505154
1545306164.264882 458.179723 -387.425204 -8707.262457 -0.237891 0.620129 0.554396 -0.501490
1545306164.338632 462.930393 -389.240218 -8739.186674 -0.235040 0.578920 0.602416 -0.496692
1545306164.411856 467.660388 -391.064792 -8770.976028 -0.229303 0.536860 0.647195 -0.490245
1545306164.484598 472.368790 -392.895929 -8802.650044 -0.222158 0.493145 0.688063 -0.483760
1545306164.556927 477.056875 -394.729479 -8834.243622 -0.211181 0.454774 0.721283 -0.477843
1545306164.628911 481.724942 -396.563811 -8865.785263 -0.200746 0.416511 0.750189 -0.472691
1545306164.771933 490.998104 -400.228110 -8928.748284 -0.197203 0.319386 0.806460 -0.456865
1545306164.843043 495.603579 -402.049659 -8960.199855 -0.190927 0.264401 0.832344 -0.448155
1545306164.914009 500.190994 -403.856209 -8991.686280 -0.184504 0.209990 0.854568 -0.437693
1545306164.984967 504.767757 -405.652160 -9023.261292 -0.177707 0.155330 0.874124 -0.424500
1545306165.056090 509.343465 -407.436111 -9054.999118 -0.169308 0.101126 0.890408 -0.410223
1545306165.127600 513.927857 -409.206747 -9087.001350 -0.155454 0.024904 0.905984 -0.392947
1545306165.199828 518.510016 -410.914925 -9119.470808 -0.145994 -0.045053 0.918773 -0.364023
1545306165.273276 523.141398 -412.600288 -9152.589675 -0.134582 -0.081758 0.924844 -0.346217
1545306165.347502 527.802547 -414.270584 -9186.143486 -0.117296 -0.150651 0.923272 -0.333339
1545306165.421863 532.452709 -415.917729 -9219.827007 -0.114679 -0.203616 0.919618 -0.315741
1545306165.496130 537.088193 -417.549423 -9253.524010 -0.108725 -0.255136 0.913467 -0.297763
1545306165.570189 541.705411 -419.172965 -9287.176657 -0.098230 -0.312463 0.906149 -0.267602
1545306165.644277 546.273202 -420.674570 -9320.912304 -0.085275 -0.389126 0.883633 -0.245972
1545306165.719188 550.857222 -422.108593 -9355.085026 -0.087655 -0.439323 0.868728 -0.211244
1545306165.794739 555.476386 -423.542502 -9389.598331 -0.079700 -0.492255 0.842279 -0.204694
1545306165.870382 560.082853 -424.947132 -9424.196712 -0.075505 -0.557040 0.804668 -0.191087
1545306166.022811 569.291380 -427.558961 -9493.995464 -0.053160 -0.645854 0.751286 -0.124965
1545306166.099538 573.901649 -428.812844 -9529.167591 -0.045734 -0.690022 0.714736 -0.104548
1545306166.176543 578.512953 -430.029912 -9564.482247 0.036199 0.732558 -0.675361 0.077047
1545306166.253783 583.126357 -431.212132 -9599.915178 0.025012 0.771527 -0.633868 0.048278
1545306166.331219 587.743524 -432.369253 -9635.447870 0.014617 0.806923 -0.590103 0.020973
1545306166.408818 592.364806 -433.504212 -9671.054905 0.004891 0.839554 -0.543213 -0.006678
1545306166.486561 596.992660 -434.622380 -9706.728510 -0.005209 0.869236 -0.493178 -0.034315
1545306166.564409 601.628469 -435.733445 -9742.452196 -0.016525 0.894741 -0.441954 -0.061978
1545306166.642349 606.274371 -436.840823 -9778.217164 -0.027590 0.916567 -0.388798 -0.089328
1545306166.720366 610.935247 -437.952312 -9814.014646 -0.038647 0.934706 -0.333470 -0.116740
1545306166.798446 615.609834 -439.077117 -9849.839808 -0.050397 0.948682 -0.277125 -0.143748
1545306166.876554 620.303004 -440.217400 -9885.684847 -0.061854 0.958561 -0.219927 -0.170195
1545306166.954691 625.015715 -441.382188 -9921.543904 -0.072451 0.964520 -0.161371 -0.195990
1545306167.032856 629.752811 -442.577547 -9957.429681 -0.084797 0.966363 -0.101288 -0.220666
1545306167.111048 634.515755 -443.809350 -9993.343170 -0.095447 0.963998 -0.041898 -0.244627
1545306167.189255 639.306013 -445.081752 -10029.287297 -0.106909 0.957279 0.018099 -0.268066
1545306167.267466 644.123537 -446.398847 -10065.258131 -0.118157 0.946421 0.077953 -0.290256
1545306167.345678 648.971212 -447.764770 -10101.266380 -0.128311 0.931750 0.137562 -0.310572
1545306167.423888 653.850034 -449.182033 -10137.314974 -0.137809 0.913001 0.196619 -0.329817
1545306167.502095 658.759980 -450.651577 -10173.414618 -0.146618 0.890310 0.254793 -0.347753
1545306167.580297 663.699078 -452.175569 -10209.573087 -0.154627 0.863864 0.311741 -0.364206
1545306167.658489 668.670250 -453.752032 -10245.790342 -0.162208 0.833720 0.367435 -0.378935
1545306167.736678 673.666649 -455.381424 -10282.082916 -0.171720 0.800054 0.422259 -0.390029
1545306167.814871 678.690245 -457.062269 -10318.457663 -0.178037 0.762840 0.474503 -0.401529
1545306167.893075 683.741041 -458.791603 -10354.929141 -0.186182 0.722075 0.525388 -0.409770
1545306167.971282 688.816083 -460.562124 -10391.500265 -0.191748 0.678181 0.573481 -0.417640
1545306168.049474 693.910996 -462.372349 -10428.167042 -0.197742 0.631375 0.619382 -0.422646
1545306168.127669 699.024313 -464.216923 -10464.939213 -0.202524 0.581826 0.662434 -0.426197
1545306168.205868 704.153575 -466.089025 -10501.831404 -0.204867 0.529623 0.702138 -0.429571
1545306168.284067 709.292459 -467.982324 -10538.838658 -0.206328 0.475172 0.738780 -0.431096
1545306168.362262 714.438782 -469.892953 -10575.959941 -0.206688 0.419266 0.771925 -0.430847
1545306168.440470 719.590602 -471.811132 -10613.212836 -0.206359 0.360934 0.802020 -0.428843
1545306168.518698 724.743784 -473.730078 -10650.594358 -0.204966 0.301117 0.828525 -0.425280
1545306168.596931 729.893696 -475.644938 -10688.100580 -0.202410 0.239798 0.851498 -0.420093
1545306168.675161 735.034879 -477.545979 -10725.723656 -0.199073 0.177337 0.870834 -0.413001
1545306168.753392 740.166137 -479.428121 -10763.466496 -0.194950 0.114204 0.886359 -0.404128
1545306168.831617 745.280649 -481.283715 -10801.319329 -0.189851 0.050578 0.898081 -0.393508
1545306168.909845 750.378678 -483.107239 -10839.283122 -0.183860 -0.013513 0.905919 -0.381212
1545306168.988074 755.456469 -484.893001 -10877.353967 -0.177081 -0.077653 0.909808 -0.367235
1545306169.066314 760.511622 -486.636174 -10915.526016 -0.169744 -0.141159 0.909803 -0.351453
1545306169.144552 765.540970 -488.332274 -10953.789516 -0.161960 -0.203995 0.905540 -0.334892
1545306169.222783 770.545260 -489.979924 -10992.134714 -0.154024 -0.266193 0.896839 -0.317959
1545306169.301021 775.523273 -491.573942 -11030.558725 -0.144501 -0.327110 0.884889 -0.298480
1545306169.379257 780.471652 -493.115255 -11069.050903 -0.134966 -0.384505 0.869517 -0.279069
1545306169.457484 785.389855 -494.600600 -11107.602349 -0.123719 -0.442470 0.850275 -0.256801
1545306169.535705 790.280869 -496.033477 -11146.204370 -0.112009 -0.498697 0.827191 -0.233474
1545306169.613938 795.145192 -497.412448 -11184.856038 -0.099765 -0.552795 0.800459 -0.209116
1545306169.692173 799.984785 -498.740947 -11223.545674 -0.087319 -0.604622 0.770011 -0.184093
