1545308250.014644 -0.000014 0.000002 -0.000008 -0.600068 0.787632 -0.107291 0.089683
1545308250.073933 -0.000013 0.000002 -0.000008 -0.617468 0.774507 -0.112857 0.078334
1545308250.133223 -0.000013 0.000001 -0.000008 -0.642470 0.753132 -0.128903 0.058372
1545308250.192510 -0.000012 0.000001 -0.000008 -0.653604 0.743020 -0.132953 0.055198
1545308250.251797 -0.000012 0.000001 -0.000008 -0.661512 0.735785 -0.128783 0.066613
1545308250.370374 -0.000011 0.000002 -0.000008 -0.616591 0.759667 -0.061710 0.197265
1545308250.429662 -0.000011 0.000001 -0.000008 -0.657578 0.726468 -0.085479 0.180356
1545308250.488946 -0.000010 0.000001 -0.000008 0.734404 -0.651209 0.060838 -0.181321
1545308250.548234 -0.000012 0.000003 -0.000007 0.696929 -0.673560 -0.088325 -0.229794
1545308250.607520 -0.000011 0.000002 -0.000008 0.749115 -0.619033 -0.047297 -0.231057
1545308250.666803 -0.000011 0.000000 -0.000009 0.837185 -0.533739 0.091634 -0.076468
1545308250.726085 -0.000011 0.000001 -0.000008 0.838612 -0.523140 0.047052 -0.144362
1545308250.785368 -0.000011 0.000001 -0.000008 0.859794 -0.486360 0.053372 -0.146148
1545308250.844651 -0.000010 0.000001 -0.000009 0.882962 -0.440820 0.067235 -0.146747
1545308250.903938 -0.000010 0.000001 -0.000009 0.902645 -0.394765 0.069278 -0.156821
1545308250.963230 -0.000009 0.000001 -0.000009 0.922644 -0.335849 0.075857 -0.173721
1545308251.022526 -0.000009 0.000001 -0.000009 0.932551 -0.299586 0.087925 -0.181290
1545308251.081828 -0.000008 0.000001 -0.000008 0.948486 -0.226265 0.114692 -0.189801
1545308251.141131 -0.000008 0.000001 -0.000008 0.958033 -0.156149 0.136565 -0.197838
1545308251.200429 -0.000007 0.000001 -0.000008 0.961180 -0.085210 0.157870 -0.209641
1545308251.259722 -0.000007 0.000002 -0.000008 0.956896 -0.011051 0.185299 -0.223365
1545308251.319015 -0.000005 0.000001 -0.000008 0.939041 0.073530 0.249616 -0.224694
1545308251.378308 -0.000006 0.000002 -0.000008 0.935463 0.109631 0.232944 -0.242132
1545308251.437595 -0.000006 0.000003 -0.000008 0.911983 0.187206 0.256805 -0.259408
1545308251.496888 -0.000006 0.000003 -0.000007 0.880885 0.263023 0.276276 -0.280236
1545308251.556182 -0.000006 0.000004 -0.000007 0.847126 0.331453 0.290591 -0.296773
1545308251.615473 -0.000006 0.000004 -0.000007 0.817549 0.386660 0.299766 -0.303725
1545308251.734055 -0.000006 0.000005 -0.000007 0.791706 0.443685 0.281736 -0.311401
1545308251.852695 -0.000006 0.000005 -0.000007 0.774922 0.493374 0.233640 -0.318576
1545308251.971479 -0.000007 0.000006 -0.000007 0.768671 0.553577 0.076822 -0.311120
1545308252.030938 -0.000007 0.000005 -0.000007 0.772258 0.509796 0.174476 -0.336576
1545308252.090435 -0.000008 0.000005 -0.000007 0.763847 0.519990 0.153952 -0.349923
1545308252.149972 -0.000008 0.000005 -0.000007 0.752319 0.529981 0.140824 -0.365108
1545308252.209544 -0.000008 0.000005 -0.000007 0.742212 0.537957 0.130360 -0.377796
1545308252.269144 -0.000008 0.000006 -0.000007 0.732557 0.545609 0.121371 -0.388510
1545308252.388403 -0.000009 0.000006 -0.000007 0.714502 0.557700 0.118517 -0.405475
1545308252.448053 -0.000009 0.000006 -0.000007 0.712577 0.560024 0.115774 -0.406453
1545308252.507712 -0.000009 0.000006 -0.000007 0.717885 0.558759 0.104849 -0.401791
1545308252.567373 -0.000009 0.000006 -0.000007 0.727614 0.555949 0.087125 -0.392311
1545308252.627039 -0.000008 0.000006 -0.000006 0.741191 0.537016 0.184533 -0.358048
1545308252.686712 -0.000010 0.000006 -0.000007 0.738358 0.553882 0.057998 -0.380365
1545308252.746387 -0.000010 0.000005 -0.000007 0.747460 0.550258 0.038690 -0.370165
1545308252.806061 -0.000010 0.000005 -0.000007 0.757356 0.545230 0.017414 -0.358934
1545308252.865739 -0.000011 0.000005 -0.000007 0.766635 0.539203 -0.005054 -0.348577
1545308252.925420 -0.000011 0.000005 -0.000007 0.777810 0.529299 -0.033608 -0.337231
1545308252.985102 0.001888 -0.000549 0.001426 0.543510 0.719952 -0.239071 -0.359320
1545308253.044797 -0.000527 -0.000594 0.001618 0.223213 0.818205 -0.395633 -0.352407
1545308253.104497 -0.000240 0.000171 -0.000036 0.762073 0.482953 -0.134495 -0.409770
1545308253.164201 -0.000189 0.000049 -0.000111 0.749267 0.502896 -0.155549 -0.401869
1545308253.223904 -0.000071 -0.000019 -0.000057 0.744707 0.504387 -0.179157 -0.398633
1545308253.283604 -0.000076 -0.000071 -0.000065 0.772796 0.500207 -0.313329 -0.233245
1545308253.343302 -0.000053 -0.000036 -0.000042 0.744190 0.496570 -0.199779 -0.399610
1545308253.402994 -0.000072 -0.000030 -0.000033 0.741847 0.495651 -0.203621 -0.403152
1545308253.462688 -0.000150 -0.000021 0.000066 0.746298 0.486564 -0.209798 -0.402841
1545308253.522381 -0.000017 -0.000008 -0.000029 0.755721 0.485005 -0.230637 -0.374782
1545308253.582064 -1.764217 0.984910 1.618320 0.099247 0.866672 -0.271342 -0.406698
1545308253.641782 0.932970 3.839704 -2.401547 -0.327448 -0.100179 0.864306 -0.368398
1545308253.701611 3.508383 8.452948 -4.846282 -0.297986 -0.123082 0.894494 -0.309735
1545308253.761707 3.985051 9.654427 -5.935843 -0.268234 -0.098673 0.892459 -0.349044
1545308253.822296 4.483623 10.910750 -7.176309 -0.239494 -0.075174 0.888140 -0.384966
1545308253.883551 5.003351 12.218097 -8.581069 -0.214638 -0.049039 0.880226 -0.420390
1545308253.945865 5.547058 13.575542 -10.169484 -0.192574 -0.017989 0.870232 -0.453088
1545308254.009613 6.118639 14.978754 -11.961448 -0.175342 0.019262 0.857671 -0.482995
1545308254.074750 6.721239 16.412930 -13.963739 -0.162564 0.061259 0.845345 -0.505186
1545308254.141269 7.360450 17.863450 -16.182903 -0.152050 0.102979 0.831139 -0.524866
1545308254.209078 8.041600 19.314629 -18.620625 -0.138507 0.138428 0.812895 -0.548503
1545308254.278050 8.769933 20.753860 -21.275444 -0.112896 0.166647 0.794378 -0.573103
1545308254.348075 9.546039 22.169362 -24.148745 -0.076075 0.191050 0.773393 -0.599646
1545308254.419095 10.367494 23.548516 -27.244850 -0.034703 0.221257 0.747177 -0.625754
1545308254.491138 11.236559 24.877280 -30.567651 0.008507 0.254643 0.716651 -0.649227
1545308254.564244 12.155062 26.140015 -34.118703 0.053909 0.292095 0.683914 -0.666360
1545308254.638433 13.123926 27.317914 -37.897414 -0.096419 -0.337186 -0.645276 0.678696
1545308254.713688 14.149233 28.390148 -41.895194 -0.134260 -0.389881 -0.601550 0.684182
1545308254.866957 16.414235 30.134302 -50.463572 -0.190868 -0.519428 -0.491706 0.672302
1545308254.944470 17.680569 30.771047 -54.960049 -0.210894 -0.585013 -0.422407 0.659436
1545308255.022095 19.049780 31.243843 -59.537391 -0.219673 -0.642374 -0.347702 0.646686
1545308255.099508 20.539540 31.565774 -64.135163 0.222173 0.688872 0.269966 -0.634990
1545308255.176477 22.132275 31.749848 -68.784423 0.217677 0.723731 0.196564 -0.624654
1545308255.252862 23.858142 31.827322 -73.408246 0.209223 0.749314 0.126177 -0.615495
1545308255.328651 25.719128 31.823781 -77.984069 0.205943 0.764626 0.066445 -0.607058
1545308255.403919 27.715897 31.763176 -82.511081 0.214917 0.774510 0.012753 -0.594796
1545308255.478818 29.850322 31.662486 -87.002289 0.233958 0.781655 -0.033075 -0.577222
1545308255.553493 32.147303 31.549642 -91.397469 0.257377 0.788101 -0.078813 -0.553572
1545308255.702899 37.162518 31.274321 -100.101745 0.299072 0.796301 -0.176433 -0.495310
1545308255.777957 39.887437 31.135968 -104.420893 0.320630 0.797849 -0.230469 -0.455541
1545308255.853422 42.748782 31.002917 -108.771831 0.337475 0.798949 -0.283870 -0.408912
1545308255.929358 45.775831 30.924414 -113.048909 0.348880 0.796771 -0.339534 -0.357987
1545308256.005758 48.937603 30.893080 -117.353960 0.348359 0.791744 -0.395673 -0.308594
1545308256.082527 52.254340 30.964094 -121.572448 0.339546 0.781167 -0.455625 -0.258637
1545308256.159466 55.680866 31.130402 -125.804281 0.320999 0.766081 -0.514653 -0.212629
1545308256.236310 59.215767 31.448713 -129.957819 0.294427 0.742143 -0.577440 -0.170586
1545308256.312814 62.816069 31.920693 -134.084978 0.266084 0.706421 -0.640988 -0.138937
1545308256.388797 66.444994 32.544554 -138.244090 -0.247923 -0.655507 0.704553 0.111581
1545308256.538594 73.755427 34.310560 -146.558716 -0.243232 -0.534183 0.808247 0.047145
1545308256.612290 77.399372 35.400442 -150.836356 -0.245791 -0.485685 0.838823 0.008549
1545308256.685246 81.037458 36.615989 -155.192283 -0.252400 -0.447426 0.857162 -0.037129
1545308256.757636 84.684474 37.960175 -159.611556 -0.251826 -0.418044 0.868482 -0.086964
1545308256.829684 88.333787 39.406890 -164.177695 -0.243860 -0.390748 0.877010 -0.136754
1545308256.901612 91.996803 40.967674 -168.881297 -0.226126 -0.368504 0.882780 -0.183770
1545308256.973606 95.677965 42.661111 -173.713701 -0.203439 -0.346887 0.886145 -0.230280
1545308257.045876 99.368570 44.476743 -178.727488 -0.188617 -0.317002 0.887926 -0.274810
1545308264.354542 99.396796 44.490185 -178.806570 0.027899 -0.324838 0.936170 -0.131486
1545308264.479308 105.631002 47.838020 -187.819125 0.113281 -0.156432 0.966871 -0.166901
1545308264.604066 111.616167 51.333442 -197.334283 0.194375 0.017952 0.961007 -0.195860
1545308264.728829 117.311374 54.815927 -207.350305 0.267934 0.191962 0.918801 -0.217176
1545308264.791225 120.044194 56.503913 -212.530456 0.301301 0.276538 0.884415 -0.224846
1545308264.916050 125.280303 59.690425 -223.173131 0.358879 0.436993 0.790915 -0.233871
1545308265.040886 130.227811 62.544796 -234.077037 0.403101 0.580791 0.667362 -0.234136
1545308265.165740 134.928331 65.022283 -245.089100 0.431906 0.702595 0.518624 -0.225492
1545308265.290624 139.440024 67.140193 -256.056396 0.444169 0.798014 0.350037 -0.208237
1545308265.415519 143.827066 68.975021 -266.845608 0.439940 0.862911 0.168317 -0.183049
1545308265.477970 145.993815 69.823686 -272.143661 0.431271 0.883343 0.074799 -0.167677
1545308265.540427 148.152148 70.651373 -277.368201 0.418520 0.895351 -0.019668 -0.151000
1545308265.602897 150.308396 71.477848 -282.517670 0.401825 0.898862 -0.114061 -0.132565
1545308265.665374 152.463763 72.324034 -287.590805 0.384356 0.892046 -0.205246 -0.119993
1545308265.790351 156.804259 74.145972 -297.541940 0.333815 0.855981 -0.385771 -0.083935
1545308265.915436 161.187789 76.265508 -307.311801 0.274040 0.787712 -0.550000 -0.043716
1545308266.040742 165.602461 78.790026 -317.031653 -0.209049 -0.690987 0.691957 0.005557
1545308266.103565 167.815511 80.227780 -321.922998 -0.175611 -0.634621 0.752412 -0.017113
1545308266.166620 170.029715 81.791297 -326.870010 -0.139196 -0.574832 0.805172 -0.043479
1545308266.293892 174.443233 85.309671 -337.047441 -0.060338 -0.449399 0.886519 -0.092109
1545308266.423780 178.809599 89.354027 -347.816208 0.034538 -0.308368 0.940631 -0.137583
1545308266.490103 180.958228 91.560762 -353.501419 0.089197 -0.234614 0.955283 -0.156313
1545308266.557419 183.066412 93.870292 -359.413340 0.142837 -0.159638 0.961619 -0.171470
1545308266.625678 185.121304 96.258401 -365.556258 0.202090 -0.089710 0.957438 -0.185537
1545308266.694781 187.104304 98.701246 -371.924700 0.263806 -0.020569 0.943308 -0.200382
1545308266.764641 188.997487 101.175586 -378.508209 0.320544 0.056711 0.919922 -0.218584
1545308266.835196 190.788953 103.652843 -385.292198 0.368490 0.138964 0.887773 -0.238249
1545308266.978001 194.049431 108.496313 -399.368232 0.449222 0.287005 0.800548 -0.273771
1545308267.050010 195.511111 110.812949 -406.603390 0.474556 0.365135 0.745756 -0.292096
1545308267.194459 198.121647 115.122290 -421.288952 0.486567 0.527553 0.621699 -0.313736
1545308267.266541 199.299006 117.084110 -428.659596 0.474914 0.611200 0.548626 -0.316070
1545308267.338332 200.418697 118.912038 -435.996979 0.454374 0.687663 0.472105 -0.312700
1545308267.480626 202.559073 122.196016 -450.451269 0.397589 0.817839 0.303105 -0.284938
1545308267.620745 204.649891 125.083562 -464.455574 0.318647 0.912692 0.113001 -0.229538
1545308267.757896 206.733299 127.737076 -477.841072 0.186586 0.965579 -0.083687 -0.160748
1545308267.891517 208.798862 130.340947 -490.534272 0.003581 0.953252 -0.284461 -0.101883
1545308268.021972 210.798297 133.082747 -502.643577 -0.189333 0.865582 -0.462354 -0.033891
1545308268.085777 211.737096 134.534931 -508.485973 -0.277730 0.795267 -0.538888 -0.003888
1545308268.209410 213.415880 137.595998 -519.711656 0.435136 -0.622069 0.647557 -0.066006
1545308268.328509 214.743704 140.834523 -530.470357 0.551536 -0.449549 0.681489 -0.171132
1545308268.444567 215.658232 144.158919 -540.945893 0.625746 -0.278346 0.660200 -0.308387
1545308268.558350 216.142203 147.414617 -551.232033 0.644200 -0.097404 0.613681 -0.445999
1545308268.614605 216.238970 148.965990 -556.335521 0.637819 -0.016233 0.579078 -0.507535
1545308268.670719 216.256775 150.450105 -561.443386 0.625160 0.056808 0.538444 -0.562162
1545308268.726837 216.211058 151.856804 -566.571762 -0.605959 -0.123474 -0.496310 0.609299
1545308268.839146 215.997020 154.407869 -576.908356 -0.557215 -0.242701 -0.393547 0.689731
1545308268.951276 215.743258 156.583994 -587.337117 -0.505932 -0.348962 -0.255197 0.746414
1545308269.120207 215.594010 159.194097 -603.239764 -0.383907 -0.491032 -0.053181 0.780176
1545308269.291298 216.079146 161.250037 -619.552903 -0.228892 -0.603611 0.162147 0.746304
1545308269.348847 216.430993 161.887105 -625.077182 -0.166013 -0.626897 0.220519 0.728568
1545308269.578490 218.787582 164.619249 -647.286114 -0.086780 0.671514 -0.440102 -0.589787
1545308269.913216 223.817777 170.542182 -679.952920 0.399988 -0.571082 0.675375 0.240299
1545308269.968766 224.646990 171.819386 -685.394302 0.446766 -0.530825 0.696216 0.184142
1545308270.253914 228.025286 179.390259 -713.453033 0.632972 -0.266297 0.716138 -0.124815
1545308270.314591 228.477768 181.125615 -719.451919 0.655480 -0.190937 0.706194 -0.187562
1545308270.905962 228.143232 195.513862 -778.137224 0.508149 0.633475 0.257012 -0.523869
1545308270.961565 227.964734 196.414857 -783.603501 0.456316 0.699392 0.197055 -0.513610
1545308271.509331 228.585778 203.692035 -835.303763 -0.085466 0.877656 -0.414612 -0.224749
1545308271.565716 228.845928 204.571178 -840.379452 -0.128486 0.852125 -0.471625 -0.186935
1545308272.160496 229.435306 217.495099 -893.599734 0.544469 -0.244418 0.715570 -0.363007
1545308272.223854 228.993283 219.057400 -899.383513 0.564377 -0.147468 0.697467 -0.416259
1545308272.922268 220.280496 230.725392 -964.419762 0.110350 0.894978 -0.034205 -0.430892
1545308272.999620 219.548951 231.500538 -971.434282 -0.005041 0.918779 -0.123190 -0.375026
1545308273.397080 216.743747 236.345981 -1005.659388 -0.361992 0.774983 -0.510729 0.086706
1545308273.478140 216.035858 237.633810 -1012.293729 -0.408454 0.697752 -0.561914 0.174815
1545308274.323806 199.823690 249.832750 -1085.086933 -0.112275 -0.390278 -0.346924 0.845412
1545308274.410176 197.987589 250.295965 -1093.490748 -0.036884 -0.500410 -0.305748 0.809165
1545308275.270471 188.755172 250.506661 -1178.027338 -0.662281 0.700541 -0.180060 0.195459
1545308275.350925 188.164872 250.329453 -1185.366638 0.673350 -0.637136 0.207238 -0.312584
1545308276.093752 178.092664 242.660391 -1253.637696 -0.120128 -0.387611 -0.351650 0.843605
1545308276.161345 177.103071 241.292201 -1260.394406 -0.060662 -0.493454 -0.308619 0.810911
1545308276.792173 173.044167 226.224191 -1324.236627 -0.579341 0.803320 -0.136005 0.023331
1545308276.851149 172.954829 224.756774 -1329.907151 -0.598751 0.772308 -0.167704 0.130051
1545308277.424190 169.126174 207.922371 -1383.434296 -0.335209 0.184324 -0.144353 0.912591
1545308277.481742 168.459044 205.815533 -1389.042286 -0.273428 0.120170 -0.120101 0.946769
1545308277.716303 165.762720 196.571436 -1413.085581 0.000753 -0.121945 -0.092851 0.988184
1545308277.775750 165.160123 194.134627 -1419.497438 0.071219 -0.180270 -0.082408 0.977568
1545308277.834884 164.618807 191.702393 -1425.995475 0.140293 -0.237656 -0.068846 0.958696
1545308277.950545 163.765533 186.968483 -1439.016877 0.268239 -0.351588 -0.036661 0.896153
1545308278.007291 163.464182 184.677439 -1445.534967 0.331589 -0.399942 -0.028086 0.853994
1545308278.063571 163.247497 182.436834 -1452.065140 0.392456 -0.444649 -0.020337 0.804892
1545308278.175277 163.061026 178.104566 -1465.156696 0.505474 -0.523752 -0.004528 0.685682
1545308278.286539 163.188664 173.957488 -1478.265744 0.613600 -0.585078 0.018057 0.529955
1545308278.399786 163.589378 169.899444 -1491.548739 0.699039 -0.628002 0.038449 0.339824
1545308278.456472 163.864950 167.912941 -1498.138542 0.732730 -0.634337 0.046299 0.242032
1545308278.572361 164.522380 163.891896 -1511.441493 0.783443 -0.616697 0.059054 0.049130
1545308278.630394 164.880017 161.879041 -1518.004092 0.798119 -0.597322 0.060261 -0.050802
1545308278.689185 165.250488 159.823497 -1524.577920 0.803104 -0.570931 0.057991 -0.160309
1545308278.806752 165.974664 155.589986 -1537.505651 0.793306 -0.479712 0.069718 -0.368350
1545308278.864731 166.302279 153.409987 -1543.796732 0.779895 -0.416316 0.084508 -0.459678
1545308278.922128 166.597691 151.176521 -1549.989451 0.758601 -0.346657 0.102360 -0.542103
1545308278.979100 166.860795 148.876705 -1556.118768 0.729081 -0.273886 0.123067 -0.615046
1545308279.035586 167.092772 146.507820 -1562.194643 0.691528 -0.200419 0.150777 -0.677412
1545308279.091458 167.295221 144.074670 -1568.215844 -0.646700 0.127832 -0.182634 0.729440
1545308279.146784 167.472287 141.573965 -1574.202832 -0.594195 0.059237 -0.209212 0.774373
1545308279.201773 167.629312 138.997665 -1580.190263 -0.540759 -0.005098 -0.223515 0.810922
1545308279.256662 167.773907 136.335188 -1586.213669 -0.486546 -0.067481 -0.223695 0.841832
1545308279.311661 167.915972 133.575276 -1592.304965 -0.429767 -0.129765 -0.217087 0.866796
1545308279.366906 168.067864 130.713819 -1598.486838 -0.369446 -0.192494 -0.206731 0.885279
1545308279.422472 168.243400 127.750927 -1604.775290 -0.307128 -0.255462 -0.195946 0.895554
1545308279.478379 168.456351 124.690257 -1611.176594 -0.242654 -0.319660 -0.180493 0.897975
1545308279.534625 168.720328 121.540452 -1617.693218 -0.183941 -0.391255 -0.152236 0.888769
1545308279.591189 169.051089 118.309684 -1624.319094 -0.130574 -0.467855 -0.111701 0.866940
1545308279.648212 169.464836 115.000125 -1631.063390 -0.077479 -0.544841 -0.063861 0.832506
1545308279.705829 169.975772 111.616306 -1637.928643 -0.027424 -0.619919 -0.009398 0.784130
1545308279.764057 170.594068 108.170382 -1644.901239 0.028745 -0.686111 0.044696 0.725554
1545308279.822981 171.325639 104.672773 -1651.973595 -0.083875 0.746717 -0.099720 -0.652254
1545308279.882588 172.172276 101.139809 -1659.125750 -0.135035 0.799480 -0.154184 -0.564646
1545308279.942957 173.130151 97.579849 -1666.341109 -0.196200 0.829560 -0.202595 -0.481966
1545308280.067030 175.338240 90.379919 -1681.030617 -0.340960 0.830431 -0.279073 -0.340953
1545308280.130761 176.542840 86.761841 -1688.497060 -0.419013 0.805165 -0.311068 -0.281735
1545308280.195701 177.782455 83.133883 -1696.055038 -0.501304 0.763426 -0.339160 -0.225490
1545308280.261935 179.037406 79.490088 -1703.715444 -0.580535 0.708059 -0.364580 -0.169447
1545308280.329509 180.289324 75.822510 -1711.484300 0.652309 -0.644577 0.384430 0.105959
1545308280.398481 181.524602 72.123947 -1719.363635 0.712631 -0.578539 0.395778 0.028453
1545308280.468942 182.729963 68.384388 -1727.352312 0.759170 -0.519629 0.383064 -0.083114
1545308280.540941 183.888884 64.588738 -1735.428306 0.788958 -0.441099 0.366758 -0.220148
1545308280.614505 184.974604 60.698405 -1743.575531 0.794526 -0.340558 0.349197 -0.361677
1545308280.689665 185.966398 56.658916 -1751.806191 0.785526 -0.230125 0.320452 -0.476763
1545308280.766333 186.872526 52.418810 -1760.140520 0.765208 -0.116443 0.312483 -0.550683
1545308280.844351 187.716182 47.958240 -1768.600235 0.725866 0.000756 0.325958 -0.605698
1545308280.923626 188.519653 43.267465 -1777.208662 0.678275 0.111937 0.319211 -0.652317
1545308281.004105 189.305382 38.329953 -1785.976835 -0.627526 -0.212311 -0.270777 0.698437
1545308281.085670 190.103825 33.128606 -1794.896980 -0.563201 -0.310485 -0.191790 0.741364
1545308281.168098 190.964964 27.663864 -1803.952238 -0.483570 -0.397638 -0.107991 0.772258
1545308281.251091 191.939317 21.972967 -1813.122656 -0.393419 -0.481169 -0.025861 0.782962
1545308281.334411 193.077304 16.106016 -1822.382796 -0.289941 -0.557586 0.051784 0.776112
1545308281.417862 194.412231 10.131770 -1831.710717 -0.195449 -0.629212 0.138508 0.739397
1545308281.501426 195.956207 4.116051 -1841.088650 0.107442 0.690651 -0.232833 -0.676200
1545308281.585260 197.713576 -1.892654 -1850.509598 0.014973 0.731712 -0.326039 -0.598391
1545308281.669367 199.671894 -7.835766 -1859.950321 -0.070987 0.753430 -0.425113 -0.496571
1545308281.753525 201.783668 -13.639675 -1869.367608 -0.161145 0.742732 -0.508979 -0.404131
1545308281.837629 203.986633 -19.255046 -1878.747822 -0.249454 0.704501 -0.572450 -0.337271
1545308281.921727 206.224502 -24.669716 -1888.111819 -0.329583 0.654551 -0.621818 -0.276190
1545308282.005740 208.443518 -29.880134 -1897.464411 0.407073 -0.586608 0.662962 0.225088
1545308282.089730 210.597956 -34.903207 -1906.829240 0.479357 -0.517991 0.691173 0.155507
1545308282.174322 212.661220 -39.786990 -1916.280492 0.549935 -0.446735 0.703142 0.059919
1545308282.260388 214.601351 -44.591155 -1925.904449 0.610962 -0.351349 0.709004 -0.024341
1545308282.347936 216.364914 -49.346157 -1935.703621 0.658956 -0.231104 0.711110 -0.081799
1545308282.435643 217.895019 -54.028342 -1945.542497 0.698111 -0.084661 0.700039 -0.124175
1545308282.523309 219.184900 -58.693462 -1955.402290 0.716477 0.076041 0.675998 -0.154611
1545308282.610604 220.237215 -63.382473 -1965.240598 0.714922 0.226074 0.636058 -0.182226
1545308282.697466 221.063848 -68.136946 -1975.038245 0.713132 0.351164 0.567545 -0.214524
1545308282.783901 221.696660 -72.993330 -1984.767805 0.715345 0.451768 0.472373 -0.247082
1545308282.869002 222.181578 -77.915150 -1994.291031 0.693599 0.547013 0.379025 -0.275748
1545308282.952300 222.572191 -82.873889 -2003.533271 0.656486 0.635457 0.277393 -0.297109
1545308283.034073 222.919557 -87.873702 -2012.510388 0.606945 0.716730 0.158729 -0.304502
1545308283.114589 223.269045 -92.900387 -2021.234467 0.525302 0.788177 0.044908 -0.317519
1545308283.193840 223.660621 -97.916836 -2029.704104 0.425598 0.840704 -0.059040 -0.329541
1545308283.271474 224.118026 -102.865418 -2037.890156 0.321707 0.872750 -0.160594 -0.330185
1545308283.347431 224.654289 -107.705666 -2045.793451 0.211623 0.884344 -0.260437 -0.324536
1545308283.421811 225.272971 -112.406988 -2053.435059 0.093892 0.873467 -0.355113 -0.319585
1545308283.494599 225.969468 -116.933672 -2060.830996 -0.029293 0.841443 -0.437540 -0.315714
1545308283.565761 226.729792 -121.256775 -2068.000681 -0.151290 0.789770 -0.510313 -0.304887
1545308283.635211 227.530480 -125.350341 -2074.953527 -0.268689 0.717613 -0.578017 -0.280596
1545308283.703010 228.340316 -129.208049 -2081.715295 -0.369391 0.634107 -0.631948 -0.249199
1545308283.769434 229.130577 -132.846398 -2088.330004 0.455431 -0.549568 0.667898 0.210877
1545308283.834683 229.871023 -136.286116 -2094.821463 0.520008 -0.479676 0.688274 0.160565
1545308283.961968 231.129433 -142.648080 -2107.473995 0.610485 -0.380002 0.694878 0.007182
1545308284.024003 231.616801 -145.603685 -2113.625200 0.628120 -0.344577 0.694199 -0.069422
1545308284.084981 232.002420 -148.454942 -2119.678847 0.652357 -0.296200 0.681223 -0.150437
1545308284.144999 232.251016 -151.231404 -2125.595389 0.600084 -0.321533 0.689246 -0.247903
1545308284.204218 232.420884 -154.042638 -2131.467526 0.296272 -0.468992 0.720143 -0.416730
1545308284.262781 232.721641 -157.345967 -2137.410777 0.329069 -0.409890 0.759742 -0.382748
1545308284.320842 232.806210 -159.907964 -2143.256224 0.346916 -0.346165 0.754379 -0.436728
1545308284.435195 232.673479 -164.921567 -2154.965721 0.382241 -0.218423 0.726916 -0.527045
1545308284.548343 232.169623 -169.955231 -2166.830695 0.403688 -0.109527 0.679925 -0.602281
1545308284.661488 231.360832 -175.160892 -2179.004422 -0.451119 0.000334 -0.584000 0.674860
1545308284.774943 230.318057 -180.665220 -2191.484877 -0.487650 -0.115253 -0.462684 0.731326
1545308284.832136 229.746020 -183.569299 -2197.866507 -0.502312 -0.171007 -0.392418 0.751297
1545308284.889617 229.164253 -186.579359 -2204.332776 -0.512913 -0.224956 -0.318480 0.764779
1545308285.014632 227.957609 -193.428644 -2218.549949 -0.521822 -0.333547 -0.138331 0.772860
1545308285.131472 227.015318 -200.157677 -2231.987819 -0.510927 -0.420405 0.047195 0.748322
1545308285.189486 226.653331 -203.592770 -2238.700804 -0.493070 -0.456293 0.125146 0.730080
1545308285.247262 226.376132 -207.062288 -2245.407974 -0.469636 -0.487924 0.199633 0.708180
1545308285.304997 226.190991 -210.562868 -2252.130006 -0.442171 -0.515609 0.268919 0.682872
1545308285.362686 226.103992 -214.081181 -2258.865082 -0.408569 -0.538118 0.327136 0.660668
1545308285.420353 226.117958 -217.602951 -2265.616814 -0.373596 -0.557591 0.383710 0.634260
1545308285.478174 226.233342 -221.126634 -2272.408003 -0.339806 -0.575431 0.444468 0.596540
1545308285.536205 226.448949 -224.638842 -2279.246878 0.305242 0.589836 -0.506769 -0.549642
1545308285.594708 226.758160 -228.135908 -2286.167276 0.266740 0.599630 -0.561084 -0.504459
1545308285.653707 227.152167 -231.605618 -2293.179509 0.221012 0.604270 -0.603620 -0.470802
1545308285.713556 227.625196 -235.059791 -2300.331306 -0.159157 -0.606899 0.635273 0.450302
1545308285.773610 228.171256 -238.445882 -2307.546589 -0.086970 -0.604886 0.656933 0.441575
1545308285.834195 228.792301 -241.768426 -2314.864489 -0.007308 -0.593611 0.672201 0.442401
1545308285.895402 229.485407 -245.021566 -2322.304068 0.075607 -0.574578 0.681271 0.447228
1545308285.956542 230.235627 -248.157662 -2329.784485 0.160117 -0.551456 0.684687 0.448846
1545308286.016297 231.014014 -251.107973 -2337.148070 0.242508 -0.528335 0.682942 0.442315
1545308286.074779 231.806840 -253.879155 -2344.401802 0.320061 -0.504517 0.676916 0.429893
1545308286.132563 232.609010 -256.501835 -2351.614157 0.393425 -0.478932 0.667578 0.412529
1545308286.189434 233.402058 -258.970342 -2358.749768 0.462580 -0.452314 0.654583 0.391091
1545308286.245273 234.173473 -261.286809 -2365.788489 0.527244 -0.423478 0.640428 0.364050
1545308286.300700 234.920424 -263.483366 -2372.799458 0.587792 -0.392359 0.623877 0.333666
1545308286.356090 235.637721 -265.579403 -2379.822440 0.643832 -0.355492 0.603619 0.307815
1545308286.411703 236.320017 -267.593040 -2386.883662 0.693348 -0.313887 0.581540 0.287323
1545308286.467692 236.962902 -269.541548 -2393.995618 0.737137 -0.264507 0.560950 0.268328
1545308286.524124 237.561335 -271.436259 -2401.163460 0.778065 -0.207458 0.537133 0.251126
1545308286.581104 238.112277 -273.293081 -2408.395142 0.815226 -0.147486 0.508574 0.234533
1545308286.638796 238.617335 -275.124558 -2415.707229 0.851682 -0.085397 0.472366 0.210275
1545308286.697356 239.076289 -276.944099 -2423.112520 0.888195 -0.029126 0.423318 0.176246
1545308286.756928 239.490588 -278.763300 -2430.618155 0.925255 0.017651 0.354017 0.135141
1545308286.817602 239.867507 -280.586905 -2438.223326 0.959022 0.047655 0.267993 0.078652
1545308286.879429 240.213438 -282.417599 -2445.915301 0.985333 0.046446 0.162444 0.023940
1545308286.942476 240.545094 -284.256057 -2453.682268 0.998337 0.027751 0.046440 -0.019914
1545308287.006801 240.888708 -286.095687 -2461.504601 0.993756 0.016142 -0.067126 -0.087653
1545308287.072419 241.279830 -287.952551 -2469.375723 0.971501 0.018816 -0.166156 -0.167999
1545308287.139339 241.751731 -289.852294 -2477.302053 0.937506 0.019398 -0.255940 -0.234948
1545308287.207583 242.334358 -291.814929 -2485.300829 0.891864 0.018409 -0.346835 -0.289733
1545308287.277388 243.064815 -293.879620 -2493.438602 0.800603 -0.129040 -0.473406 -0.343903
1545308287.348898 243.942115 -296.076587 -2501.783392 0.610136 -0.261866 -0.604522 -0.440129
1545308287.422094 244.934251 -298.440260 -2510.431742 -0.397847 0.354816 0.689957 0.489676
1545308287.496793 245.975994 -300.964867 -2519.416558 -0.288303 0.377310 0.715713 0.512126
1545308287.572723 247.040110 -303.636860 -2528.720036 -0.203697 0.384669 0.714767 0.547399
1545308287.649692 248.102599 -306.439990 -2538.334274 -0.104133 0.386055 0.707026 0.583295
1545308287.727545 249.132336 -309.355999 -2548.256296 -0.014421 0.367948 0.692983 0.619824
1545308287.806140 250.113475 -312.364806 -2558.491738 0.054621 0.345425 0.646253 0.678274
1545308287.885313 251.030423 -315.438507 -2569.026510 0.117546 0.344609 0.532530 0.764094
1545308287.964780 251.863388 -318.530285 -2579.805557 0.159195 0.392820 0.342101 0.838640
1545308288.043991 252.590201 -321.588439 -2590.721557 0.176219 0.416653 0.148062 0.879446
1545308288.122423 253.211143 -324.576735 -2601.702596 0.208651 0.334966 0.048998 0.917530
1545308288.200375 253.753020 -327.499462 -2612.834018 0.249617 0.241152 -0.014627 0.937722
1545308288.278346 254.246647 -330.364748 -2624.209578 0.294971 0.094037 -0.014298 0.950760
1545308288.356645 254.749232 -333.172087 -2635.887587 0.331729 -0.085395 0.019747 0.939294
