1545305711.194484 0.001051 -0.000012 0.005068 -0.126873 0.984043 -0.081134 -0.094758
1545305711.321834 0.000736 -0.000088 0.005112 -0.152588 0.983365 -0.076244 -0.062417
1545305711.449188 0.000492 -0.000162 0.005133 -0.176801 0.980925 -0.071924 -0.036813
1545305711.703931 0.000130 -0.000251 0.005141 -0.189230 0.979525 -0.068716 -0.000306
1545305711.831312 0.001474 0.000712 0.004896 -0.140867 0.969301 -0.142079 -0.142921
1545305711.894995 0.000120 -0.000218 0.005145 -0.190953 0.979036 -0.070891 0.000400
1545305712.022373 0.000169 -0.000183 0.005150 -0.193999 0.978311 -0.072464 -0.004532
1545305712.149765 0.000214 -0.000131 0.005154 -0.196335 0.977575 -0.075551 -0.009539
1545305712.277166 0.000173 -0.000091 0.005156 -0.195651 0.977447 -0.079220 -0.006427
1545305712.404557 0.000044 0.000041 0.005152 -0.198681 0.975637 -0.093001 0.003167
1545305712.531955 -0.001304 0.001107 0.004728 -0.071855 0.968964 -0.202509 0.122210
1545305712.595658 -0.000260 -0.000001 0.005140 -0.193885 0.976052 -0.093336 0.031934
1545305712.659360 -0.000400 -0.000030 0.005129 -0.190844 0.976201 -0.092450 0.045429
1545305712.723063 -0.000533 -0.000060 0.005115 -0.186780 0.976410 -0.091324 0.058286
1545305712.786771 -0.000652 -0.000081 0.005100 -0.182543 0.976542 -0.090517 0.069647
1545305712.850479 -0.000730 -0.000077 0.005089 -0.181291 0.976144 -0.091607 0.076710
1545305712.977887 -0.000805 0.000007 0.005077 -0.181908 0.974749 -0.100053 0.082242
1545305713.041592 -0.000918 0.000034 0.005056 -0.175760 0.974643 -0.103302 0.092239
1545305713.105299 -0.001064 0.000058 0.005023 -0.167451 0.974427 -0.106468 0.105438
1545305713.169008 -0.001154 0.000118 0.005000 -0.163038 0.973652 -0.112509 0.112973
1545305713.232723 -0.001949 -0.000121 0.004720 -0.140357 0.965298 -0.097593 0.197423
1545305713.296448 -0.001201 0.000264 0.004983 -0.163912 0.971592 -0.126213 0.114945
1545305713.360170 -0.001228 0.000346 0.004973 -0.165270 0.970181 -0.134041 0.116054
1545305713.423892 -0.001257 0.000411 0.004962 -0.165485 0.969085 -0.140134 0.117690
1545305713.487614 -0.001292 0.000494 0.004946 -0.164939 0.967798 -0.147889 0.119546
1545305713.551335 -0.001316 0.000582 0.004932 -0.164687 0.966463 -0.155991 0.120390
1545305713.678774 -0.001337 0.000673 0.004918 -0.163873 0.965223 -0.163974 0.120840
1545305713.742499 -0.001352 0.000726 0.004910 -0.163221 0.964496 -0.168486 0.121318
1545305713.806237 -0.001376 0.000765 0.004900 -0.161830 0.963929 -0.171818 0.123008
1545305713.869975 -0.001396 0.000805 0.004891 -0.160702 0.963347 -0.175178 0.124298
1545305713.933713 -0.001585 0.000093 0.004910 -0.022021 0.984648 -0.082599 0.152185
1545305713.997447 -0.001417 0.000852 0.004880 -0.160220 0.962520 -0.179257 0.125502
1545305714.061175 -0.001414 0.000880 0.004880 -0.160138 0.962256 -0.181259 0.124760
1545305714.124907 -0.001423 0.000880 0.004882 -0.160736 0.962154 -0.180805 0.125437
1545305714.188645 -0.001433 0.000886 0.004882 -0.161372 0.961919 -0.180963 0.126187
1545305714.252386 -0.001468 0.000885 0.004875 -0.160810 0.961603 -0.180687 0.129658
1545305714.316130 -0.001383 0.001608 0.004704 -0.152963 0.950263 -0.247698 0.110672
1545305714.379882 -0.001577 0.000897 0.004841 -0.155929 0.960663 -0.182106 0.140178
1545305714.443647 -0.001644 0.000928 0.004814 -0.154703 0.959314 -0.185402 0.146318
1545305714.507437 -0.001687 0.000967 0.004794 -0.157572 0.957465 -0.189833 0.149653
1545305714.571252 -0.001722 0.000960 0.004785 -0.165115 0.955586 -0.190515 0.152633
1545305714.635103 -0.001735 0.000956 0.004785 -0.177251 0.953059 -0.191927 0.153055
1545305714.762928 -0.001702 0.001007 0.004793 -0.203804 0.947082 -0.199807 0.146887
1545305714.826901 -0.001684 0.001060 0.004793 -0.223130 0.941849 -0.207041 0.142367
1545305714.890908 -0.001682 0.001102 0.004788 -0.243187 0.935835 -0.213691 0.139317
1545305714.954940 -0.001694 0.001132 0.004779 -0.262884 0.929381 -0.219423 0.137826
1545305715.018992 -0.001982 0.002046 0.004323 -0.196254 0.918035 -0.307263 0.155837
1545305715.083063 -0.001713 0.001207 0.004759 -0.295796 0.917078 -0.231319 0.134034
1545305715.147138 -0.001710 0.001290 0.004742 -0.321094 0.906548 -0.242171 0.128150
1545305715.211221 -0.001723 0.001362 0.004720 -0.347356 0.894607 -0.252555 0.123443
1545305715.275304 -0.011356 0.079425 0.088368 -0.426271 0.826915 -0.307066 0.200538
1545305715.467554 -0.077266 0.143141 0.077488 -0.461359 0.787658 -0.355966 0.200079
1545305715.595767 -0.061426 0.076501 0.057726 -0.456398 0.780565 -0.387057 0.180572
1545305715.724029 0.002851 0.010077 0.008125 -0.487868 0.784334 -0.343545 0.169651
1545305715.788194 0.004275 0.004656 0.007941 -0.502156 0.741231 -0.390658 0.214014
1545305715.916579 0.004246 0.004504 0.007731 -0.531245 0.721514 -0.383073 0.224614
1545305716.045023 0.003623 0.005825 0.008114 -0.552648 0.711119 -0.372290 0.224255
1545305716.301982 0.003688 0.005382 0.008316 -0.582827 0.700162 -0.350798 0.216855
1545305716.430460 0.001875 0.006127 0.008735 -0.518830 0.788775 -0.195684 0.265248
1545305716.494714 0.004295 0.005054 0.008858 -0.594416 0.689983 -0.346775 0.224367
1545305716.623321 0.001579 0.002449 0.008381 -0.578250 0.692328 -0.352757 0.248740
1545305716.752564 -0.466701 0.709134 -0.040529 0.872668 -0.330455 0.230947 -0.275523
1545305716.883713 -0.589570 0.839859 -0.000028 0.897303 -0.273291 0.239456 -0.250638
1545305717.018395 -0.757365 1.116930 0.010037 0.927025 -0.216158 0.213997 -0.219332
1545305717.157135 -1.029404 1.419196 0.047229 0.954338 -0.162363 0.175360 -0.179240
1545305717.227995 -1.195760 1.577617 0.055567 0.964988 -0.132824 0.158621 -0.161233
1545305717.372510 -1.581609 1.911854 0.048957 0.981634 -0.063352 0.126299 -0.128182
1545305717.446049 -1.796712 2.094073 0.034438 0.987530 -0.028912 0.109459 -0.109394
1545305717.520399 -2.030197 2.287404 0.012660 0.991367 0.007436 0.091324 -0.093790
1545305717.595564 -2.284725 2.488848 -0.016859 0.993400 0.044684 0.068316 -0.080581
1545305717.671585 -2.556977 2.701133 -0.056552 0.994097 0.077525 0.036540 -0.066533
1545305717.748469 -2.845498 2.927652 -0.104291 0.992459 0.108830 0.000204 -0.056394
1545305717.826212 -3.145222 3.175412 -0.157980 0.988359 0.133351 -0.040235 -0.061191
1545305717.904721 -3.455800 3.439240 -0.211794 0.980243 0.163288 -0.077211 -0.080618
1545305717.983677 -3.769652 3.717926 -0.263187 0.968145 0.195274 -0.110334 -0.111312
1545305718.141223 -4.371104 4.322170 -0.366508 0.938196 0.243871 -0.172143 -0.175165
1545305718.219216 -4.648990 4.634328 -0.416327 0.921309 0.263864 -0.193736 -0.209836
1545305718.296557 -4.922770 4.914688 -0.449665 0.902966 0.282177 -0.210208 -0.246661
1545305718.373220 -5.180040 5.182338 -0.482279 0.886572 0.295767 -0.220985 -0.278707
1545305718.449229 -5.414136 5.457143 -0.530516 0.875545 0.304943 -0.226313 -0.298685
1545305718.524675 -5.634392 5.710802 -0.586555 0.867874 0.318208 -0.228354 -0.305603
1545305718.599710 -5.854084 5.921999 -0.639356 0.860100 0.343531 -0.228658 -0.299882
1545305718.674469 -6.062234 6.115198 -0.695239 0.848797 0.383038 -0.224354 -0.287212
1545305718.823699 -6.417860 6.523282 -0.816855 0.807788 0.482268 -0.205821 -0.269321
1545305718.973683 -6.790548 6.872226 -0.906699 0.740079 0.586754 -0.178072 -0.276212
1545305719.049339 -6.977531 7.037383 -0.946522 0.696577 0.637864 -0.170137 -0.281004
1545305719.125539 -7.168359 7.189803 -0.986367 0.649983 0.684358 -0.164578 -0.286514
1545305719.202221 -7.359116 7.320372 -1.029288 0.599403 0.727806 -0.167464 -0.288047
1545305719.279277 -7.542406 7.426749 -1.075541 0.539373 0.774478 -0.168506 -0.284371
1545305719.356555 -7.710047 7.511480 -1.128643 0.473515 0.822606 -0.163606 -0.268954
1545305719.433936 -7.853995 7.581970 -1.193442 0.408341 0.869237 -0.153671 -0.232530
1545305719.511371 -7.970693 7.647058 -1.272609 0.348348 0.910513 -0.128471 -0.181976
1545305719.588972 -8.065930 7.711512 -1.359855 0.298972 0.939184 -0.104709 -0.132609
1545305719.667046 -8.144832 7.770434 -1.451568 0.256495 0.956244 -0.101909 -0.097068
1545305719.745819 -8.209277 7.822886 -1.543752 0.212961 0.967301 -0.115770 -0.074649
1545305719.825318 -8.259030 7.869640 -1.635247 0.170682 0.974060 -0.139904 -0.050023
1545305719.905365 -8.297036 7.913325 -1.724243 0.134382 0.977305 -0.162726 -0.018338
1545305719.985719 -8.328686 7.956160 -1.806740 0.100020 0.977460 -0.185547 0.011816
1545305720.066150 -8.359195 8.001123 -1.880296 0.070042 0.972673 -0.218271 0.036859
1545305720.146444 -8.396485 8.059750 -1.947669 0.048326 0.962299 -0.261767 0.055893
1545305720.226362 -8.439770 8.126833 -2.005603 0.036213 0.948236 -0.308693 0.065159
1545305720.305682 -8.491081 8.221823 -2.065177 0.031672 0.932304 -0.354615 0.063678
1545305720.384209 -8.529228 8.345435 -2.140856 0.021363 0.917577 -0.393053 0.055723
1545305720.461768 -8.583648 8.493391 -2.205180 0.011246 0.906778 -0.419123 0.044314
1545305720.538337 -8.635664 8.670634 -2.279448 -0.004224 0.902283 -0.430235 0.027671
1545305720.614053 -8.679568 8.873317 -2.366682 -0.028382 0.901096 -0.432528 0.011852
1545305720.689138 -8.708406 9.093449 -2.464854 -0.057336 0.904023 -0.423619 0.001712
1545305720.763806 -8.724095 9.336738 -2.576632 -0.084953 0.912878 -0.399283 -0.003025
1545305720.838264 -8.724555 9.601924 -2.697438 -0.112110 0.922420 -0.369556 0.001133
1545305720.912786 -8.711903 9.892787 -2.825200 -0.143027 0.928301 -0.342982 0.012799
1545305720.987705 -8.683947 10.201614 -2.957017 -0.172069 0.930586 -0.321691 0.030281
1545305721.063270 -8.638032 10.521285 -3.089333 -0.200605 0.928905 -0.307112 0.050755
1545305721.139608 -8.578766 10.866545 -3.225244 -0.235885 0.922540 -0.295933 0.075508
1545305721.216703 -8.505685 11.225162 -3.358957 -0.274490 0.910395 -0.292957 0.100062
1545305721.294462 -8.426262 11.612209 -3.490475 -0.314392 0.893245 -0.296713 0.123422
1545305721.372720 -8.344071 12.018288 -3.615919 -0.353474 0.871246 -0.307829 0.145700
1545305721.451259 -8.268956 12.448571 -3.740971 -0.390944 0.845768 -0.324978 0.161954
1545305721.529837 -8.206691 12.902408 -3.868358 -0.421423 0.819677 -0.346956 0.173648
1545305721.608194 -8.162111 13.384663 -4.001230 -0.446729 0.792020 -0.371922 0.186577
1545305721.686114 -8.136144 13.890447 -4.140288 -0.469355 0.761985 -0.401453 0.194732
1545305721.763495 -8.129917 14.420179 -4.289187 -0.490458 0.730169 -0.433953 0.194907
1545305721.840282 -8.143302 14.973839 -4.452074 -0.509905 0.694415 -0.468062 0.196731
1545305721.916466 -8.174791 15.545429 -4.632972 -0.533679 0.656640 -0.498858 0.187485
1545305721.992077 -8.224639 16.141122 -4.838199 -0.559123 0.619261 -0.522447 0.175916
1545305722.067179 -8.292341 16.759479 -5.067205 0.587403 -0.583192 0.536086 -0.165700
1545305722.141876 -8.376952 17.398125 -5.318684 0.616082 -0.549856 0.541517 -0.157675
1545305722.216277 -8.479759 18.061230 -5.590938 0.643385 -0.516403 0.546279 -0.144787
1545305722.290486 -8.602037 18.755437 -5.882458 0.666768 -0.483390 0.551263 -0.133656
1545305722.364550 -8.741688 19.477298 -6.189787 0.690437 -0.449319 0.552191 -0.128429
1545305722.438502 -8.900064 20.230649 -6.511223 0.712614 -0.417329 0.549224 -0.127951
1545305722.512307 -9.077862 21.016474 -6.844637 0.734096 -0.386554 0.544177 -0.124705
1545305722.585917 -9.275972 21.834676 -7.189437 0.755126 -0.355327 0.537419 -0.121276
1545305722.659231 -9.495678 22.684996 -7.546719 0.775755 -0.325377 0.527098 -0.120421
1545305722.732126 -9.739217 23.574201 -7.918494 0.795173 -0.292257 0.518131 -0.117585
1545305722.804467 -10.001233 24.487777 -8.298265 0.812959 -0.255398 0.511337 -0.111374
1545305722.876133 -10.287395 25.435881 -8.693658 0.829000 -0.215494 0.505797 -0.102420
1545305722.947011 -10.592283 26.401730 -9.100222 0.845768 -0.179661 0.493742 -0.092827
1545305723.016979 -10.922272 27.394461 -9.524152 0.857463 -0.146410 0.486603 -0.080858
1545305723.085915 -11.271340 28.397089 -9.957555 0.868749 -0.113935 0.476572 -0.071920
1545305723.153806 -11.641873 29.414607 -10.401073 0.876537 -0.077051 0.470316 -0.067447
1545305723.220734 -12.034152 30.446183 -10.858005 0.882650 -0.038733 0.463943 -0.064693
1545305723.286812 -12.446724 31.489496 -11.331119 0.889083 -0.007131 0.454155 -0.056781
1545305723.352145 -12.881306 32.545870 -11.821296 0.894512 0.024514 0.443993 -0.046006
1545305723.416785 -13.339802 33.615273 -12.328132 0.897307 0.059986 0.435505 -0.039710
1545305723.544249 -14.333057 35.793511 -13.397192 0.897858 0.128858 0.419971 -0.029501
1545305723.607235 -14.867079 36.902143 -13.960331 0.894858 0.168683 0.412619 -0.022832
1545305723.669848 -15.428009 38.022211 -14.543318 0.892051 0.206970 0.401401 -0.016889
1545305723.732176 -16.015543 39.151868 -15.145262 0.889095 0.240843 0.389069 -0.011355
1545305723.794274 -16.631284 40.292516 -15.767154 0.884799 0.271162 0.378890 -0.006616
1545305723.856184 -17.276312 41.444138 -16.409551 0.880630 0.300195 0.366557 -0.002970
1545305723.917930 -17.950314 42.606485 -17.072181 0.875348 0.328188 0.355044 0.001321
1545305723.979541 -18.654070 43.778997 -17.755096 0.868713 0.356999 0.343322 0.004348
1545305724.041039 -19.388385 44.960868 -18.458931 0.861395 0.385381 0.330804 0.007054
1545305724.102443 -20.153505 46.151128 -19.183715 0.853380 0.413189 0.317669 0.010184
1545305724.225065 -21.777375 48.554033 -20.695409 0.834455 0.468222 0.290142 0.016437
1545305724.286285 -22.636984 49.764338 -21.482541 0.823660 0.494628 0.276653 0.019757
1545305724.347454 -23.528219 50.979043 -22.290121 0.812486 0.519718 0.263095 0.023239
1545305724.408580 -24.451161 52.197679 -23.117714 0.799384 0.546508 0.248148 0.027126
1545305724.469668 -25.405965 53.418713 -23.965176 0.785966 0.571362 0.234256 0.030454
1545305724.530712 -26.392346 54.640999 -24.832019 0.771758 0.595870 0.219446 0.034241
1545305724.591722 -27.409943 55.863045 -25.718033 0.757205 0.619209 0.204290 0.038550
1545305724.652707 -28.459498 57.084546 -26.622986 0.740844 0.643459 0.187941 0.042299
1545305724.713652 -29.539512 58.304854 -27.545423 0.723560 0.666582 0.173397 0.045419
1545305724.774558 -30.650130 59.521626 -28.485552 0.706897 0.687787 0.157773 0.048512
1545305724.835441 -31.790926 60.735172 -29.442634 0.689360 0.708279 0.143312 0.050849
1545305724.896307 -32.960516 61.945939 -30.412609 0.678584 0.720427 0.135651 0.045900
1545305724.957171 -34.159963 63.149977 -31.401882 0.666182 0.733572 0.127446 0.042805
1545305725.018041 -35.387635 64.353411 -32.402642 0.664808 0.735516 0.127333 0.028867
1545305725.078918 -36.644649 65.550642 -33.420854 0.669044 0.731261 0.132193 0.012752
1545305725.139815 -37.929953 66.743805 -34.454129 0.676562 0.722759 0.140868 -0.006296
1545305725.200737 -39.244756 67.927695 -35.505994 0.683332 0.714723 0.146922 -0.025323
1545305725.261684 -40.586892 69.106740 -36.571146 0.683905 0.713928 0.145782 -0.036440
1545305725.322645 -41.958236 70.276662 -37.653754 0.682717 0.714723 0.145301 -0.044226
1545305725.383590 -43.357751 71.443059 -38.749678 0.689728 0.706038 0.151102 -0.054357
1545305725.444497 -44.783455 72.598585 -39.860542 0.690701 0.704442 0.151573 -0.060983
1545305725.505347 -46.235129 73.746874 -40.983639 0.691979 0.703030 0.150866 -0.064447
1545305725.566121 -47.713922 74.890883 -42.119475 0.700781 0.693702 0.151626 -0.068512
1545305725.626823 -49.218189 76.020603 -43.270461 0.699577 0.694789 0.149652 -0.073926
1545305725.687465 -50.748900 77.143311 -44.433831 0.706814 0.685429 0.152501 -0.085700
1545305725.748060 -52.306006 78.264680 -45.608369 0.730553 0.652798 0.167928 -0.109300
1545305725.808615 -53.900250 79.385091 -46.805556 0.768370 0.595913 0.195548 -0.127498
1545305725.869140 -55.524168 80.508967 -48.018032 0.783561 0.577759 0.200813 -0.109093
1545305725.929641 -57.169933 81.620944 -49.240255 0.783952 0.578936 0.195508 -0.109676
1545305725.990120 -58.842790 82.728859 -50.474886 0.784111 0.580513 0.189713 -0.110379
1545305726.050588 -60.542646 83.832952 -51.721699 0.783736 0.582884 0.183578 -0.110920
1545305726.111050 -62.269763 84.933481 -52.980827 0.783719 0.584542 0.177837 -0.111669
1545305726.171504 -64.023713 86.030457 -54.251840 0.784318 0.584838 0.172930 -0.113597
1545305726.231953 -65.804520 87.124163 -55.534704 0.785119 0.584663 0.168438 -0.115700
1545305726.292389 -67.611315 88.214206 -56.828668 0.785768 0.584674 0.163757 -0.117933
1545305726.352818 -69.444216 89.300887 -58.133566 0.785825 0.585720 0.158719 -0.119247
1545305726.413250 -71.302939 90.384797 -59.449133 0.783004 0.592429 0.150561 -0.115166
1545305726.473676 -73.188029 91.466134 -60.775755 0.781815 0.596223 0.143966 -0.112063
1545305726.534103 -75.100096 92.547287 -62.113754 0.781875 0.598195 0.138905 -0.107424
1545305726.594528 -77.037199 93.624302 -63.462036 0.780303 0.601949 0.132277 -0.106243
1545305726.654945 -78.999447 94.698754 -64.820353 0.778364 0.606128 0.125521 -0.104892
1545305726.715355 -80.986459 95.770559 -66.188277 0.774972 0.612508 0.117592 -0.102097
1545305726.775764 -82.999105 96.841705 -67.566338 0.769473 0.622163 0.108510 -0.095130
1545305726.836167 -85.036283 97.909120 -68.954165 0.769440 0.622414 0.105380 -0.097251
1545305726.896572 -87.098343 98.974254 -70.351636 0.767538 0.625387 0.100838 -0.098019
1545305726.956981 -89.184903 100.035995 -71.758574 0.766513 0.627022 0.096619 -0.099831
1545305727.017387 -91.296150 101.095808 -73.174898 0.763675 0.631251 0.092258 -0.099052
1545305727.077791 -93.431721 102.152930 -74.600340 0.759408 0.637382 0.087437 -0.096946
1545305727.138196 -95.592337 103.208037 -76.035488 0.752153 0.647551 0.081751 -0.090883
1545305727.198596 -97.782751 104.265032 -77.483823 0.731229 0.672655 0.089591 -0.069374
1545305727.258991 -99.997030 105.307890 -78.943264 0.696253 0.710230 0.088277 -0.054878
1545305727.319381 -102.234631 106.343581 -80.412830 0.688994 0.716989 0.089997 -0.055808
1545305727.379771 -104.497724 107.374510 -81.892994 0.681373 0.724312 0.089419 -0.055744
1545305727.440156 -106.785510 108.398349 -83.383470 0.673325 0.731923 0.088559 -0.055486
1545305727.500534 -109.094168 109.411182 -84.882812 0.655903 0.747857 0.083194 -0.059836
1545305727.560903 -111.416380 110.405305 -86.389237 0.628070 0.771142 0.075255 -0.072139
1545305727.621271 -113.757339 111.384465 -87.905359 0.599924 0.793010 0.069010 -0.080393
1545305727.681640 -116.121779 112.355181 -89.429724 0.581404 0.806574 0.066169 -0.083849
1545305727.742011 -118.508836 113.313350 -90.964035 0.567664 0.816060 0.065134 -0.086955
1545305727.802373 -120.914232 114.256108 -92.507086 0.555360 0.824241 0.061311 -0.091888
1545305727.923095 -125.750858 116.103722 -95.632833 0.540961 0.836007 0.027321 -0.087785
1545305727.983454 -128.148965 117.017801 -97.242599 0.536464 0.841327 0.002576 -0.066097
1545305728.043806 -130.580576 117.925110 -98.853315 0.526518 0.848711 -0.005911 -0.049323
1545305728.104157 -133.070922 118.816788 -100.441293 0.515198 0.855998 -0.009439 -0.041824
1545305728.164505 -135.581838 119.693075 -102.042594 0.502560 0.864144 -0.005769 -0.025611
1545305728.224845 -138.115729 120.558821 -103.651713 0.491472 0.870708 -0.008459 -0.015842
1545305728.285187 -140.671339 121.411188 -105.269944 0.481693 0.876221 -0.009392 -0.010990
1545305728.345528 -143.246529 122.249054 -106.897297 0.487399 0.873050 -0.004685 -0.014289
1545305728.405865 -145.841568 123.073570 -108.534709 0.488153 0.872589 -0.002343 -0.017012
1545305728.466205 -148.457026 123.883524 -110.181308 0.520821 0.852591 0.011387 -0.041289
1545305728.586895 -153.768641 125.474559 -113.509360 0.540628 0.840163 0.024158 -0.035539
1545305728.647243 -156.363370 126.134754 -115.247689 0.554098 0.829927 0.049987 -0.041214
1545305728.707603 -159.095981 126.852628 -116.970307 0.577094 0.812699 0.062689 -0.050516
1545305728.767970 -161.858109 127.550772 -118.711615 0.607008 0.790238 0.074305 -0.039294
1545305728.828341 -164.658447 128.261246 -120.465754 0.616630 0.783235 0.076206 -0.022425
1545305728.888707 -167.473474 128.951096 -122.226194 0.616281 0.783943 0.073650 -0.014378
1545305728.949073 -170.313564 129.631132 -123.998086 0.618595 0.782221 0.073258 -0.010198
1545305729.009451 -173.180239 130.301424 -125.782661 0.619789 0.781410 0.072357 -0.004945
1545305729.069834 -176.073838 130.962601 -127.579749 0.612305 0.787569 0.068963 0.007827
1545305729.130224 -178.994118 131.613128 -129.390446 0.614603 0.785731 0.068985 0.011446
1545305729.190622 -181.941518 132.254500 -131.214291 0.616942 0.783822 0.069118 0.015146
1545305729.251019 -184.915676 132.886904 -133.050958 0.615366 0.785053 0.067461 0.021576
1545305729.371833 -190.946566 134.124866 -136.764799 0.619508 0.781560 0.067410 0.028807
1545305729.432254 -194.004738 134.728942 -138.644280 0.616462 0.784033 0.058836 0.042492
1545305729.492684 -197.090309 135.328214 -140.535439 0.618422 0.782308 0.058020 0.046710
1545305729.613560 -203.346661 136.504629 -144.359972 0.637648 0.766547 0.061302 0.045312
1545305729.674008 -206.518341 137.084028 -146.293671 0.658378 0.748936 0.065594 0.036488
1545305729.734474 -209.719148 137.669679 -148.238907 0.727381 0.680177 0.090057 -0.012859
1545305729.794958 -212.909601 138.258145 -150.185333 0.759263 0.642451 0.083924 -0.061097
1545305729.855467 -216.147222 138.854313 -152.141538 0.790565 0.597645 0.099125 -0.089449
1545305729.916021 -219.419256 139.446439 -154.106585 0.799168 0.585833 0.098354 -0.091962
1545305729.976645 -222.720773 140.039753 -156.084988 0.806244 0.575570 0.099686 -0.093553
1545305730.037338 -226.052181 140.634539 -158.076055 0.812846 0.566002 0.101505 -0.092841
1545305730.098090 -229.414327 141.231277 -160.078970 0.819503 0.556182 0.100139 -0.095126
1545305730.158878 -232.805412 141.830434 -162.093087 0.823611 0.550008 0.098868 -0.096858
1545305730.280600 -239.675102 143.036576 -166.156428 0.837477 0.526823 0.098963 -0.106284
1545305730.341635 -243.160056 143.645863 -168.207938 0.842654 0.517986 0.100339 -0.107504
1545305730.402902 -246.686637 144.261220 -170.275409 0.847629 0.509995 0.098886 -0.107942
1545305730.464547 -250.263508 144.884470 -172.364065 0.850619 0.505274 0.095524 -0.109642
1545305730.526748 -253.901293 145.517630 -174.482416 0.853962 0.499786 0.097573 -0.106973
1545305730.589643 -257.603500 146.162947 -176.632430 0.860689 0.488400 0.103018 -0.100335
1545305730.653292 -261.377452 146.821548 -178.818892 0.867102 0.477497 0.109920 -0.089716
1545305730.717734 -265.227811 147.495852 -181.043560 0.871465 0.471221 0.110647 -0.079097
1545305730.782976 -269.155386 148.186685 -183.308631 0.872613 0.470361 0.111209 -0.070287
1545305730.849001 -273.156788 148.893165 -185.617373 0.873299 0.470618 0.113622 -0.054389
1545305730.915802 -277.233718 149.616074 -187.971247 0.871488 0.475398 0.114510 -0.037326
1545305730.983362 -281.388179 150.356395 -190.369290 0.866798 0.486251 0.107696 -0.024959
1545305731.051649 -285.619001 151.113963 -192.810652 0.861944 0.497285 0.097888 -0.013334
1545305731.120602 -289.922022 151.887978 -195.294216 0.859046 0.503102 0.094487 0.000897
1545305731.190187 -294.297813 152.679292 -197.818609 0.854739 0.510722 0.090767 0.018566
1545305731.260445 -298.753516 153.490662 -200.384163 0.853312 0.513459 0.086307 0.027737
1545305731.331545 -303.306106 154.325544 -202.993646 0.845436 0.528670 0.066860 0.035718
1545305731.403896 -307.993605 155.195022 -205.653999 0.838711 0.540720 0.051875 0.038653
1545305731.477623 -312.843071 156.108374 -208.355188 0.833953 0.548314 0.042477 0.045496
1545305731.552364 -317.839875 157.065608 -211.080114 0.832517 0.550282 0.037229 0.052147
1545305731.627572 -322.936369 158.057776 -213.815822 0.832669 0.549999 0.030992 0.056591
1545305731.702760 -328.078272 159.068646 -216.562867 0.832977 0.546899 0.028563 0.078961
1545305731.777558 -333.226471 160.088045 -219.322693 0.837314 0.535647 0.029218 0.105515
1545305731.851784 -338.363492 161.113277 -222.094996 0.837478 0.530848 0.024985 0.127304
1545305731.925365 -343.480129 162.142941 -224.875826 0.824241 0.546615 0.004697 0.147704
1545305731.998279 -348.572806 163.176029 -227.663726 0.817568 0.552625 -0.005097 0.161745
1545305732.070544 -353.643181 164.213148 -230.460496 0.813058 0.553221 -0.007266 0.181190
1545305732.142282 -358.696654 165.255460 -233.267979 0.800259 0.562750 -0.012822 0.206720
1545305732.213670 -363.741089 166.304826 -236.089899 0.786682 0.574294 -0.024903 0.225163
1545305732.284883 -368.806459 167.364866 -238.943035 0.775289 0.581653 -0.025834 0.244826
1545305732.356042 -373.890201 168.437550 -241.820644 0.761772 0.593155 -0.042178 0.257082
1545305732.427182 -379.020075 169.532152 -244.730286 0.754218 0.603242 -0.054392 0.253564
1545305732.498224 -384.162680 170.640108 -247.657612 0.743320 0.620015 -0.064733 0.242625
1545305732.569038 -389.338814 171.761796 -250.609513 0.732872 0.631869 -0.076506 0.240388
1545305732.639472 -394.523441 172.892476 -253.572311 0.721836 0.642844 -0.091890 0.239292
1545305732.709373 -399.705986 174.030361 -256.537424 0.705755 0.661629 -0.111209 0.227573
1545305732.778569 -404.871887 175.171671 -259.494892 0.684918 0.686984 -0.129931 0.205082
1545305732.846900 -410.004715 176.309130 -262.433581 0.663136 0.708387 -0.150761 0.188968
1545305732.914416 -415.106706 177.441538 -265.351525 0.637728 0.727030 -0.179499 0.180304
1545305732.981297 -420.191095 178.573328 -268.251668 0.607535 0.745687 -0.213165 0.171503
1545305733.047696 -425.270216 179.706965 -271.135638 0.570509 0.765326 -0.251544 0.159752
1545305733.113621 -430.343447 180.843586 -273.997026 0.526638 0.783723 -0.294747 0.146815
1545305733.178746 -435.382298 181.978922 -276.818149 0.477989 0.800040 -0.336887 0.134050
1545305733.242647 -440.348125 183.106072 -279.577339 0.423489 0.815983 -0.375850 0.116476
1545305733.305202 -445.224972 184.221844 -282.269327 0.373147 0.829691 -0.404859 0.091999
1545305733.366607 -450.026049 185.328584 -284.903672 0.322342 0.840020 -0.431405 0.065973
1545305733.427030 -454.758726 186.428749 -287.486841 0.270757 0.846668 -0.456614 0.036717
1545305733.486588 -459.429940 187.525350 -290.025862 0.227377 0.847772 -0.478999 0.011915
1545305733.545376 -464.041518 188.619769 -292.524161 0.183989 0.846826 -0.498949 -0.009108
1545305733.603410 -468.592285 189.712944 -294.984176 0.148896 0.844928 -0.513342 -0.020147
1545305733.660717 -473.083681 190.805464 -297.408808 0.123278 0.843376 -0.522754 -0.015737
1545305733.717492 -477.530599 191.901169 -299.806241 0.103714 0.842392 -0.528768 0.004848
1545305733.773939 -481.950588 193.004812 -302.183333 0.085375 0.838255 -0.537687 0.030521
1545305733.830177 -486.356216 194.119678 -304.545513 0.074584 0.830823 -0.548891 0.053746
1545305733.886284 -490.756136 195.247807 -306.897617 0.074164 0.822604 -0.558879 0.074006
1545305733.942264 -495.150792 196.389954 -309.241784 0.069087 0.814300 -0.568207 0.096353
1545305733.998078 -499.538608 197.546166 -311.574862 0.071615 0.802072 -0.581118 0.117700
1545305734.053682 -503.920368 198.717061 -313.894165 0.090428 0.784280 -0.599962 0.129514
1545305734.109002 -508.285858 199.902358 -316.198769 0.131165 0.768846 -0.612543 0.128304
1545305734.163984 -512.635338 201.105009 -318.491740 0.164615 0.755276 -0.621497 0.127286
1545305734.273036 -521.280345 203.552646 -323.043614 0.218708 0.739033 -0.624741 0.125285
1545305734.327292 -525.595118 204.804000 -325.314927 0.255395 0.724902 -0.627273 0.125779
1545305734.381406 -529.903394 206.073176 -327.585766 0.289306 0.712311 -0.627219 0.124544
1545305734.435491 -534.216181 207.362847 -329.862723 0.326785 0.696417 -0.626279 0.126451
1545305734.489637 -538.530144 208.665510 -332.138416 0.445275 0.658265 -0.597042 0.109351
1545305734.543976 -542.860076 209.998822 -334.428915 0.534014 0.619499 -0.565895 0.103983
1545305734.598591 -547.222355 211.360268 -336.746416 0.580786 0.590027 -0.551521 0.101884
1545305734.653564 -551.587689 212.734427 -339.063011 0.654784 0.542404 -0.519950 0.081899
1545305734.708936 -555.993638 214.150058 -341.424157 0.683949 0.507110 -0.517561 0.084760
1545305734.764599 -560.435583 215.591899 -343.816212 0.730301 0.463262 -0.494016 0.089427
1545305734.876411 -569.355664 218.549064 -348.657606 0.798068 0.372225 -0.459835 0.114402
1545305734.932364 -573.815790 220.058423 -351.096117 0.839687 0.313284 -0.427872 0.117070
1545305734.988256 -578.271546 221.592732 -353.551012 0.855810 0.274750 -0.421362 0.120647
1545305735.044063 -582.716519 223.147407 -356.017159 0.866205 0.234144 -0.421803 0.130180
1545305735.099808 -587.154403 224.723037 -358.497519 0.879916 0.182566 -0.414362 0.143948
1545305735.155560 -591.582811 226.311616 -360.988083 0.905440 0.109746 -0.384411 0.142695
1545305735.211407 -596.011939 227.929253 -363.509159 0.907627 0.072664 -0.384906 0.150931
1545305735.267426 -600.445048 229.572639 -366.059699 0.911243 0.024603 -0.378787 0.159846
1545305735.323666 -604.885483 231.243785 -368.641902 0.911847 -0.021396 -0.375379 0.164828
1545305735.380205 -609.337783 232.945377 -371.261114 0.911317 -0.062838 -0.371481 0.165995
1545305735.437123 -613.805926 234.681381 -373.920760 0.911270 -0.103381 -0.363897 0.162722
1545305735.494493 -618.291268 236.453983 -376.625728 0.908780 -0.109818 -0.378028 0.138394
1545305735.552356 -622.797432 238.264584 -379.376298 0.913545 -0.126446 -0.368722 0.116153
1545305735.610590 -627.311732 240.108183 -382.165820 0.918904 -0.137608 -0.355198 0.102538
1545305735.669416 -631.848878 241.994852 -385.002420 0.926463 -0.145123 -0.335230 0.090702
1545305735.728688 -636.396423 243.920833 -387.878598 0.933165 -0.154136 -0.315720 0.075933
1545305735.788528 -640.963593 245.889307 -390.798206 0.937904 -0.167514 -0.297508 0.061358
1545305735.849095 -645.560646 247.906350 -393.767611 0.942282 -0.181103 -0.278070 0.044535
1545305735.910309 -650.180226 249.969699 -396.781244 0.946097 -0.193514 -0.258363 0.026480
1545305735.971720 -654.788543 252.063895 -399.814639 0.948819 -0.204233 -0.240753 0.008299
1545305736.032815 -659.349345 254.170098 -402.840531 0.950067 -0.215232 -0.225820 -0.007230
1545305736.093426 -663.851092 256.280188 -405.848952 0.949724 -0.225576 -0.216274 -0.019118
1545305736.153160 -668.264097 258.379453 -408.820412 0.949789 -0.232273 -0.207243 -0.031623
1545305736.212533 -672.627489 260.485478 -411.778598 0.950399 -0.234331 -0.199001 -0.047216
1545305736.271724 -676.953994 262.605033 -414.728891 0.950776 -0.234100 -0.191255 -0.068141
1545305736.330300 -681.212101 264.721584 -417.646795 0.950068 -0.233394 -0.184433 -0.094250
1545305736.388174 -685.397687 266.829417 -420.526697 0.948633 -0.231279 -0.178285 -0.121734
1545305736.445437 -689.518210 268.929133 -423.371601 0.948285 -0.222512 -0.171156 -0.148152
1545305736.502211 -693.584648 271.022869 -426.187093 0.948480 -0.210155 -0.161684 -0.173433
1545305736.558680 -697.612943 273.115797 -428.980100 0.947389 -0.198887 -0.155815 -0.196518
1545305736.615078 -701.620535 275.215131 -431.762863 0.945110 -0.189403 -0.151492 -0.218963
1545305736.671640 -705.624506 277.328258 -434.546654 0.942873 -0.178475 -0.142806 -0.242371
1545305736.728570 -709.641245 279.461081 -437.341389 0.941089 -0.166868 -0.130010 -0.263825
1545305736.785939 -713.676703 281.615770 -440.151686 0.939131 -0.152292 -0.120604 -0.283362
1545305736.843762 -717.734530 283.790304 -442.976636 0.936312 -0.150297 -0.113267 -0.296483
1545305736.902074 -721.817543 285.986342 -445.818578 0.932082 -0.154657 -0.116097 -0.306309
1545305736.960925 -725.928496 288.205145 -448.680762 0.926601 -0.162485 -0.123230 -0.315948
1545305737.020367 -730.071003 290.447760 -451.570326 0.920119 -0.173498 -0.131555 -0.325533
1545305737.080483 -734.252441 292.716070 -454.495583 0.913245 -0.185120 -0.147410 -0.331638
1545305737.141346 -738.477745 295.012747 -457.462530 0.906558 -0.190696 -0.176300 -0.332725
1545305737.202986 -742.742826 297.337835 -460.472115 0.901357 -0.191554 -0.190478 -0.338497
1545305737.265453 -747.048132 299.693103 -463.527669 0.900017 -0.187631 -0.176951 -0.351358
1545305737.328812 -751.399695 302.080255 -466.634581 0.904060 -0.175126 -0.136539 -0.365191
1545305737.393138 -755.807832 304.502147 -469.796718 0.907101 -0.162182 -0.086296 -0.378706
1545305737.458443 -760.278866 306.959732 -473.014028 0.905879 -0.150307 -0.049477 -0.392866
1545305737.524691 -764.812750 309.450593 -476.283757 0.901010 -0.140240 -0.025564 -0.409708
1545305737.591884 -769.410460 311.973428 -479.606209 0.894487 -0.126097 -0.006294 -0.428897
1545305737.660059 -774.078542 314.527228 -482.985369 0.887715 -0.120704 -0.013971 -0.444069
1545305737.729247 -778.818404 317.110350 -486.414391 0.876788 -0.121565 -0.061407 -0.461188
1545305737.799517 -783.628134 319.719396 -489.887709 0.855624 -0.127391 -0.146290 -0.479873
1545305737.870992 -788.500065 322.353876 -493.413873 0.828664 -0.127671 -0.211483 -0.502286
1545305737.943748 -793.436927 325.015902 -497.011000 0.799065 -0.126170 -0.261719 -0.526384
1545305738.017787 -798.436024 327.704858 -500.689175 0.774566 -0.115215 -0.278590 -0.556022
1545305738.093145 -803.499664 330.418716 -504.455467 0.757332 -0.094890 -0.270528 -0.586736
1545305738.169849 -808.629487 333.154902 -508.312147 0.742867 -0.078966 -0.243005 -0.618758
1545305738.247782 -813.819605 335.901953 -512.251228 0.728747 -0.060021 -0.207866 -0.649705
1545305738.326696 -819.057410 338.645055 -516.260458 0.714984 -0.040050 -0.174162 -0.675915
1545305738.406354 -824.329409 341.371410 -520.329214 0.701918 -0.023925 -0.151482 -0.695551
1545305738.486606 -829.625688 344.072068 -524.450730 -0.689296 0.018466 0.131126 0.712275
1545305738.567379 -834.943823 346.741350 -528.622126 -0.676384 0.021679 0.110039 0.727960
1545305738.730253 -845.641175 351.956166 -537.101399 -0.636985 0.040810 0.092237 0.764249
1545305738.812274 -851.014961 354.486652 -541.407864 -0.613244 0.056563 0.076957 0.784098
1545305738.894627 -856.405117 356.960527 -545.763552 -0.592257 0.075429 0.066051 0.799487
1545305738.977295 -861.814411 359.378331 -550.172487 -0.575203 0.093380 0.079141 0.808800
1545305739.060280 -867.239571 361.742311 -554.640180 -0.554766 0.120458 0.113267 0.815411
1545305739.143593 -872.679780 364.058080 -559.172633 -0.531166 0.150913 0.158247 0.818563
1545305739.227262 -878.132189 366.327576 -563.776957 -0.501532 0.185220 0.214614 0.817374
1545305739.311204 -883.587051 368.547442 -568.454423 -0.465144 0.221700 0.284672 0.808364
1545305739.479498 -894.452414 372.813791 -578.029495 -0.403924 0.294937 0.374838 0.780611
1545305739.563799 -899.849462 374.847262 -582.937554 -0.390067 0.332253 0.384344 0.767942
1545305739.648329 -905.225196 376.804756 -587.940470 -0.397867 0.380884 0.357066 0.754409
1545305739.818848 -915.984244 380.472996 -598.253594 -0.400935 0.475491 0.305468 0.721005
1545305739.904845 -921.379949 382.175908 -603.555470 -0.378409 0.512247 0.310996 0.705472
1545305739.990987 -926.768713 383.779392 -608.937126 -0.351222 0.543608 0.321234 0.691334
1545305740.162848 -937.487875 386.714297 -619.895591 -0.277800 0.591355 0.358632 0.666715
1545305740.249338 -942.875667 388.088459 -625.526773 -0.228722 0.596977 0.384891 0.665705
1545305740.336717 -948.318383 389.408743 -631.304683 -0.184890 0.600472 0.402550 0.665734
1545305740.424423 -953.784438 390.664021 -637.203838 -0.159250 0.613527 0.403907 0.659609
1545305740.512130 -959.255782 391.841619 -643.205567 -0.147659 0.635847 0.393757 0.647187
1545305740.599836 -964.736606 392.930589 -649.307836 -0.142455 0.660220 0.378219 0.633062
1545305740.687542 -970.230377 393.931041 -655.506904 -0.143565 0.686944 0.359453 0.615053
1545305740.775139 -975.730923 394.849456 -661.786510 -0.146650 0.712392 0.339463 0.596453
1545305740.862195 -981.211795 395.684561 -668.105766 -0.142929 0.729428 0.324029 0.585244
1545305740.948602 -986.666408 396.437837 -674.451127 -0.124395 0.735627 0.314598 0.586861
1545305741.120021 -997.545447 397.723675 -687.258403 -0.094804 0.743815 0.280728 0.599119
1545305741.204592 -1002.945940 398.267620 -693.685077 -0.095058 0.755145 0.260707 0.593929
1545305741.287822 -1008.280896 398.746645 -700.074973 -0.081765 0.765749 0.249275 0.587201
1545305741.369448 -1013.535882 399.162152 -706.403478 -0.056129 0.775878 0.245541 0.578423
1545305741.449549 -1018.714413 399.517743 -712.673861 -0.031401 0.791054 0.237593 0.562847
1545305741.528579 -1023.848035 399.818836 -718.917445 -0.013190 0.807988 0.225098 0.544346
1545305741.606848 -1028.956373 400.069232 -725.153712 0.008059 0.822551 0.216636 0.525750
1545305741.684444 -1034.046398 400.267911 -731.387604 0.026344 0.837297 0.198073 0.508927
1545305741.761302 -1039.114149 400.418342 -737.609248 0.037004 0.851491 0.169479 0.494843
1545305741.837374 -1044.156296 400.526307 -743.811365 0.049845 0.863703 0.144873 0.480150
1545305741.987155 -1054.165164 400.620450 -756.139121 0.066973 0.876114 0.098711 0.467114
1545305742.060687 -1059.124488 400.607484 -762.243927 0.073125 0.882194 0.078085 0.458573
1545305742.133359 -1064.057697 400.556280 -768.308712 0.081970 0.886522 0.062803 0.451015
1545305742.205362 -1068.978022 400.468168 -774.346632 0.097449 0.888436 0.054668 0.445192
1545305742.276770 -1073.889994 400.343871 -780.361987 0.114745 0.885946 0.046143 0.446994
1545305742.347558 -1078.792497 400.186364 -786.352261 0.139208 0.880839 0.041115 0.450615
1545305742.417733 -1083.688370 399.997375 -792.318910 0.156535 0.876061 0.033267 0.454870
1545305742.487427 -1088.588562 399.777735 -798.272154 0.165424 0.875642 0.022506 0.453188
1545305742.556754 -1093.502022 399.526943 -804.220746 0.179761 0.878437 0.005093 0.442728
1545305742.625760 -1098.432251 399.248716 -810.166789 0.194122 0.882733 -0.016551 0.427580
1545305742.694420 -1103.376047 398.945883 -816.106398 0.208457 0.884862 -0.037593 0.414912
1545305742.762719 -1108.334770 398.621417 -822.036742 0.244294 0.885494 -0.048640 0.392243
1545305742.830650 -1113.308941 398.278589 -827.955348 0.288590 0.881868 -0.052557 0.369138
1545305742.898120 -1118.292706 397.919704 -833.852884 0.332952 0.873904 -0.054699 0.349918
1545305742.965025 -1123.275915 397.545808 -839.715696 0.356219 0.867747 -0.069014 0.339647
1545305743.031338 -1128.257610 397.160554 -845.542823 0.377672 0.864144 -0.084547 0.321668
1545305743.097100 -1133.240219 396.769710 -851.338372 0.431175 0.853753 -0.083533 0.279670
1545305743.162419 -1138.228294 396.372225 -857.109407 0.496388 0.830014 -0.073698 0.243403
1545305743.227417 -1143.234757 395.971152 -862.867709 0.566768 0.796591 -0.061070 0.201214
1545305743.292184 -1148.262580 395.567966 -868.614548 0.608075 0.771337 -0.063174 0.176900
1545305743.356794 -1153.318341 395.163756 -874.360136 0.651147 0.740370 -0.059706 0.155872
1545305743.421257 -1158.399709 394.763563 -880.100715 0.676475 0.720336 -0.064072 0.139255
1545305743.485567 -1163.506331 394.366043 -885.839219 0.697143 0.702585 -0.068746 0.125059
1545305743.549670 -1168.630740 393.974443 -891.568635 0.713761 0.687669 -0.074855 0.109788
1545305743.613411 -1173.757505 393.589626 -897.276231 0.728230 0.674475 -0.080876 0.090682
1545305743.676626 -1178.871276 393.214659 -902.946495 0.739270 0.664722 -0.085077 0.066229
1545305743.739187 -1183.958737 392.848327 -908.566553 0.750112 0.654359 -0.086661 0.040462
1545305743.862267 -1194.037570 392.141968 -919.645974 0.775265 0.625280 -0.089272 0.004513
1545305743.922909 -1199.037685 391.801480 -925.114900 0.788483 0.608289 -0.090181 -0.012106
1545305743.983034 -1204.018907 391.468343 -930.545472 0.802512 0.588009 -0.098567 -0.022459
1545305744.042806 -1208.993219 391.142209 -935.950835 0.814261 0.570003 -0.107822 -0.021195
1545305744.102055 -1213.946784 390.825499 -941.317236 0.822870 0.556312 -0.114004 -0.020139
1545305744.160960 -1218.892729 390.514133 -946.660296 0.824871 0.552686 -0.117467 -0.018097
1545305744.219586 -1223.831917 390.213381 -951.983898 0.823129 0.553124 -0.127721 -0.014164
1545305744.277965 -1228.776868 389.908824 -957.296325 0.811150 0.570752 -0.127585 -0.000814
1545305744.336114 -1233.715262 389.618833 -962.592990 0.800865 0.580816 -0.145016 0.015443
1545305744.394045 -1238.651460 389.340772 -967.876083 0.802347 0.574813 -0.158379 0.027300
1545305744.451774 -1243.586362 389.075886 -973.150427 0.799284 0.573947 -0.174183 0.037276
1545305744.509349 -1248.527290 388.824848 -978.421552 0.798692 0.572245 -0.179374 0.049516
1545305744.566844 -1253.473393 388.584550 -983.692888 0.807123 0.560521 -0.180046 0.044183
1545305744.624349 -1258.437446 388.355774 -988.975451 0.810933 0.554956 -0.179158 0.048091
1545305744.681942 -1263.426395 388.139047 -994.276465 0.806521 0.560728 -0.179728 0.052969
1545305744.739662 -1268.442259 387.933428 -999.599036 0.799629 0.569384 -0.182237 0.056429
1545305744.855526 -1278.547206 387.552395 -1010.303383 0.818103 0.545372 -0.177581 0.041739
1545305744.913620 -1283.636813 387.380055 -1015.684157 0.826904 0.533282 -0.175074 0.034478
1545305744.971815 -1288.753337 387.219584 -1021.082497 0.830554 0.528495 -0.174155 0.023294
1545305745.030174 -1293.895759 387.069947 -1026.500690 0.817650 0.545730 -0.183355 0.002922
1545305745.088736 -1299.068372 386.920224 -1031.937720 0.803499 0.562311 -0.195425 -0.001950
1545305745.147518 -1304.269388 386.785351 -1037.399853 0.802924 0.558346 -0.208690 -0.003403
1545305745.206514 -1309.500569 386.663161 -1042.885471 0.808252 0.547295 -0.217113 -0.007650
1545305745.265715 -1314.759613 386.551317 -1048.393940 0.804802 0.546209 -0.232183 -0.006424
1545305745.325123 -1320.045015 386.453776 -1053.927106 0.807882 0.537144 -0.242346 -0.008457
1545305745.384708 -1325.353786 386.369917 -1059.481708 0.810991 0.528787 -0.250074 -0.011911
1545305745.503847 -1335.989636 386.246298 -1070.600096 0.818616 0.512282 -0.257209 -0.035760
1545305745.562956 -1341.274814 386.206162 -1076.120690 0.822321 0.500990 -0.266331 -0.043191
1545305745.621566 -1346.519989 386.179823 -1081.598810 0.824885 0.488725 -0.280065 -0.047707
1545305745.679752 -1351.730289 386.167408 -1087.042434 0.825789 0.480009 -0.290489 -0.057271
1545305745.737614 -1356.912236 386.168179 -1092.459652 0.828963 0.470316 -0.293625 -0.073529
1545305745.795188 -1362.069092 386.181732 -1097.854143 0.831450 0.461941 -0.294865 -0.091416
1545305745.852535 -1367.206237 386.206955 -1103.232065 0.833119 0.454453 -0.296825 -0.106212
1545305745.909742 -1372.329829 386.244386 -1108.596123 0.833243 0.448485 -0.300355 -0.119810
1545305745.966911 -1377.447589 386.295349 -1113.955131 0.832211 0.442294 -0.305341 -0.136266
1545305746.024150 -1382.568920 386.357954 -1119.318438 0.834835 0.431833 -0.305694 -0.152060
1545305746.138886 -1392.822593 386.517753 -1130.062399 0.838222 0.413936 -0.306127 -0.179799
1545305746.196558 -1397.969204 386.613210 -1135.457935 0.841020 0.402870 -0.305917 -0.191822
1545305746.254457 -1403.130230 386.719034 -1140.871679 0.842812 0.393134 -0.306280 -0.203237
1545305746.312625 -1408.308602 386.835067 -1146.308019 0.844070 0.383745 -0.306205 -0.215694
1545305746.371077 -1413.504541 386.958950 -1151.768463 0.846267 0.374145 -0.303639 -0.227271
1545305746.429706 -1418.709072 387.090243 -1157.244870 0.848423 0.365596 -0.301191 -0.236222
1545305746.488556 -1423.925317 387.228114 -1162.740954 0.850401 0.356501 -0.299089 -0.245502
1545305746.547673 -1429.157127 387.372518 -1168.260779 0.851879 0.346637 -0.299376 -0.254006
1545305746.607237 -1434.420195 387.524046 -1173.819279 0.852393 0.335875 -0.303780 -0.261405
1545305746.667481 -1439.732550 387.683816 -1179.437900 0.852790 0.322812 -0.308856 -0.270463
1545305746.789809 -1450.483121 388.024867 -1190.832747 0.850608 0.305677 -0.310070 -0.294760
1545305746.851079 -1455.849888 388.201425 -1196.537141 0.847917 0.305164 -0.308592 -0.304438
1545305746.911966 -1461.170270 388.379662 -1202.203776 0.844388 0.307330 -0.301723 -0.318622
1545305746.972197 -1466.421566 388.557591 -1207.806979 0.838353 0.313769 -0.293061 -0.335900
1545305747.031629 -1471.591815 388.732390 -1213.333094 0.831667 0.319386 -0.283585 -0.354826
1545305747.090299 -1476.685358 388.902741 -1218.787119 0.823835 0.325949 -0.275234 -0.373228
1545305747.148378 -1481.717330 389.067714 -1224.184283 0.815347 0.333346 -0.268460 -0.389897
1545305747.205982 -1486.698521 389.225933 -1229.536822 0.805784 0.341034 -0.260839 -0.407886
1545305747.263149 -1491.633121 389.376982 -1234.849010 0.794030 0.351112 -0.250119 -0.428575
1545305747.319897 -1496.522196 389.518350 -1240.122083 0.780592 0.361943 -0.237832 -0.450676
1545305747.376131 -1501.359218 389.648233 -1245.347942 0.766232 0.373428 -0.226751 -0.471193
1545305747.431839 -1506.143052 389.765871 -1250.527144 0.750315 0.388172 -0.217561 -0.488893
1545305747.487099 -1510.880826 389.868867 -1255.666267 0.734590 0.402960 -0.209848 -0.503949
1545305747.541983 -1515.579555 389.956964 -1260.774310 0.720514 0.419777 -0.207317 -0.511533
1545305747.596574 -1520.245287 390.029737 -1265.858005 0.707033 0.436390 -0.211945 -0.514536
1545305747.650980 -1524.887165 390.087971 -1270.927543 0.692574 0.453498 -0.218676 -0.516586
1545305747.759619 -1534.130383 390.163338 -1281.061908 0.662356 0.491209 -0.236248 -0.513989
1545305747.814006 -1538.742036 390.181161 -1286.140582 0.652133 0.500456 -0.248118 -0.512547
1545305747.868546 -1543.356266 390.187921 -1291.237873 0.642289 0.507275 -0.253568 -0.515596
1545305747.923287 -1547.975369 390.182120 -1296.358234 0.634049 0.511810 -0.254417 -0.520869
1545305747.978273 -1552.603641 390.164046 -1301.506966 0.630372 0.515078 -0.252625 -0.522979
1545305748.033530 -1557.243191 390.132516 -1306.685906 0.629906 0.515955 -0.251052 -0.523432
1545305748.088992 -1561.888591 390.087441 -1311.889030 0.629461 0.516493 -0.249941 -0.523969
1545305748.144810 -1566.551933 390.028018 -1317.128834 0.629509 0.515104 -0.248863 -0.525789
1545305748.200908 -1571.227011 389.954521 -1322.400743 0.629749 0.513452 -0.247022 -0.527981
1545305748.257303 -1575.914630 389.865778 -1327.704442 0.629842 0.510800 -0.246571 -0.530646
1545305748.371056 -1585.328996 389.638326 -1338.405637 0.623722 0.500995 -0.254613 -0.543275
1545305748.428482 -1590.060216 389.498298 -1343.812021 0.620780 0.495954 -0.263345 -0.547094
1545305748.486341 -1594.811992 389.340581 -1349.263753 0.617981 0.492294 -0.277114 -0.546767
1545305748.544696 -1599.588650 389.166469 -1354.767496 0.614868 0.488828 -0.292690 -0.545267
1545305748.603599 -1604.393782 388.976956 -1360.329946 0.610856 0.486646 -0.306584 -0.544092
1545305748.663098 -1609.229822 388.772149 -1365.956751 0.607087 0.486512 -0.320340 -0.540493
1545305748.723245 -1614.099816 388.551897 -1371.652583 0.606739 0.480919 -0.336401 -0.536115
1545305748.784094 -1619.005844 388.316353 -1377.423130 0.606918 0.474483 -0.352095 -0.531550
1545305748.845663 -1623.947853 388.067087 -1383.268747 0.604126 0.468448 -0.358601 -0.535718
1545305748.907993 -1628.928180 387.803271 -1389.195103 0.599475 0.463078 -0.355800 -0.547354
1545305749.035162 -1639.023003 387.221356 -1401.323022 0.579901 0.465774 -0.333628 -0.579190
1545305749.100163 -1644.145961 386.898967 -1407.541297 -0.566939 -0.468652 0.313872 0.600358
1545305749.166214 -1649.326345 386.550379 -1413.872589 -0.551637 -0.471640 0.290257 0.623701
1545305749.233411 -1654.570571 386.169887 -1420.329218 -0.532470 -0.476531 0.264668 0.647569
1545305749.301869 -1659.886918 385.752680 -1426.925488 -0.511153 -0.483442 0.238753 0.669331
1545305749.371711 -1665.284454 385.294148 -1433.676945 -0.488530 -0.493009 0.217021 0.686428
1545305749.442987 -1670.767044 384.790553 -1440.594037 -0.463177 -0.507234 0.199653 0.698798
1545305749.515718 -1676.333821 384.236746 -1447.680971 -0.429682 -0.523501 0.185875 0.711878
1545305749.589955 -1681.986465 383.629103 -1454.948133 -0.385138 -0.542139 0.177362 0.725463
1545305749.665795 -1687.728047 382.964769 -1462.412812 -0.336112 -0.564580 0.170068 0.734407
1545305749.822325 -1699.462151 381.458585 -1477.962248 -0.227548 -0.617143 0.153364 0.737452
1545305749.902818 -1705.430623 380.618357 -1486.041513 -0.164984 -0.641961 0.135154 0.736478
1545305749.984555 -1711.445600 379.726494 -1494.308562 -0.102504 -0.662066 0.110339 0.734157
1545305750.067240 -1717.484332 378.788526 -1502.739558 -0.045397 -0.677423 0.086988 0.729020
1545305750.150594 -1723.523243 377.808991 -1511.309918 0.001292 -0.685955 0.067129 0.724540
1545305750.234412 -1729.542896 376.788959 -1520.001859 0.036990 -0.685046 0.055407 0.725448
1545305750.318563 -1735.529496 375.728504 -1528.805320 0.064651 -0.679079 0.051378 0.729406
1545305750.402961 -1741.473878 374.629207 -1537.718451 0.082670 -0.677267 0.055804 0.728945
1545305750.487572 -1747.371173 373.492666 -1546.735762 0.098588 -0.674002 0.064729 0.729254
1545305750.572315 -1753.212986 372.321906 -1555.851182 0.116294 -0.666567 0.076195 0.732365
1545305750.657177 -1758.997578 371.120749 -1565.065431 0.131036 -0.659746 0.088740 0.734636
1545305750.742217 -1764.728546 369.892146 -1574.384670 0.133546 -0.661875 0.107974 0.729677
1545305750.827549 -1770.411797 368.635225 -1583.821835 0.124521 -0.674722 0.138410 0.714204
1545305750.999501 -1781.646605 366.037079 -1603.075720 0.117833 -0.686088 0.199033 0.689771
1545305751.173424 -1792.700431 363.338329 -1622.851460 0.126112 -0.678637 0.248570 0.679530
1545305751.348738 -1803.510754 360.573190 -1643.086262 0.164070 -0.633166 0.285044 0.700665
1545305751.524151 -1814.008703 357.798247 -1663.669863 0.214866 -0.573411 0.324311 0.721010
1545305751.611851 -1819.142782 356.421724 -1674.099507 0.230546 -0.549842 0.341705 0.726471
1545305751.699454 -1824.196527 355.059360 -1684.615574 0.231490 -0.542081 0.361723 0.722300
1545305751.874564 -1834.064353 352.380402 -1705.925877 0.220862 -0.569465 0.420372 0.670982
1545305751.962270 -1838.888119 351.067882 -1716.733494 0.217818 -0.573422 0.443910 0.653212
1545305752.049976 -1843.631534 349.780613 -1727.624612 0.214568 -0.566352 0.464149 0.646352
1545305752.225389 -1852.890748 347.287115 -1749.663104 0.201569 -0.531146 0.485555 0.664447
1545305752.313095 -1857.412631 346.077520 -1760.816933 0.192474 -0.516473 0.486592 0.677818
1545305752.400802 -1861.862456 344.891771 -1772.065217 0.181581 -0.507229 0.489156 0.685911
1545305752.488508 -1866.233358 343.727207 -1783.408800 0.183185 -0.491775 0.502361 0.687193
1545305752.576216 -1870.526236 342.587491 -1794.850740 0.185122 -0.474056 0.512346 0.691739
1545305752.663878 -1874.741346 341.473177 -1806.389377 0.185148 -0.461784 0.516212 0.697137
1545305752.751189 -1878.861062 340.389226 -1817.983892 0.192540 -0.436625 0.515329 0.711845
1545305752.837889 -1882.875129 339.337512 -1829.604775 0.202263 -0.406260 0.512502 0.728961
1545305752.923903 -1886.787902 338.315708 -1841.245552 0.207766 -0.394144 0.513570 0.733300
1545305753.009883 -1890.628133 337.316781 -1852.993087 0.216395 -0.390895 0.517577 0.729718
1545305753.095740 -1894.397295 336.343238 -1864.836314 0.231630 -0.385157 0.515368 0.729655
1545305753.180787 -1898.068888 335.402681 -1876.679804 0.245592 -0.382342 0.510457 0.730022
1545305753.264117 -1901.609552 334.504983 -1888.389716 0.258167 -0.377347 0.507306 0.730479
1545305753.345359 -1905.006545 333.653362 -1899.904643 0.260321 -0.368364 0.512690 0.730541
1545305753.425321 -1908.302737 332.838848 -1911.339125 0.263567 -0.352024 0.515677 0.735316
1545305753.504531 -1911.520483 332.054239 -1922.764925 0.269533 -0.334062 0.514790 0.742122
1545305753.582851 -1914.658356 331.299493 -1934.160205 0.273913 -0.312486 0.514334 0.750189
1545305754.319268 -1942.419130 325.174663 -2046.506393 0.437742 -0.111554 0.386763 0.803960
1545305754.387623 -1944.880383 324.702247 -2057.434202 0.457933 -0.088829 0.365484 0.805499
1545305755.032643 -1968.249734 321.284729 -2164.929399 0.670747 0.134554 0.089086 0.723918
1545305755.093599 -1970.515973 321.089793 -2175.474419 0.687218 0.148466 0.062288 0.708385
1545305755.389802 -1981.774000 320.582054 -2227.567781 0.779334 0.128598 -0.083610 0.607544
1545305755.448148 -1984.033286 320.580713 -2237.979179 0.789987 0.100265 -0.113694 0.594088
1545305756.035605 -2006.989152 322.758997 -2345.281736 0.859200 0.064843 -0.181460 0.473966
1545305756.095003 -2009.320788 323.204419 -2356.357450 0.865167 0.059652 -0.169642 0.468134
1545305756.702065 -2033.214777 329.855920 -2471.611321 0.905182 -0.081469 -0.068497 0.411480
1545305756.761652 -2035.546289 330.709909 -2483.116536 0.908382 -0.092548 -0.060008 0.403332
1545305756.879297 -2040.129389 332.501991 -2505.922427 0.914472 -0.107624 -0.037396 0.388277
1545305759.303296 -2040.129389 332.501991 -2505.921939 0.914472 -0.107624 -0.037396 0.388277
1545305759.359341 -2042.304848 333.405205 -2516.828853 0.916894 -0.116340 -0.041882 0.379494
1545305759.472777 -2046.690217 335.337774 -2538.987503 0.922257 -0.120629 -0.047684 0.364166
1545305759.647274 -2053.391206 338.575157 -2573.280069 0.936526 -0.077483 -0.035710 0.340058
1545305759.828686 -2060.339552 342.239189 -2609.186850 0.949446 -0.006881 -0.013009 0.313586
1545305759.890960 -2062.729710 343.564836 -2621.569601 0.952546 0.011847 -0.009027 0.304031
1545305759.954221 -2065.163643 344.949020 -2634.176490 0.955518 0.015299 -0.014028 0.294201
1545305760.083951 -2070.172712 347.905724 -2660.113918 0.959224 -0.014270 -0.059805 0.275879
1545305760.218402 -2075.366182 351.128485 -2687.110248 0.962060 -0.005704 -0.102066 0.252963
1545305760.358058 -2080.757199 354.622578 -2715.273780 0.963690 0.040975 -0.138935 0.224322
1545305760.429971 -2083.533625 356.476657 -2729.822065 0.962903 0.088197 -0.152898 0.204112
1545305760.503366 -2086.369914 358.407230 -2744.699837 0.959486 0.142003 -0.165486 0.178424
1545305760.578334 -2089.273123 360.417164 -2759.923526 0.953224 0.194009 -0.179300 0.146890
1545305760.654897 -2092.245630 362.511175 -2775.492536 0.944230 0.248194 -0.188920 0.105544
1545305760.732895 -2095.285049 364.683878 -2791.380563 0.932659 0.300952 -0.190782 0.056374
1545305760.892776 -2101.552197 369.238655 -2823.972156 0.901578 0.380423 -0.203680 -0.030837
1545305761.056818 -2108.033528 374.029237 -2857.429519 0.873884 0.414926 -0.236038 -0.091921
1545305761.307200 -2117.964567 381.542781 -2908.479779 0.861186 0.384469 -0.308044 -0.125102
1545305761.475201 -2124.602036 386.737020 -2942.709898 0.862478 0.367076 -0.314489 -0.149946
1545305761.559457 -2127.916600 389.384246 -2959.874740 0.863868 0.360734 -0.312003 -0.162040
1545305761.644053 -2131.233306 392.066737 -2977.104796 0.864030 0.349220 -0.319091 -0.172274
1545305761.814677 -2137.872888 397.556230 -3011.839568 0.859738 0.314743 -0.358315 -0.182752
1545305761.987094 -2144.483376 403.217199 -3046.932654 0.854900 0.254609 -0.410168 -0.189953
1545305762.160175 -2150.983474 409.007375 -3082.199374 0.848438 0.193421 -0.424177 -0.250628
1545305762.246408 -2154.161525 411.920120 -3099.790344 0.847526 0.169060 -0.419453 -0.277809
1545305762.332242 -2157.282099 414.828969 -3117.315508 0.847851 0.145795 -0.413333 -0.298411
1545305762.417562 -2160.339843 417.729331 -3134.746310 0.848866 0.124395 -0.403742 -0.317717
1545305762.502508 -2163.340122 420.620246 -3152.110973 0.847527 0.098767 -0.408609 -0.324010
1545305762.587693 -2166.301044 423.522146 -3169.533864 0.841746 0.068805 -0.425994 -0.324436
1545305762.760492 -2172.141551 429.416691 -3204.909076 0.842135 0.048010 -0.403510 -0.354518
1545305762.848168 -2175.021854 432.404435 -3222.871559 0.845510 0.048746 -0.375210 -0.376767
1545305762.935874 -2177.851762 435.384463 -3240.848422 0.846457 0.047052 -0.352055 -0.396679
1545305763.023580 -2180.634995 438.350488 -3258.828562 0.843131 0.045418 -0.338503 -0.415310
1545305763.111264 -2183.374300 441.302405 -3276.809519 0.835772 0.041907 -0.333138 -0.434452
1545305763.198560 -2186.058918 444.219053 -3294.718353 0.828336 0.047762 -0.317002 -0.459443
1545305763.285113 -2188.682003 447.085399 -3312.484169 0.822392 0.061073 -0.290153 -0.485544
1545305763.370920 -2191.249620 449.899188 -3330.105201 0.813513 0.073608 -0.271760 -0.508847
1545305763.456512 -2193.781113 452.673620 -3347.691144 0.803520 0.088012 -0.258536 -0.528932
1545305763.627129 -2198.743593 458.097631 -3382.776985 0.781753 0.112133 -0.237456 -0.565599
1545305763.793770 -2203.492060 463.241330 -3417.093822 0.757465 0.126951 -0.238886 -0.594191
1545305763.875085 -2205.772921 465.693062 -3433.861428 0.747272 0.134550 -0.223917 -0.611017
1545305763.955448 -2208.005710 468.074324 -3450.448912 0.735760 0.142314 -0.200199 -0.631129
1545305764.035117 -2210.202762 470.391732 -3466.910413 0.724392 0.149950 -0.178876 -0.648671
1545305764.192588 -2214.506148 474.835299 -3499.503304 0.696790 0.169325 -0.135494 -0.683706
1545305764.346997 -2218.686508 479.001033 -3531.544615 -0.664329 -0.191658 0.093057 0.716432
1545305764.497471 -2222.738856 482.862239 -3562.865086 -0.618727 -0.216855 0.060103 0.752688
1545305764.644293 -2226.678336 486.427010 -3593.542970 -0.575961 -0.249242 0.052900 0.776756
1545305764.787468 -2230.500671 489.705474 -3623.589958 -0.528460 -0.283105 0.048505 0.798892
1545305764.857821 -2232.368508 491.242795 -3638.406038 -0.496288 -0.297937 0.035779 0.814648
1545305764.927318 -2234.206372 492.712756 -3653.082870 -0.463936 -0.312797 0.019398 0.828580
1545305764.995860 -2236.013008 494.117075 -3667.598972 -0.430958 -0.328179 -0.000341 0.840579
1545305765.063407 -2237.786525 495.454163 -3681.946901 -0.396620 -0.340729 -0.022625 0.852106
1545305765.195931 -2241.247435 497.938775 -3710.237122 -0.326900 -0.361259 -0.070614 0.870426
1545305765.390610 -2246.289068 501.264032 -3752.173945 -0.218107 -0.388922 -0.134227 0.884959
1545305765.517957 -2249.559630 503.235285 -3779.893591 -0.156017 -0.433637 -0.140660 0.876260
1545305765.580333 -2251.146943 504.144457 -3793.556872 -0.124640 -0.460449 -0.141034 0.867503
1545305765.702636 -2254.219299 505.826339 -3820.516444 -0.068482 -0.519061 -0.131175 0.841831
1545305765.822642 -2257.165993 507.355675 -3847.184075 -0.014026 -0.560830 -0.134221 0.816859
1545305765.998972 -2261.349521 509.408234 -3886.746908 0.041315 -0.592540 -0.156004 0.789210
1545305766.114640 -2263.989051 510.631327 -3912.953734 0.085856 -0.613616 -0.156853 0.769092
1545305766.172004 -2265.263165 511.203605 -3926.026234 0.110864 -0.624887 -0.153481 0.757409
1545305766.229211 -2266.509302 511.752741 -3939.110357 0.132799 -0.632816 -0.151771 0.747579
1545305766.807715 -2277.544378 516.350020 -4074.184281 0.249333 -0.616350 -0.091708 0.741306
1545305766.864887 -2278.478788 516.732674 -4087.803171 0.252155 -0.614483 -0.075945 0.743681
1545305767.151783 -2282.734016 518.522834 -4156.858347 0.249477 -0.609214 0.015428 0.752584
1545305767.209798 -2283.507916 518.861939 -4170.960406 0.248531 -0.599582 0.030570 0.760131
1545305767.776146 -2289.545807 521.894432 -4310.969755 0.229043 -0.586058 0.175101 0.757242
1545305767.831960 -2289.979053 522.171397 -4324.990901 0.238637 -0.579405 0.188193 0.756258
1545305768.406660 -2292.678534 525.189273 -4471.828266 0.349761 -0.512320 0.316681 0.717571
1545305768.466789 -2292.772866 525.552258 -4487.450903 0.366165 -0.500817 0.317891 0.716973
1545305769.059068 -2292.108326 530.033670 -4644.243366 0.493235 -0.346162 0.303704 0.738007
1545305769.115746 -2291.925127 530.556666 -4659.535758 0.504909 -0.334980 0.297445 0.737822
1545305769.687954 -2289.365730 536.858919 -4816.851025 0.647882 -0.159041 0.141830 0.731327
1545305769.747694 -2289.054961 537.634649 -4833.585672 0.662000 -0.155734 0.123447 0.722678
1545305770.057379 -2287.333774 542.089708 -4921.259155 0.722273 -0.199840 0.029297 0.661458
1545305770.121969 -2286.942624 543.119463 -4939.733771 0.736241 -0.181166 0.004717 0.652002
1545305770.841082 -2282.361718 557.189233 -5149.329297 0.842980 0.069787 -0.302565 0.439282
1545305770.921782 -2281.849027 559.086543 -5173.233166 0.849244 0.105706 -0.332003 0.396717
1545305771.783214 -2276.292886 583.145274 -5431.197910 0.862024 0.237488 -0.436928 0.098022
1545305771.870811 -2275.683991 585.964292 -5457.627054 0.862164 0.216240 -0.449140 0.090483
1545305772.747602 -2267.689573 617.751811 -5723.780323 0.871271 -0.009235 -0.489897 -0.028346
1545305772.835169 -2266.626286 621.222999 -5750.532833 0.875444 -0.026600 -0.480029 -0.049620
1545305773.705482 -2253.123889 657.264695 -6017.857072 0.892932 0.006227 -0.329769 -0.306408
1545305773.789372 -2251.582558 660.797593 -6043.711712 0.887689 0.031555 -0.313232 -0.336002
1545305774.558530 -2236.070817 692.624596 -6281.076714 0.730655 0.228778 -0.249191 -0.593049
1545305774.629663 -2234.525373 695.446289 -6303.075218 0.709029 0.245851 -0.245334 -0.613715
1545305774.972270 -2226.790454 708.548859 -6409.194711 -0.609979 -0.319177 0.244334 0.682900
1545305775.038836 -2225.224452 710.990306 -6429.852602 -0.590544 -0.331184 0.234577 0.697530
1545305775.170177 -2222.076621 715.700009 -6470.667863 -0.555199 -0.362437 0.228093 0.712999
1545305775.363807 -2217.271340 722.378254 -6530.982498 -0.476695 -0.419037 0.223369 0.739781
1545305775.491921 -2213.981262 726.628913 -6571.006374 -0.398598 -0.462873 0.201616 0.765650
1545305775.682937 -2208.889718 732.712161 -6630.911118 -0.276912 -0.510374 0.155651 0.799131
1545305775.745692 -2207.169260 734.648014 -6650.663741 -0.244186 -0.525184 0.143723 0.802433
1545305775.990124 -2200.219050 741.898383 -6727.977203 -0.125148 -0.583286 0.117241 0.793959
1545305776.109126 -2196.680181 745.271581 -6765.848854 -0.062643 -0.605689 0.103655 0.786430
1545305776.168056 -2194.887096 746.906892 -6784.663432 -0.032168 -0.616937 0.098407 0.780173
1545305776.226672 -2193.075506 748.512715 -6803.416028 -0.001377 -0.626143 0.091256 0.774349
1545305776.285039 -2191.242472 750.090863 -6822.130087 0.029480 -0.633165 0.083858 0.768896
1545305776.343229 -2189.386548 751.646900 -6840.829133 0.064728 -0.636459 0.075723 0.764850
1545305776.401311 -2187.503310 753.180867 -6859.532532 0.099024 -0.638636 0.067690 0.760103
1545305776.459378 -2185.588857 754.698613 -6878.276498 0.131911 -0.638547 0.059873 0.755826
1545305776.517510 -2183.642212 756.203442 -6897.083411 0.164858 -0.637440 0.053023 0.750787
1545305776.575800 -2181.657041 757.700328 -6915.989434 0.198818 -0.634558 0.047000 0.745385
1545305776.634305 -2179.632339 759.190534 -6935.008555 0.232098 -0.633190 0.041798 0.737193
1545305776.751961 -2175.458513 762.161907 -6973.402635 0.297560 -0.627753 0.030571 0.718645
1545305776.870320 -2171.123056 765.127223 -7012.217366 0.356075 -0.623363 0.016269 0.695963
1545305776.989447 -2166.618605 768.104571 -7051.478292 0.406919 -0.619617 0.000034 0.671187
1545305777.049443 -2164.294593 769.605825 -7071.326261 0.431830 -0.617001 -0.009920 0.657825
1545305777.170703 -2159.495056 772.647026 -7111.586334 0.475470 -0.610320 -0.035234 0.632611
1545305777.232085 -2157.010275 774.191843 -7132.037785 0.493776 -0.610425 -0.047934 0.617469
1545305777.294025 -2154.463553 775.758682 -7152.728423 -0.513049 0.610254 0.058067 -0.600832
1545305777.419784 -2149.180660 778.957756 -7194.885797 -0.548517 0.606539 0.076872 -0.570378
1545305777.483691 -2146.434259 780.597323 -7216.384668 -0.565821 0.603769 0.085190 -0.555025
1545305777.548340 -2143.617163 782.264800 -7238.185686 -0.584829 0.600437 0.090237 -0.537873
1545305777.613756 -2140.722963 783.964959 -7260.296214 0.603322 -0.597844 -0.093677 0.519431
1545305777.679891 -2137.754597 785.696812 -7282.701109 0.621205 -0.596248 -0.095415 0.499488
1545305777.746639 -2134.717377 787.457891 -7305.362383 0.636006 -0.596483 -0.095907 0.480110
1545305777.813824 -2131.617093 789.247600 -7328.220967 0.646299 -0.600207 -0.097418 0.461040
1545305777.881244 -2128.462643 791.057765 -7351.210881 0.655091 -0.605432 -0.097756 0.441307
1545305777.948701 -2125.266749 792.885176 -7374.255096 0.663098 -0.609236 -0.094542 0.424493
1545305778.016019 -2122.034711 794.723369 -7397.296475 0.669825 -0.612547 -0.090703 0.409748
1545305778.083069 -2118.775283 796.570335 -7420.289109 0.674440 -0.616529 -0.087177 0.396766
1545305778.149779 -2115.491952 798.423745 -7443.204658 0.680852 -0.617460 -0.083403 0.385003
1545305778.216143 -2112.187182 800.282248 -7466.043643 0.690461 -0.613109 -0.078220 0.375823
1545305778.282197 -2108.863399 802.147249 -7488.813370 0.701415 -0.605614 -0.071467 0.368974
1545305778.348011 -2105.514759 804.021592 -7511.537217 0.712866 -0.596797 -0.063405 0.362817
1545305778.413709 -2102.137302 805.911504 -7534.260088 0.724859 -0.587076 -0.056820 0.355938
1545305778.479403 -2098.726122 807.821816 -7557.015658 0.738822 -0.575017 -0.053752 0.347288
1545305778.545195 -2095.275439 809.755201 -7579.841109 0.755450 -0.557800 -0.050277 0.340040
1545305778.611214 -2091.780370 811.717885 -7602.782759 0.773367 -0.537931 -0.046906 0.332165
1545305778.677600 -2088.233765 813.715168 -7625.882124 0.790723 -0.517584 -0.044753 0.323822
1545305778.744531 -2084.626830 815.756738 -7649.209953 0.807749 -0.497455 -0.044617 0.313191
1545305778.812161 -2080.951946 817.847936 -7672.818996 0.823990 -0.478118 -0.047456 0.300320
1545305778.880598 -2077.205411 819.991649 -7696.740501 0.838354 -0.461679 -0.053435 0.284887
1545305778.949901 -2073.381433 822.193928 -7721.003837 0.852396 -0.443937 -0.060589 0.269574
1545305779.020118 -2069.479565 824.455681 -7745.618707 0.867798 -0.422850 -0.069549 0.251571
1545305779.091283 -2065.497880 826.781374 -7770.602720 0.882073 -0.402079 -0.077280 0.233040
1545305779.163430 -2061.433331 829.171935 -7795.963729 0.895374 -0.380682 -0.087135 0.213997
1545305779.236548 -2057.288768 831.629932 -7821.700725 0.907974 -0.358446 -0.094368 0.195434
1545305779.310572 -2053.066272 834.154769 -7847.792613 0.921738 -0.332895 -0.097797 0.173248
1545305779.385412 -2048.769520 836.746059 -7874.199402 0.936159 -0.303017 -0.096208 0.150101
1545305779.461000 -2044.405873 839.404259 -7900.907505 0.950134 -0.268517 -0.094374 0.127429
1545305779.537331 -2039.978429 842.129864 -7927.904148 0.961875 -0.237460 -0.090574 0.101027
1545305779.614400 -2035.488998 844.925541 -7955.186557 0.969807 -0.213175 -0.089068 0.078090
1545305779.692205 -2030.938550 847.793427 -7982.751735 0.976205 -0.189455 -0.092851 0.050084
1545305779.770710 -2026.330282 850.730711 -8010.583132 0.980449 -0.168039 -0.099946 0.022201
1545305779.849833 -2021.669278 853.734671 -8038.650425 0.983780 -0.144546 -0.106088 -0.005442
1545305779.929485 -2016.961238 856.801701 -8066.918955 0.986095 -0.119252 -0.111757 -0.030100
1545305780.009621 -2012.208912 859.930502 -8095.372091 0.987069 -0.093385 -0.116136 -0.059043
1545305780.171279 -2002.580150 866.358908 -8152.791253 0.984454 -0.044302 -0.123040 -0.117258
1545305780.252760 -1997.707141 869.653290 -8181.733340 0.981263 -0.020642 -0.125417 -0.144802
1545305780.334641 -1992.798195 872.998826 -8210.817085 0.976635 0.000811 -0.125121 -0.174721
1545305780.416891 -1987.856187 876.391335 -8240.028343 0.971048 0.017518 -0.126518 -0.201874
1545305780.499467 -1982.885080 879.821523 -8269.346179 0.963871 0.033251 -0.134058 -0.227761
1545305780.582271 -1977.887704 883.283587 -8298.738458 0.953244 0.048531 -0.141332 -0.262669
1545305780.665210 -1972.870722 886.766859 -8328.172726 0.942862 0.060148 -0.147517 -0.292631
1545305780.748156 -1967.841175 890.259840 -8357.612758 0.934310 0.068636 -0.157029 -0.312564
1545305780.831007 -1962.805305 893.758728 -8387.021557 0.925829 0.073645 -0.166657 -0.331122
1545305780.913692 -1957.766897 897.256172 -8416.374655 0.917642 0.078888 -0.172642 -0.349148
1545305780.996172 -1952.727213 900.742951 -8445.663322 0.909388 0.082580 -0.180415 -0.365573
1545305781.078398 -1947.689276 904.217021 -8474.873000 0.900269 0.081456 -0.191757 -0.382242
1545305781.160345 -1942.653273 907.683264 -8503.993734 0.891832 0.081151 -0.197435 -0.398836
1545305781.241982 -1937.621901 911.127948 -8533.018716 0.883580 0.082195 -0.196711 -0.416936
1545305781.323280 -1932.596135 914.556029 -8561.933406 0.874766 0.081242 -0.196970 -0.435186
1545305781.404265 -1927.575114 917.960605 -8590.755471 0.864371 0.076311 -0.199332 -0.455308
1545305781.484964 -1922.555550 921.345566 -8619.484763 0.853705 0.070934 -0.196035 -0.477207
1545305781.565408 -1917.533949 924.707058 -8648.134969 0.842685 0.064546 -0.189357 -0.499859
1545305781.645630 -1912.508489 928.042340 -8676.710902 0.832432 0.058637 -0.184742 -0.519123
1545305781.725669 -1907.475527 931.346397 -8705.229220 0.821951 0.053191 -0.178443 -0.538262
1545305781.805594 -1902.431992 934.628020 -8733.713375 0.811217 0.046626 -0.171734 -0.557011
1545305781.885495 -1897.372282 937.881410 -8762.201434 0.800721 0.037840 -0.168168 -0.573702
1545305781.965438 -1892.293215 941.109401 -8790.714972 0.788841 0.027541 -0.164624 -0.591498
1545305782.045419 -1887.191918 944.308100 -8819.247099 0.776107 0.017473 -0.158511 -0.610104
1545305782.125405 -1882.071467 947.467134 -8847.791450 0.783774 0.014220 -0.132248 -0.606635
1545305782.205446 -1876.925650 950.560029 -8876.313507 0.760881 -0.014030 -0.118651 -0.637797
1545305782.285873 -1871.747808 953.632097 -8904.992738 0.753167 -0.027604 -0.121970 -0.645833
1545305782.366520 -1866.543129 956.679648 -8933.768721 0.743504 -0.036973 -0.109070 -0.658740
1545305782.447268 -1861.325961 959.708658 -8962.619142 0.730311 -0.050247 -0.100754 -0.673773
1545305782.528171 -1856.098078 962.726182 -8991.574404 0.727238 -0.057146 -0.102381 -0.676297
1545305782.609211 -1850.851761 965.643854 -9020.552803 0.712105 -0.064787 -0.069057 -0.695658
1545305782.690561 -1845.581230 968.527446 -9049.662777 -0.685509 0.080340 0.062340 0.720928
1545305782.772152 -1840.300238 971.402551 -9078.920249 0.705227 -0.098219 -0.065354 -0.699097
1545305782.853899 -1835.005967 974.196345 -9108.226252 -0.666180 0.106456 0.043364 0.736879
1545305782.936155 -1829.686559 976.968832 -9137.759670 -0.660928 0.116699 0.033589 0.740559
1545305783.018823 -1824.345064 979.693020 -9167.467418 -0.646063 0.133811 0.027940 0.750944
1545305783.101874 -1818.978626 982.375760 -9197.344017 -0.632151 0.150058 0.018956 0.759940
1545305783.185220 -1813.595230 985.011692 -9227.355518 -0.615568 0.164120 0.008230 0.770761
1545305783.268819 -1808.197872 987.599819 -9257.490007 -0.599185 0.179327 -0.000086 0.780268
1545305783.352621 -1802.794549 990.132337 -9287.738711 -0.582721 0.195002 -0.008467 0.788884
1545305783.436579 -1797.387584 992.611699 -9318.075315 -0.565384 0.210106 -0.018083 0.797414
1545305783.520669 -1791.981936 995.034468 -9348.501730 -0.547847 0.225268 -0.026905 0.805229
1545305783.604872 -1786.582256 997.396254 -9379.010152 -0.529848 0.240652 -0.035165 0.812472
1545305783.689165 -1781.189048 999.701948 -9409.594731 -0.511257 0.255848 -0.043880 0.819288
1545305783.773534 -1775.807795 1001.943239 -9440.254458 -0.492591 0.271125 -0.052595 0.825275
1545305783.857965 -1770.439812 1004.125977 -9470.983498 -0.473683 0.285737 -0.061131 0.830808
1545305784.026964 -1759.758378 1008.304359 -9532.639743 -0.434293 0.314942 -0.078199 0.840289
1545305784.196095 -1749.169627 1012.235603 -9594.561469 -0.393774 0.343540 -0.094905 0.847299
1545305784.365326 -1738.689653 1015.924086 -9656.745744 -0.352167 0.371228 -0.111208 0.851939
1545305784.449975 -1733.497409 1017.679145 -9687.941341 -0.331082 0.384607 -0.119296 0.853365
1545305784.534640 -1728.341268 1019.374911 -9719.205255 -0.309699 0.397882 -0.127123 0.854176
1545305784.619325 -1723.219513 1021.013214 -9750.539450 -0.288043 0.410720 -0.134975 0.854472
1545305784.704024 -1718.138985 1022.594291 -9781.943909 -0.266292 0.423412 -0.142694 0.854078
1545305784.873463 -1708.103786 1025.595015 -9844.973420 -0.222189 0.447676 -0.157821 0.851652
1545305784.958200 -1703.153754 1027.017340 -9876.598466 -0.199934 0.459344 -0.165157 0.849560
1545305785.042938 -1698.251777 1028.388411 -9908.293783 -0.177572 0.470664 -0.172430 0.846883
1545305785.127683 -1693.400049 1029.712499 -9940.064259 -0.155050 0.481590 -0.179647 0.843657
1545305785.212441 -1688.599548 1030.990206 -9971.911842 -0.132447 0.492193 -0.186596 0.839873
1545305785.297202 -1683.855156 1032.223364 -10003.835558 -0.109778 0.502404 -0.193467 0.835529
1545305785.381962 -1679.161501 1033.415146 -10035.832476 -0.087030 0.512273 -0.200288 0.830594
1545305785.466721 -1674.527371 1034.567256 -10067.904551 -0.064214 0.521785 -0.206951 0.825099
1545305785.551481 -1669.952278 1035.683106 -10100.052761 -0.041370 0.530881 -0.213436 0.819084
1545305785.636231 -1665.437688 1036.762088 -10132.276127 -0.018478 0.539653 -0.219818 0.812474
1545305785.720979 -1660.986035 1037.809799 -10164.574665 0.003951 0.547671 -0.226427 0.805463
1545305785.805718 -1656.595382 1038.829189 -10196.948340 0.026706 0.555857 -0.232576 0.797633
1545305785.890453 -1652.271573 1039.819510 -10229.398165 0.049509 0.563383 -0.238473 0.789480
1545305785.975192 -1648.011195 1040.786132 -10261.926080 0.072275 0.570539 -0.244226 0.780778
1545305786.144668 -1639.689533 1042.656206 -10327.219101 0.117351 0.583976 -0.255620 0.761485
1545305786.229390 -1635.629708 1043.565508 -10359.974461 0.139892 0.589926 -0.260838 0.751253
1545305786.314114 -1631.638690 1044.461972 -10392.810829 0.162143 0.595801 -0.266370 0.740120
1545305786.398835 -1627.716477 1045.346922 -10425.722383 0.184424 0.600950 -0.271240 0.728886
1545305786.483552 -1623.864048 1046.224271 -10458.709104 0.206586 0.605705 -0.275941 0.717148
1545305786.568273 -1620.083354 1047.097935 -10491.774876 0.228565 0.610505 -0.280941 0.704353
1545305786.652995 -1616.366095 1047.967660 -10524.914830 0.251057 0.614941 -0.285093 0.691043
1545305786.737729 -1612.723022 1048.838790 -10558.136834 0.272736 0.618437 -0.289199 0.677875
1545305786.822474 -1609.149249 1049.714517 -10591.435968 0.294228 0.621512 -0.293120 0.664254
1545305786.907225 -1605.646723 1050.597291 -10624.814160 0.315582 0.624534 -0.297186 0.649650
