1540822817.214197 -0.000243 -0.063706 0.003129 -0.666900 -0.023964 -0.021441 0.744453
1540822817.311643 -0.003091 -0.058746 0.003630 -0.666152 -0.004756 -0.038977 0.744782
1540822817.555042 -0.000237 -0.063709 0.003133 -0.666920 -0.023975 -0.021390 0.744436
1540822817.603688 -0.003093 -0.058745 0.003635 -0.666183 -0.004725 -0.038976 0.744754
1540822818.089952 -0.000239 -0.063709 0.003134 -0.666918 -0.023951 -0.021393 0.744439
1540822818.138552 -0.003089 -0.058749 0.003632 -0.666156 -0.004822 -0.039014 0.744776
1540822818.624711 -0.000244 -0.063709 0.003129 -0.666896 -0.023923 -0.021410 0.744459
1540822818.673416 -0.003083 -0.058744 0.003630 -0.666156 -0.004785 -0.038933 0.744780
1540822819.160936 -0.000237 -0.063712 0.003119 -0.666837 -0.023940 -0.021376 0.744512
1540822819.209683 -0.003118 -0.058740 0.003630 -0.666169 -0.004650 -0.039154 0.744758
1540822819.697219 -0.000231 -0.063714 0.003121 -0.666838 -0.023969 -0.021333 0.744511
1540822819.745977 -0.003147 -0.058716 0.003650 -0.666448 -0.003201 -0.039470 0.744499
1540822819.989796 -0.000177 -0.063725 0.003108 -0.666581 -0.025147 -0.020696 0.744721
1540822820.038567 -0.003129 -0.058720 0.003639 -0.666124 -0.003957 -0.039707 0.744773
1540822820.526400 -0.000181 -0.063725 0.003104 -0.666537 -0.024892 -0.020604 0.744771
1540822820.575197 -0.003132 -0.058722 0.003628 -0.665817 -0.004318 -0.040218 0.745018
1540822821.063158 -0.000174 -0.063725 0.003108 -0.666570 -0.024908 -0.020397 0.744747
1540822821.111956 -0.003078 -0.058789 0.003453 -0.664207 -0.006327 -0.040306 0.746434
1540822821.600031 -0.000170 -0.063725 0.003106 -0.666522 -0.025012 -0.020414 0.744786
1540822821.648841 -0.003756 -0.059627 0.001634 -0.647332 -0.012695 -0.053851 0.760197
1540822821.941508 -0.000995 -0.059847 0.005025 -0.670382 -0.035378 -0.033134 0.740431
1540822822.136256 0.011749 -0.062408 0.099561 -0.666863 -0.040186 -0.033285 0.743351
1540822822.184971 0.011725 -0.057572 0.113072 -0.673890 -0.046065 -0.031473 0.736722
1540822822.477538 0.017274 -0.065245 0.188315 -0.670105 -0.040145 -0.020858 0.740886
1540822822.673367 0.027165 -0.073921 0.234391 -0.668420 -0.027607 -0.033987 0.742494
1540822822.722426 0.030261 -0.073294 0.243950 -0.669485 -0.023329 -0.041796 0.741282
1540822822.968288 0.037866 -0.007812 0.278689 -0.675374 -0.039688 -0.041758 0.735221
1540822823.017526 0.031717 0.008408 0.285157 -0.671920 -0.068744 -0.024735 0.737011
1540822823.313307 0.033060 0.128417 0.298468 -0.667386 -0.104548 0.004502 0.737323
1540822823.511268 0.028280 0.164246 0.297456 -0.653893 -0.103213 0.011463 0.749426
1540822823.560932 0.039005 0.170542 0.291728 -0.655797 -0.099396 0.010221 0.748296
1540822823.759987 -0.056496 0.107257 0.238529 -0.678430 -0.072916 -0.024206 0.730637
1540822823.908835 -0.050514 0.104382 0.249337 -0.684834 -0.056045 -0.061565 0.723927
1540822824.057039 -0.100552 0.115298 0.250929 -0.675600 -0.061967 -0.066841 0.731613
1540822824.106395 -0.063428 0.095539 0.305122 -0.668550 -0.075996 -0.052336 0.737921
1540822824.254752 -0.104474 0.145994 0.258574 -0.646705 -0.084233 -0.051787 0.756304
1540822824.404155 -0.107573 0.163489 0.263127 -0.640514 -0.092718 -0.035979 0.761479
1540822824.504323 -0.133531 0.156868 0.270652 -0.648251 -0.098760 -0.037298 0.754073
1540822824.604697 -0.128605 0.178958 0.249651 -0.653695 -0.096709 -0.036658 0.749658
1540822824.654892 -0.050984 0.215787 0.302491 -0.653695 -0.077995 -0.063355 0.750057
1540822824.755272 -0.034888 0.217345 0.314480 -0.650713 -0.076939 -0.075963 0.751587
1540822824.855651 -0.046238 0.218963 0.328669 -0.649133 -0.069389 -0.087844 0.752393
1540822824.956051 -0.087494 0.221981 0.336629 -0.646543 -0.060475 -0.092026 0.754888
1540822825.056583 -0.244694 0.245307 0.328252 -0.643429 -0.048418 -0.080443 0.759726
1540822825.157348 -0.275676 0.290955 0.303064 -0.640559 -0.047519 -0.063988 0.763761
1540822825.207843 -0.287844 0.299720 0.341383 -0.642171 -0.043671 -0.059984 0.762962
1540822825.309044 -0.304730 0.309063 0.345788 -0.649342 -0.038516 -0.054275 0.757579
1540822825.410342 -0.290498 0.321324 0.360835 -0.652684 -0.044880 -0.054545 0.754330
1540822825.460965 -0.279803 0.328655 0.372623 -0.651544 -0.052081 -0.057099 0.754664
1540822825.511567 -0.310749 0.391795 0.383494 -0.652321 -0.056371 -0.059852 0.753471
1540822825.612705 -0.433848 0.482070 0.410811 -0.653742 -0.066519 -0.068215 0.750695
1540822825.713755 -0.496341 0.514283 0.400982 -0.648741 -0.069645 -0.071884 0.754399
1540822825.814792 -0.364483 0.485890 0.460747 -0.644098 -0.060242 -0.064855 0.759804
1540822825.915936 -0.256921 0.556491 0.480239 -0.638940 -0.049771 -0.063978 0.764974
1540822826.017313 -0.268108 0.626553 0.470952 -0.633145 -0.045049 -0.058924 0.770471
1540822826.068129 -0.283544 0.547720 0.496496 -0.633332 -0.043359 -0.056099 0.770625
1540822826.169971 -0.292034 0.575065 0.519760 -0.635889 -0.049692 -0.046851 0.768753
1540822826.220956 -0.292520 0.586099 0.531989 -0.635659 -0.050327 -0.047313 0.768873
1540822826.271971 -0.291490 0.595869 0.543126 -0.636900 -0.048032 -0.048624 0.767911
1540822826.374041 -0.291927 0.615803 0.566041 -0.638895 -0.039901 -0.049940 0.766633
1540822826.476127 -0.299697 0.641170 0.592503 -0.642154 -0.041130 -0.052781 0.763650
1540822826.578172 -0.364560 0.543703 0.615550 -0.641426 -0.040882 -0.053342 0.764235
1540822826.629162 -0.370870 0.555269 0.629380 -0.642303 -0.040377 -0.050667 0.763707
1540822826.731085 -0.384283 0.578084 0.659198 -0.642219 -0.040404 -0.049843 0.763831
1540822826.832947 -0.397704 0.600625 0.691629 -0.641971 -0.042931 -0.049645 0.763914
1540822826.985674 -0.682688 0.736939 0.766256 -0.642971 -0.051595 -0.048936 0.762582
1540822827.087457 -0.840469 0.770998 0.783276 -0.644714 -0.050959 -0.053429 0.760849
1540822827.138330 -0.733220 0.758042 0.806657 -0.646824 -0.048762 -0.054098 0.759154
1540822827.189183 -0.747001 0.766719 0.823749 -0.650255 -0.047348 -0.056359 0.756141
1540822827.290765 -0.773822 0.778414 0.857159 -0.659435 -0.044659 -0.061308 0.747926
1540822827.392067 -0.798625 0.785666 0.891892 -0.666980 -0.037376 -0.071394 0.740704
1540822827.492967 -0.822758 0.802989 0.929230 -0.671241 -0.029425 -0.082248 0.736074
1540822827.593479 -0.984098 0.860822 0.942216 -0.671326 -0.025177 -0.083637 0.735997
1540822827.693714 -1.097175 0.909803 0.983728 -0.659799 -0.032480 -0.077993 0.746677
1540822827.743814 -1.021772 0.953369 1.013316 -0.653579 -0.037066 -0.068533 0.752837
1540822827.844189 -1.009791 1.003415 1.067039 -0.641182 -0.052675 -0.050135 0.763936
1540822827.894527 -1.031216 1.039844 1.091066 -0.636373 -0.061463 -0.041803 0.767792
1540822827.995580 -1.065120 1.096830 1.133305 -0.635719 -0.070435 -0.021887 0.768389
1540822828.097081 -1.096367 1.124008 1.165461 -0.645106 -0.069476 -0.022425 0.760597
1540822828.198773 -1.101386 1.139894 1.205785 -0.657573 -0.046860 -0.013567 0.751810
1540822828.249591 -1.071306 1.158603 1.234031 -0.661369 -0.026324 -0.008087 0.749555
1540822828.300355 -1.057897 1.178313 1.270786 -0.657870 -0.025425 -0.006158 0.752677
1540822828.401737 -1.068628 1.207380 1.354994 -0.651466 -0.022987 -0.017372 0.758131
1540822828.503113 -1.069487 1.252733 1.451141 -0.645592 -0.026136 -0.030967 0.762607
1540822828.553881 -1.069791 1.273468 1.500737 -0.643877 -0.032599 -0.043642 0.763188
1540822828.604737 -1.068181 1.297045 1.548363 -0.644027 -0.041734 -0.054479 0.761919
1540822828.706732 -1.066361 1.344999 1.629708 -0.640676 -0.066958 -0.082202 0.760457
1540822828.809102 -1.063659 1.400439 1.675890 -0.631020 -0.075081 -0.089664 0.766901
1540822828.911845 -1.059370 1.464071 1.686463 -0.637658 -0.070172 -0.070204 0.763897
1540822829.014675 -1.042276 1.533420 1.698637 -0.648738 -0.045584 -0.042045 0.758481
1540822829.117194 -1.030602 1.593392 1.718761 -0.652362 -0.022522 -0.029110 0.757013
1540822829.168309 -0.996661 1.616922 1.787042 -0.651239 -0.007407 -0.026040 0.758390
1540822829.270269 -0.944009 1.661211 1.879311 -0.658604 0.007710 -0.008837 0.752399
1540822829.371846 -0.874752 1.694243 1.994107 -0.650972 0.012772 -0.013053 0.758882
1540822829.473121 -0.783001 1.731225 2.102844 -0.650338 0.009553 -0.032120 0.758905
1540822829.574417 -0.661816 1.773906 2.194247 -0.645090 -0.001445 -0.065317 0.761308
1540822829.675892 -0.572015 1.823247 2.268032 -0.632647 -0.000269 -0.079651 0.770333
1540822829.726757 -0.527466 1.851362 2.289834 -0.630773 0.009820 -0.071299 0.772622
1540822829.828736 -0.427635 1.913875 2.310440 -0.641583 0.033086 -0.046736 0.764913
1540822829.930760 -0.309797 1.964677 2.329041 -0.653772 0.065469 -0.035160 0.753034
1540822830.032522 -0.170972 1.999627 2.369950 -0.663945 0.088626 -0.043229 0.741251
1540822830.133828 0.003330 2.034756 2.416853 -0.671997 0.104822 -0.075330 0.729218
1540822830.234673 0.234613 2.058582 2.498553 -0.668551 0.112062 -0.106122 0.727475
1540822830.284965 0.485580 2.048231 2.548803 -0.670151 0.123826 -0.108783 0.723693
1540822830.385303 0.755029 2.113971 2.631883 -0.662373 0.119498 -0.122006 0.729450
1540822830.485620 0.997780 2.206840 2.695253 -0.660010 0.107392 -0.137097 0.730792
1540822830.586190 1.242212 2.315663 2.752232 -0.655838 0.100940 -0.134903 0.735859
1540822830.687144 1.481296 2.423805 2.799544 -0.654934 0.098575 -0.121697 0.739280
1540822830.788583 2.167202 2.362851 2.752979 -0.655173 0.138818 -0.109490 0.734500
1540822830.839446 2.446220 2.358931 2.690011 -0.655212 0.147696 -0.083723 0.736121
1540822830.941299 2.841157 2.305485 2.702126 -0.643692 0.129123 -0.059551 0.751958
1540822831.043036 3.202060 2.265716 2.724758 -0.656293 0.152102 -0.074575 0.735243
1540822831.093714 3.399199 2.238465 2.737188 -0.657313 0.158725 -0.091510 0.731007
1540822831.144217 3.604724 2.215663 2.746023 -0.661059 0.168582 -0.112848 0.722389
1540822831.244704 4.034238 2.180832 2.773046 -0.663867 0.177797 -0.144011 0.711990
1540822831.344563 4.480275 2.168170 2.809835 -0.641835 0.166285 -0.163012 0.730632
1540822831.493885 5.141088 2.159231 2.857863 -0.618894 0.149027 -0.169034 0.752455
1540822831.593613 5.567140 2.121956 2.865220 -0.610063 0.144629 -0.141566 0.766071
1540822831.643561 5.783085 2.109057 2.834155 -0.604809 0.159668 -0.146138 0.766391
1540822831.693567 5.995347 2.081239 2.835856 -0.600524 0.171601 -0.138793 0.768545
1540822831.793789 6.428207 2.008616 2.841259 -0.599838 0.192251 -0.122912 0.766894
1540822831.894132 6.875473 1.912823 2.861880 -0.599095 0.199035 -0.105850 0.768288
1540822832.044550 7.599473 1.708768 2.927326 -0.586231 0.186675 -0.108612 0.780826
1540822832.144867 8.132920 1.523194 2.978661 -0.568894 0.171753 -0.144356 0.791216
1540822832.195141 8.414588 1.415237 3.000704 -0.562623 0.159840 -0.163017 0.794564
1540822832.245528 8.716847 1.278786 3.034198 -0.547702 0.151660 -0.168402 0.805396
1540822832.346662 9.323350 1.020671 3.036706 -0.539541 0.146201 -0.219728 0.799525
1540822832.448287 9.955488 0.735047 3.009740 -0.528590 0.162566 -0.235353 0.799233
1540822832.601646 10.922510 0.252148 2.924221 -0.503748 0.177827 -0.223475 0.815276
1540822832.704226 11.565054 -0.095969 2.832845 -0.505445 0.209932 -0.203815 0.811735
1540822832.755470 11.893701 -0.284525 2.788098 -0.494295 0.222195 -0.184442 0.819929
1540822832.806626 12.217195 -0.479326 2.737807 -0.487305 0.241854 -0.162853 0.823116
1540822832.908618 12.874291 -0.902666 2.638372 -0.473341 0.262472 -0.125918 0.831385
1540822833.010059 13.557045 -1.379034 2.542190 -0.445704 0.271935 -0.106100 0.846252
1540822833.161524 14.547401 -2.249008 2.384813 -0.366979 0.291087 -0.133389 0.873386
1540822833.262405 15.239011 -2.917098 2.284308 -0.344069 0.275864 -0.144352 0.885820
1540822833.312949 15.588995 -3.278459 2.232915 -0.329452 0.264729 -0.146487 0.894383
1540822833.363627 15.940644 -3.660591 2.177697 -0.315872 0.252247 -0.148853 0.902463
1540822833.465440 16.647884 -4.496920 2.051593 -0.298346 0.224649 -0.171275 0.911695
1540822833.567997 17.354186 -5.421031 1.888386 -0.295298 0.207206 -0.205315 0.909786
1540822833.671242 18.057795 -6.432447 1.676718 -0.297111 0.196936 -0.247685 0.900885
1540822833.775120 18.760632 -7.520651 1.404416 -0.309422 0.207716 -0.287155 0.882414
1540822833.879344 19.467661 -8.673684 1.068012 -0.320888 0.242071 -0.311950 0.860883
1540822833.931483 19.822631 -9.271954 0.879916 -0.320786 0.259961 -0.315997 0.854203
1540822834.035523 20.536747 -10.505132 0.468953 -0.321319 0.295040 -0.309254 0.845025
1540822834.138843 21.254594 -11.784905 0.022247 -0.298934 0.328006 -0.278922 0.851618
1540822834.190096 21.612129 -12.445862 -0.210338 -0.279353 0.341478 -0.256705 0.859917
1540822834.241077 21.971187 -13.121533 -0.446782 -0.252604 0.348944 -0.233642 0.871688
1540822834.342367 22.679295 -14.535596 -0.932586 -0.210259 0.354696 -0.201405 0.888492
1540822834.443079 23.383177 -16.040633 -1.439760 -0.175974 0.340892 -0.181724 0.905429
1540822834.543615 24.080522 -17.652918 -1.972339 -0.141820 0.326117 -0.178614 0.917405
1540822834.644376 24.766512 -19.381516 -2.542733 -0.124807 0.303804 -0.197878 0.923564
1540822834.745622 25.433463 -21.229705 -3.172737 -0.108082 0.280376 -0.225435 0.926761
1540822834.796415 25.759193 -22.196356 -3.517031 -0.102143 0.278862 -0.242793 0.923501
1540822834.898508 26.389924 -24.210815 -4.271841 -0.093551 0.278034 -0.279908 0.914110
1540822835.001177 26.999002 -26.321515 -5.119496 -0.089592 0.295098 -0.312212 0.898562
1540822835.104475 27.591338 -28.523453 -6.057896 -0.087884 0.323638 -0.331503 0.881839
1540822835.208140 28.166262 -30.812355 -7.081173 -0.084391 0.350404 -0.344839 0.866707
1540822835.311830 28.730841 -33.179534 -8.177986 -0.066438 0.375994 -0.337511 0.860407
1540822835.363588 29.008868 -34.392343 -8.751962 -0.053969 0.390394 -0.330520 0.857576
1540822835.466792 29.551558 -36.876723 -9.947124 -0.031705 0.409221 -0.313640 0.856249
1540822835.569464 30.074748 -39.445579 -11.206322 -0.010245 0.417152 -0.296737 0.858969
1540822835.722234 30.815334 -43.466834 -13.224664 0.021164 0.407318 -0.279288 0.869277
1540822835.823358 31.265935 -46.260695 -14.664965 0.040891 0.401492 -0.278004 0.871691
1540822835.873766 31.478095 -47.690381 -15.415945 0.049687 0.398143 -0.275613 0.873528
1540822835.924080 31.681275 -49.141543 -16.187776 0.057614 0.393521 -0.274512 0.875480
1540822836.024428 32.061326 -52.108484 -17.796245 0.070995 0.386226 -0.270655 0.878940
1540822836.124362 32.404402 -55.160166 -19.493548 0.086462 0.384888 -0.271176 0.877980
1540822836.223815 32.710063 -58.289693 -21.281960 0.103170 0.384686 -0.267781 0.877306
1540822836.322885 32.977726 -61.498666 -23.165917 0.117880 0.389780 -0.263798 0.874406
1540822836.421572 33.205212 -64.786633 -25.144834 0.140722 0.396201 -0.260231 0.869196
1540822836.470803 33.304350 -66.459953 -26.169950 0.151605 0.396716 -0.256397 0.868270
1540822836.569104 33.472946 -69.866441 -28.294853 0.166927 0.398796 -0.248674 0.866752
1540822836.667188 33.600618 -73.350992 -30.522357 0.181712 0.402717 -0.241822 0.863899
1540822836.716144 33.648423 -75.121921 -31.675443 0.191652 0.406453 -0.238428 0.860940
1540822836.765043 33.685327 -76.912020 -32.854360 0.203611 0.409846 -0.236183 0.857197
1540822836.862725 33.726578 -80.549390 -35.290991 0.223058 0.414582 -0.232350 0.851105
1540822836.960284 33.724299 -84.263179 -37.834958 0.240458 0.417368 -0.229459 0.845774
1540822837.057755 33.677602 -88.052826 -40.489446 0.259177 0.418118 -0.228196 0.840197
1540822837.155163 33.584056 -91.917454 -43.257835 0.277552 0.421355 -0.225671 0.833365
1540822837.252521 33.442278 -95.855611 -46.143269 0.294791 0.423582 -0.223453 0.826889
1540822837.301191 33.352861 -97.852180 -47.630831 0.303661 0.425058 -0.222765 0.823098
1540822837.398515 33.136745 -101.899408 -50.696537 0.319764 0.429652 -0.224384 0.814127
1540822837.495811 32.869758 -106.016720 -53.885735 0.338997 0.435112 -0.224194 0.803427
1540822837.641721 32.371276 -112.317586 -58.905093 0.361536 0.439550 -0.227924 0.790024
1540822837.738984 31.971653 -116.600571 -62.411847 0.378040 0.442198 -0.229767 0.780227
1540822837.787612 31.751563 -118.765917 -64.214089 0.385691 0.443853 -0.229862 0.775500
1540822837.836236 31.517401 -120.946694 -66.048962 0.393902 0.445480 -0.230738 0.770162
1540822837.933491 31.006774 -125.352996 -69.818942 0.411756 0.448176 -0.230561 0.759235
1540822838.030758 30.438554 -129.820355 -73.722305 0.426459 0.449519 -0.230541 0.750278
1540822838.176662 29.475834 -136.627461 -79.832537 0.449468 0.450542 -0.230313 0.736170
1540822838.273938 28.759019 -141.232099 -84.078830 0.464387 0.451356 -0.229416 0.726630
1540822838.322576 28.378167 -143.554408 -86.254691 0.472093 0.452264 -0.230493 0.720734
1540822838.371211 27.981148 -145.887761 -88.464429 0.479695 0.451650 -0.228976 0.716572
1540822838.468469 27.141412 -150.590899 -92.990952 0.494770 0.452748 -0.229357 0.705420
1540822838.565723 26.238436 -155.338916 -97.659002 0.509820 0.453804 -0.228707 0.694146
1540822838.711620 24.763060 -162.540488 -104.931242 0.531753 0.454119 -0.227738 0.677605
1540822838.857484 23.140887 -169.826832 -112.528311 0.553502 0.454614 -0.225984 0.660222
1540822838.906091 22.566997 -172.272119 -115.132887 0.561217 0.455548 -0.224457 0.653552
1540822839.051894 20.745109 -179.654272 -123.167505 0.583364 0.457532 -0.221234 0.633567
1540822839.197724 18.769571 -187.099350 -131.537153 0.605515 0.460831 -0.215458 0.612016
1540822839.294971 17.365768 -192.092233 -137.305455 0.620587 0.465492 -0.208550 0.595563
1540822839.392230 15.892538 -197.106249 -143.224123 0.635260 0.469591 -0.202087 0.578870
1540822839.440879 15.129318 -199.620305 -146.241335 0.642989 0.473988 -0.196954 0.568428
1540822839.538245 13.548227 -204.661976 -152.392582 0.658034 0.480620 -0.186665 0.548773
1540822839.635760 11.893446 -209.723596 -158.704327 0.671485 0.483351 -0.179475 0.532229
1540822839.684587 11.037398 -212.260425 -161.921439 0.678976 0.487814 -0.171542 0.521155
1540822839.733455 10.162612 -214.801227 -165.178902 0.686306 0.491992 -0.162738 0.510337
1540822839.831299 8.357358 -219.893140 -171.815841 0.699759 0.497389 -0.150270 0.490266
1540822839.929243 6.477826 -224.993526 -178.612700 0.711964 0.495783 -0.144336 0.475892
1540822840.027116 4.525419 -230.087347 -185.555580 0.724844 0.495370 -0.136087 0.459010
1540822840.124816 2.501359 -235.163431 -192.635544 0.738202 0.499131 -0.123197 0.436749
1540822840.222334 0.411340 -240.228358 -199.856651 0.749457 0.494021 -0.120147 0.424055
1540822840.271035 -0.659371 -242.754017 -203.519321 0.755057 0.491219 -0.118867 0.417687
1540822840.368347 -2.852435 -247.792003 -210.950875 0.765969 0.485532 -0.116158 0.405039
1540822840.465556 -5.114756 -252.809147 -218.523442 0.776834 0.480250 -0.112483 0.391455
1540822840.562695 -7.446841 -257.803356 -226.238436 0.787315 0.475767 -0.107512 0.377123
1540822840.611250 -8.639592 -260.290132 -230.149005 0.792965 0.474730 -0.104317 0.367364
1540822840.659800 -9.850095 -262.771300 -234.095885 0.797864 0.472318 -0.102194 0.360395
1540822840.708341 -11.079273 -265.242269 -238.075408 0.804767 0.471734 -0.098755 0.346502
1540822840.756874 -12.325672 -267.707009 -242.091360 0.810104 0.468320 -0.100276 0.338161
1540822840.805398 -13.591967 -270.159683 -246.136611 0.816416 0.461228 -0.110437 0.329449
1540822840.853920 -14.877916 -272.603183 -250.215404 0.819926 0.452788 -0.124102 0.327572
1540822840.902437 -16.180279 -275.041460 -254.331579 0.822897 0.446236 -0.132613 0.325773
1540822840.950947 -17.503065 -277.468723 -258.476270 0.826231 0.443641 -0.150587 0.312807
1540822840.999449 -18.841189 -279.891832 -262.661901 0.830938 0.422924 -0.161906 0.323209
1540822841.096454 -21.557041 -284.687585 -271.141460 0.847894 0.356667 -0.195396 0.340125
1540822841.144959 -22.937175 -287.063801 -275.433164 0.848290 0.295376 -0.251484 0.360434
1540822841.193461 -24.332276 -289.416285 -279.749720 0.853093 0.255852 -0.285087 0.354257
1540822841.241965 -25.738409 -291.759068 -284.106360 0.860856 0.224844 -0.290491 0.352118
1540822841.290474 -27.156635 -294.093722 -288.509215 0.868130 0.209893 -0.283443 0.349221
1540822841.338992 -28.587606 -296.414311 -292.947063 0.873554 0.190832 -0.282653 0.347267
1540822841.387514 -30.028965 -298.722089 -297.423805 0.877878 0.170431 -0.281832 0.347641
1540822841.436046 -31.481958 -301.015412 -301.940406 0.880443 0.154263 -0.286462 0.344909
1540822841.484581 -32.945237 -303.297433 -306.499938 0.880709 0.134929 -0.294471 0.345590
1540822841.533123 -34.420144 -305.568716 -311.098685 0.872927 0.111481 -0.312464 0.357683
1540822841.630217 -37.396826 -310.068860 -320.417910 0.876128 0.083835 -0.316587 0.353757
1540822841.678768 -38.900010 -312.300402 -325.137277 0.873175 0.063674 -0.328431 0.354464
1540822841.727321 -40.414909 -314.515909 -329.891732 0.866397 0.041737 -0.355185 0.348507
1540822841.775879 -41.935973 -316.718274 -334.689296 0.866976 0.026930 -0.359114 0.344476
1540822841.824441 -43.476751 -318.902116 -339.513697 0.852387 0.009735 -0.398952 0.337903
1540822841.873003 -45.022041 -321.073299 -344.382289 0.841897 -0.008392 -0.424585 0.332966
1540822841.970127 -48.179676 -325.343643 -354.194927 0.762366 -0.031703 -0.565521 0.313015
1540822842.067250 -51.401166 -329.525674 -364.127285 0.693191 -0.031510 -0.663679 0.279327
1540822842.115810 -53.028880 -331.594094 -369.153637 -0.635314 0.069998 0.716542 -0.279366
1540822842.164363 -54.669138 -333.655512 -374.213164 -0.633936 0.070822 0.720864 -0.271043
1540822842.261470 -57.979700 -337.737881 -384.434400 -0.616481 0.090863 0.740406 -0.251979
1540822842.358569 -61.329030 -341.746308 -394.788949 -0.606076 0.103975 0.754461 -0.229453
1540822842.455664 -64.716810 -345.679397 -405.272069 -0.593311 0.114000 0.769130 -0.208387
1540822842.552752 -68.136934 -349.539379 -415.888471 -0.580205 0.127982 0.781730 -0.189423
1540822842.649817 -71.586876 -353.321661 -426.633884 -0.562968 0.144119 0.795969 -0.169500
1540822842.698354 -73.322381 -355.183695 -432.056456 -0.554576 0.152004 0.802380 -0.159772
1540822842.795424 -76.811255 -358.847560 -442.999302 -0.544455 0.162626 0.811064 -0.138910
1540822842.892484 -80.321473 -362.430657 -454.070823 -0.527782 0.177145 0.822143 -0.118941
1540822842.989533 -83.849237 -365.931422 -465.270644 -0.515409 0.188126 0.830147 -0.099086
1540822843.086577 -87.391860 -369.349597 -476.599292 -0.504025 0.199043 0.836674 -0.079482
1540822843.183601 -90.945662 -372.683880 -488.053841 -0.484643 0.213419 0.846205 -0.059248
1540822843.232116 -92.725769 -374.319978 -493.829976 -0.475864 0.220009 0.850133 -0.049235
1540822843.329129 -96.288589 -377.528407 -505.477546 -0.474028 0.225019 0.850784 -0.028827
1540822843.426130 -99.853399 -380.651536 -517.249689 -0.471803 0.231167 0.850809 -0.009410
1540822843.523122 -103.416823 -383.688900 -529.146048 -0.471305 0.235004 0.850030 0.009693
1540822843.620113 -106.975656 -386.640692 -541.166571 -0.475268 0.238025 0.846540 0.028887
1540822843.717116 -110.527644 -389.507638 -553.312631 -0.468468 0.245888 0.847187 0.048495
1540822843.765615 -112.299091 -390.907877 -559.430416 -0.480654 0.245181 0.839950 0.057809
1540822843.862618 -115.830156 -393.645398 -571.758609 -0.482908 0.249573 0.835821 0.076914
1540822843.959628 -119.345111 -396.299112 -584.209786 -0.485890 0.254923 0.830566 0.095316
1540822844.056648 -122.842814 -398.856882 -596.770172 -0.491779 0.257962 0.822413 0.123475
1540822844.153681 -126.307902 -401.343391 -609.457943 -0.478882 0.265729 0.824233 0.143873
1540822844.202200 -128.029379 -402.556333 -615.846965 -0.471941 0.270367 0.824893 0.154032
1540822844.250717 -129.742965 -403.749076 -622.265603 -0.464793 0.274650 0.825588 0.164133
1540822844.299234 -131.448226 -404.921401 -628.714005 -0.457874 0.278972 0.825904 0.174379
1540822844.347752 -133.144740 -406.073685 -635.192320 -0.450816 0.283078 0.826179 0.184555
1540822844.396273 -134.832334 -407.206230 -641.700781 -0.443588 0.287530 0.826226 0.194697
1540822844.444795 -136.510057 -408.319001 -648.239049 -0.435987 0.291567 0.826402 0.204853
1540822844.493321 -138.178075 -409.412294 -654.807505 -0.428727 0.295602 0.826184 0.215017
1540822844.590390 -141.482529 -411.541894 -668.035845 -0.413904 0.303635 0.825385 0.235009
1540822844.638922 -143.118159 -412.578411 -674.694254 -0.406556 0.307624 0.824769 0.244614
1540822844.687453 -144.741841 -413.596239 -681.382117 -0.398385 0.311411 0.824257 0.254782
1540822844.735986 -146.353469 -414.595804 -688.100084 -0.391015 0.315417 0.823336 0.264077
1540822844.784514 -147.952514 -415.577295 -694.847108 -0.383463 0.319241 0.822191 0.273940
1540822844.833044 -149.538366 -416.541012 -701.624230 -0.377025 0.322911 0.820456 0.283606
1540822844.881566 -151.111138 -417.487060 -708.429784 -0.369533 0.326283 0.819120 0.293305
1540822844.930090 -152.670226 -418.415918 -715.265125 -0.361746 0.329818 0.817705 0.302849
1540822844.978616 -154.215417 -419.327923 -722.130615 -0.353786 0.333423 0.816095 0.312496
1540822845.027139 -155.746159 -420.223347 -729.025412 -0.346947 0.336928 0.813963 0.321826
1540822845.075660 -157.262007 -421.102336 -735.949610 -0.338878 0.340482 0.812048 0.331377
1540822845.172697 -160.248141 -422.812906 -749.886865 -0.322371 0.347567 0.807855 0.350206
1540822845.221215 -161.717760 -423.645075 -756.900404 -0.313990 0.351182 0.805414 0.359708
1540822845.269732 -163.171496 -424.462538 -763.943664 -0.305725 0.354559 0.803008 0.368780
1540822845.318252 -164.609016 -425.265570 -771.017921 -0.301718 0.358761 0.798915 0.376817
1540822845.366778 -166.030059 -426.054266 -778.122574 -0.293368 0.362055 0.796001 0.386307
1540822845.415305 -167.434040 -426.829265 -785.257556 -0.285200 0.365109 0.793118 0.395375
1540822845.512350 -170.190143 -428.339140 -799.617258 -0.269218 0.371464 0.786586 0.413302
1540822845.609416 -172.874676 -429.798370 -814.102495 -0.253031 0.379092 0.777848 0.432687
1540822845.706504 -175.486164 -431.210850 -828.714101 -0.249439 0.390883 0.763477 0.449547
1540822845.803665 -178.021819 -432.579472 -843.459832 -0.234176 0.400857 0.749418 0.472067
1540822845.900961 -180.481533 -433.910930 -858.350821 -0.218270 0.407554 0.736457 0.493852
1540822845.949677 -181.683008 -434.564452 -865.853819 -0.210554 0.410480 0.731197 0.502518
1540822846.047244 -184.029387 -435.850749 -880.973519 -0.201472 0.407205 0.723617 0.519589
1540822846.144900 -186.296186 -437.109848 -896.230923 -0.196532 0.401001 0.718267 0.533541
1540822846.291129 -189.521317 -438.942056 -919.311582 -0.184547 0.398242 0.706664 0.554951
1540822846.388349 -191.549088 -440.128201 -934.816588 -0.176541 0.405011 0.694729 0.567584
1540822846.436905 -192.527228 -440.711830 -942.605808 -0.164267 0.404516 0.689996 0.577312
1540822846.485453 -193.483266 -441.291354 -950.426016 -0.154277 0.407920 0.686985 0.581250
1540822846.582601 -195.329143 -442.438844 -966.169731 -0.135324 0.414047 0.679823 0.589995
1540822846.679977 -197.091245 -443.575328 -982.079176 -0.120880 0.419048 0.667937 0.603032
1540822846.777630 -198.771677 -444.705909 -998.162899 -0.108566 0.419374 0.659312 0.614530
1540822846.875586 -200.369425 -445.833714 -1014.426284 -0.098903 0.413250 0.655343 0.624474
1540822846.973714 -201.879131 -446.957765 -1030.849685 -0.090043 0.408200 0.648200 0.636476
1540822847.022827 -202.600777 -447.518771 -1039.118603 -0.086353 0.406126 0.644314 0.642233
1540822847.121151 -203.976209 -448.640495 -1055.771530 -0.076133 0.406351 0.633696 0.653844
1540822847.219690 -205.263702 -449.765489 -1072.592355 -0.063301 0.411844 0.620408 0.664433
1540822847.318595 -206.468299 -450.900051 -1089.608010 -0.059434 0.411333 0.611097 0.673671
1540822847.368221 -207.038620 -451.472361 -1098.195606 -0.053861 0.407723 0.606909 0.680090
1540822847.467791 -208.114493 -452.628076 -1115.527083 -0.045022 0.398620 0.598673 0.693300
1540822847.517762 -208.619689 -453.212619 -1124.276232 -0.041094 0.389760 0.596280 0.700606
1540822847.567839 -209.102559 -453.801942 -1133.077677 -0.037213 0.382561 0.593575 0.707058
1540822847.668300 -210.000001 -454.995152 -1150.838501 -0.030220 0.373835 0.576310 0.726086
1540822847.769225 -210.807456 -456.213458 -1168.816454 -0.019385 0.366301 0.554097 0.747278
1540822847.819883 -211.178972 -456.833984 -1177.889810 -0.012831 0.360768 0.549737 0.753307
1540822847.870687 -211.528313 -457.462672 -1187.022710 -0.005887 0.355723 0.544163 0.759811
1540822847.972761 -212.160302 -458.747304 -1205.474314 0.012029 0.352228 0.529051 0.771943
1540822848.075572 -212.704660 -460.073562 -1224.197162 0.036503 0.351752 0.512296 0.782618
1540822848.231518 -213.368724 -462.151863 -1252.863447 0.076649 0.346796 0.493970 0.793632
1540822848.336936 -213.712653 -463.605013 -1272.427372 0.101129 0.344437 0.473955 0.804054
1540822848.390059 -213.855435 -464.353609 -1282.342740 0.107575 0.347427 0.462791 0.808422
1540822848.443625 -213.979235 -465.120931 -1292.380046 0.117668 0.346282 0.449781 0.814825
1540822848.551751 -214.169419 -466.708931 -1312.764819 0.131806 0.347762 0.413071 0.831301
1540822848.661016 -214.285989 -468.373902 -1333.530478 0.146866 0.343822 0.371137 0.849985
1540822848.771126 -214.334011 -470.121576 -1354.626307 0.163707 0.335873 0.326313 0.868279
1540822848.881753 -214.318261 -471.957451 -1375.991948 0.182548 0.317641 0.277732 0.888057
1540822848.937163 -214.289237 -472.909860 -1386.757882 0.193112 0.305858 0.252194 0.897528
1540822848.992585 -214.247770 -473.885250 -1397.569877 0.204342 0.291692 0.226150 0.906651
1540822849.047975 -214.195619 -474.883351 -1408.419195 0.213960 0.278438 0.200301 0.914644
1540822849.103308 -214.133772 -475.904325 -1419.301294 0.221272 0.267737 0.175587 0.921154
1540822849.158560 -214.063973 -476.947615 -1430.211625 0.224703 0.266594 0.153458 0.924601
1540822849.213711 -213.987519 -478.015910 -1441.143543 0.236790 0.247316 0.132560 0.930158
1540822849.268739 -213.904563 -479.105503 -1452.094279 0.244291 0.243287 0.113794 0.931764
1540822849.378403 -213.728041 -481.352806 -1474.048255 0.264390 0.220360 0.086252 0.934933
1540822849.432959 -213.635201 -482.508575 -1485.033807 0.275897 0.193450 0.065940 0.939207
1540822849.487339 -213.539338 -483.685699 -1496.026588 0.289642 0.176342 0.038167 0.939976
1540822849.541538 -213.443267 -484.882270 -1507.028171 0.297752 0.163158 0.001567 0.940596
1540822849.595569 -213.349731 -486.099811 -1518.038254 0.304537 0.145914 -0.038090 0.940487
1540822849.649440 -213.259478 -487.338221 -1529.058461 0.312314 0.125166 -0.079659 0.938322
1540822849.703167 -213.175098 -488.596211 -1540.092292 0.319307 0.106298 -0.120713 0.933902
1540822849.756777 -213.098492 -489.874537 -1551.144701 0.325881 0.083359 -0.158687 0.928263
1540822849.810285 -213.031639 -491.172622 -1562.219333 0.334690 0.060260 -0.193240 0.920331
1540822849.863716 -212.976212 -492.490628 -1573.321925 0.345579 0.036138 -0.226256 0.909988
1540822849.970411 -212.904827 -495.182303 -1595.626735 0.374188 -0.001616 -0.291186 0.880449
1540822850.023677 -212.892151 -496.553678 -1606.830693 0.388200 -0.021541 -0.324986 0.862103
1540822850.076868 -212.896218 -497.938441 -1618.065583 0.402345 -0.041931 -0.359829 0.840764
1540822850.129973 -212.918836 -499.335277 -1629.330501 0.417295 -0.067534 -0.393607 0.816319
1540822850.182983 -212.961794 -500.741290 -1640.624533 0.433059 -0.081909 -0.424738 0.790790
1540822850.235911 -213.024717 -502.153646 -1651.951011 0.447379 -0.114760 -0.456617 0.760384
1540822850.288790 -213.107347 -503.571347 -1663.317694 0.461790 -0.151449 -0.486426 0.726087
1540822850.394554 -213.325987 -506.415474 -1686.207895 0.483519 -0.223168 -0.541682 0.650374
1540822850.500549 -213.609061 -509.263129 -1709.361431 -0.500340 0.283835 0.590560 -0.565983
1540822850.553712 -213.771325 -510.685790 -1721.054455 -0.505783 0.308075 0.612346 -0.523742
1540822850.660462 -214.131048 -513.518080 -1744.696369 -0.498737 0.354762 0.642121 -0.461612
1540822850.821622 -214.746478 -517.725850 -1780.812131 -0.483129 0.440382 0.649819 -0.387796
1540822850.929741 -215.189146 -520.503984 -1805.332416 -0.467533 0.495407 0.640015 -0.355480
1540822851.038388 -215.645151 -523.264659 -1830.216231 -0.457049 0.543210 0.628972 -0.316896
1540822851.092891 -215.874306 -524.640895 -1842.790827 -0.456086 0.557583 0.628636 -0.293092
1540822851.147492 -216.101983 -526.013295 -1855.448650 -0.451731 0.566967 0.631570 -0.274969
1540822851.256891 -216.550452 -528.743130 -1880.997402 -0.445631 0.587668 0.630926 -0.240816
1540822851.366298 -216.981193 -531.447496 -1906.796744 -0.435842 0.614244 0.623735 -0.209046
1540822851.530076 -217.578807 -535.463236 -1945.878110 -0.412632 0.658263 0.600624 -0.188877
1540822851.639171 -217.941009 -538.128867 -1972.217853 -0.404510 0.682368 0.581356 -0.181028
1540822851.693756 -218.110887 -539.463437 -1985.488228 -0.406107 0.690843 0.571798 -0.175672
1540822851.748394 -218.271850 -540.800398 -1998.831541 -0.409906 0.698559 0.561691 -0.168804
1540822851.857955 -218.565329 -543.485907 -2025.769780 -0.411711 0.722602 0.532427 -0.157677
1540822851.968001 -218.815934 -546.198321 -2053.063515 -0.409959 0.743100 0.507283 -0.149669
1540822852.078599 -219.022092 -548.945673 -2080.728577 -0.410694 0.758838 0.485522 -0.140578
1540822852.190081 -219.181587 -551.741478 -2108.844528 -0.416033 0.774520 0.459557 -0.125868
1540822852.302668 -219.292052 -554.596172 -2137.465042 -0.429548 0.783353 0.434885 -0.112785
1540822852.359420 -219.327378 -556.047918 -2151.974317 -0.437371 0.786569 0.422036 -0.109093
1540822852.473954 -219.356193 -559.002863 -2181.422236 -0.454950 0.792313 0.392471 -0.105955
1540822852.590069 -219.324499 -562.035354 -2211.494235 -0.483326 0.792714 0.356468 -0.104550
1540822852.707948 -219.222472 -565.152739 -2242.236177 -0.503161 0.797282 0.314181 -0.111625
1540822852.827520 -219.042376 -568.357490 -2273.640451 -0.511268 0.806273 0.276222 -0.110586
1540822852.887837 -218.917702 -569.994104 -2289.566177 -0.515427 0.813026 0.249336 -0.105617
1540822852.948431 -218.768841 -571.652786 -2305.619681 -0.519999 0.818388 0.223019 -0.100527
1540822853.009251 -218.594711 -573.333239 -2321.786109 -0.524251 0.822567 0.197360 -0.097946
1540822853.070293 -218.393925 -575.036758 -2338.063474 -0.530078 0.824683 0.171581 -0.097343
1540822853.131551 -218.166863 -576.764316 -2354.451352 -0.535307 0.825604 0.141443 -0.108712
1540822853.192973 -217.912982 -578.515206 -2370.932302 -0.537766 0.825488 0.110472 -0.131049
1540822853.254511 -217.632324 -580.287998 -2387.493702 -0.535781 0.824571 0.078237 -0.164013
1540822853.377666 -216.986983 -583.894800 -2420.782718 -0.518410 0.825564 0.012533 -0.222573
1540822853.439181 -216.623445 -585.729833 -2437.480099 -0.509875 0.820195 -0.024296 -0.258296
1540822853.500649 -216.232288 -587.586984 -2454.209391 -0.502182 0.809563 -0.063210 -0.297365
1540822853.562063 -215.812485 -589.466701 -2470.967530 -0.498020 0.793796 -0.097504 -0.335196
1540822853.623412 -215.362459 -591.369015 -2487.749030 -0.499487 0.775363 -0.126066 -0.365284
1540822853.684680 -214.882076 -593.292932 -2504.549847 -0.501451 0.758630 -0.151679 -0.387325
1540822853.745852 -214.369817 -595.236009 -2521.363097 -0.501737 0.745800 -0.172939 -0.402659
1540822853.806946 -213.825894 -597.201481 -2538.193295 -0.499452 0.732960 -0.196774 -0.417849
1540822853.867965 -213.249712 -599.186528 -2555.040699 -0.493742 0.714575 -0.226612 -0.440737
1540822853.928905 -212.639371 -601.189668 -2571.901846 -0.481654 0.680637 -0.264569 -0.484505
1540822853.989741 -211.993677 -603.206175 -2588.766557 -0.463387 0.639880 -0.308223 -0.529929
1540822854.050437 -211.315329 -605.238424 -2605.621986 -0.449401 0.620474 -0.341376 -0.544530
1540822854.110945 -210.603964 -607.281240 -2622.458005 -0.433864 0.596282 -0.373111 -0.563025
1540822854.171221 -209.858234 -609.330734 -2639.260926 0.417060 -0.570000 0.404868 0.580726
1540822854.231224 -209.081961 -611.387129 -2656.015344 0.405317 -0.553004 0.429438 0.587783
1540822854.290919 -208.273721 -613.447097 -2672.712122 0.393014 -0.535976 0.454101 0.593348
1540822854.409288 -206.564412 -617.567844 -2705.897647 0.367237 -0.504743 0.501875 0.598743
1540822854.467991 -205.664326 -619.626056 -2722.391873 0.355025 -0.488292 0.523685 0.601067
1540822854.526356 -204.734955 -621.680426 -2738.813796 0.343726 -0.471330 0.544285 0.602872
1540822854.584346 -203.776808 -623.728388 -2755.151479 0.333590 -0.453283 0.563710 0.604552
1540822854.642022 -202.789875 -625.770107 -2771.421844 0.323927 -0.433078 0.581928 0.607351
1540822854.699369 -201.774151 -627.804024 -2787.620647 0.316907 -0.415735 0.598360 0.607207
1540822854.812946 -199.664365 -631.838736 -2819.764789 0.295415 -0.379020 0.632366 0.607607
1540822854.980243 -196.316856 -637.775551 -2867.260741 0.261885 -0.319657 0.688670 0.595794
1540822855.089677 -193.979675 -641.639211 -2898.426605 0.232750 -0.287134 0.724997 0.581171
1540822855.197678 -191.561863 -645.423474 -2929.259090 0.204400 -0.252726 0.758523 0.564795
1540822855.251252 -190.322001 -647.286627 -2944.580494 0.191469 -0.232567 0.773470 0.557671
1540822855.304584 -189.060950 -649.130782 -2959.850945 0.182085 -0.214506 0.786694 0.549495
1540822855.410593 -186.478035 -652.759390 -2990.260417 0.161191 -0.168802 0.812874 0.533628
1540822855.515738 -183.819928 -656.303087 -3020.501634 0.135356 -0.127305 0.835963 0.516370
1540822855.671971 -179.693871 -661.445858 -3065.592001 0.099872 -0.055705 0.868328 0.482627
1540822855.775358 -176.856892 -664.757479 -3095.542096 0.073546 -0.010031 0.888340 0.453147
1540822855.826902 -175.412803 -666.378215 -3110.509361 0.061877 0.015425 0.897063 0.437277
1540822855.878373 -173.951935 -667.975916 -3125.481904 0.055324 0.040094 0.905027 0.419831
1540822855.981145 -170.984190 -671.101486 -3155.455117 0.034092 0.088284 0.917912 0.385333
1540822856.083746 -167.958848 -674.131492 -3185.493452 0.004082 0.136715 0.926306 0.351069
1540822856.186234 -164.880645 -677.065089 -3215.623760 -0.023259 0.184314 0.931165 0.313719
1540822856.288713 -161.754212 -679.904241 -3245.885630 -0.048954 0.230494 0.933698 0.269599
1540822856.391323 -158.583841 -682.652924 -3276.328196 -0.074371 0.273321 0.933520 0.219785
1540822856.442763 -156.982168 -683.995372 -3291.645496 -0.082949 0.294845 0.932017 0.193729
1540822856.494324 -155.370310 -685.317074 -3307.040081 -0.095167 0.316418 0.928598 0.168902
1540822856.597911 -152.116297 -687.902895 -3338.092477 -0.120024 0.359229 0.917460 0.121721
1540822856.649937 -150.475674 -689.168357 -3353.753714 -0.131634 0.380654 0.909889 0.099378
1540822856.702107 -148.827636 -690.414971 -3369.503969 -0.144689 0.402020 0.900701 0.078630
1540822856.754420 -147.172760 -691.644234 -3385.344694 -0.157840 0.424102 0.889748 0.059777
1540822856.806889 -145.511423 -692.857545 -3401.280754 -0.169758 0.447607 0.876768 0.045919
1540822856.912315 -142.167072 -695.240380 -3433.452470 -0.195518 0.492498 0.847603 0.028067
1540822856.965266 -140.483552 -696.411719 -3449.690063 -0.206886 0.515253 0.831247 0.027217
1540822857.071584 -137.090620 -698.721119 -3482.453532 -0.220665 0.552640 0.803012 0.032692
1540822857.178428 -133.659786 -700.988556 -3515.603806 -0.223656 0.581578 0.780551 0.049852
1540822857.285817 -130.183721 -703.223860 -3549.156863 -0.227878 0.604672 0.759094 0.078869
1540822857.339758 -128.423237 -704.333035 -3566.096289 -0.223562 0.613817 0.751237 0.094297
1540822857.448341 -124.846993 -706.540092 -3600.374713 -0.212239 0.629859 0.735182 0.133189
1540822857.558199 -121.178838 -708.746853 -3635.296746 -0.204136 0.642806 0.716303 0.178995
1540822857.669693 -117.395481 -710.968556 -3670.982758 -0.201313 0.652002 0.693508 0.231116
1540822857.726117 -115.453556 -712.089391 -3689.134086 -0.201462 0.654542 0.681929 0.256828
1540822857.782971 -113.477120 -713.216898 -3707.484417 -0.202132 0.656503 0.670497 0.280323
1540822857.840229 -111.466490 -714.353415 -3726.025636 -0.203692 0.658457 0.657828 0.303654
1540822857.897865 -109.419994 -715.496611 -3744.748765 -0.204385 0.660326 0.644873 0.326090
1540822857.955829 -107.339840 -716.649169 -3763.637209 -0.203947 0.662163 0.631717 0.347678
1540822858.014063 -105.226096 -717.809850 -3782.669776 -0.199232 0.664560 0.619698 0.366936
1540822858.072475 -103.082647 -718.977727 -3801.818424 -0.191341 0.666532 0.608741 0.385433
1540822858.130985 -100.911217 -720.152176 -3821.056299 -0.182927 0.666742 0.596880 0.407095
1540822858.189540 -98.714448 -721.335277 -3840.363560 -0.174008 0.666212 0.583921 0.430021
1540822858.306632 -94.248609 -723.723903 -3879.139473 -0.152639 0.662390 0.559468 0.474274
1540822858.365060 -91.982977 -724.931414 -3898.568627 -0.133927 0.660513 0.552816 0.490082
1540822858.423316 -89.700205 -726.146505 -3917.994085 -0.116334 0.658274 0.545085 0.505989
1540822858.481340 -87.405423 -727.366288 -3937.394949 -0.099388 0.654456 0.536969 0.522947
1540822858.539108 -85.099137 -728.593098 -3956.761345 -0.085023 0.650027 0.525652 0.542149
1540822858.596609 -82.781979 -729.825858 -3976.089140 -0.070712 0.645274 0.509540 0.564793
1540822858.710705 -78.126035 -732.313844 -4014.585992 -0.043347 0.631296 0.472459 0.613489
1540822858.990681 -66.394111 -738.692157 -4109.833248 0.018774 0.564543 0.379005 0.733003
1540822859.157038 -59.234140 -742.704628 -4166.933229 0.051713 0.519334 0.305563 0.796398
1540822859.212652 -56.813136 -744.089745 -4186.103291 0.061393 0.505845 0.280126 0.813561
1540822859.324270 -51.920039 -746.941239 -4224.695968 0.086892 0.475440 0.232839 0.843915
1540822859.436571 -46.957530 -749.917703 -4263.686506 0.124002 0.442892 0.189297 0.867546
1540822859.663544 -36.846823 -756.281187 -4342.994962 0.192687 0.367352 0.085842 0.905845
1540822859.777687 -31.750759 -759.661748 -4383.138103 0.222802 0.323854 0.033305 0.918895
1540822859.834776 -29.205280 -761.399770 -4403.282167 0.238717 0.298992 0.006190 0.923894
1540822860.062502 -19.114607 -768.650281 -4484.100818 0.307695 0.189383 -0.097244 0.927362
1540822860.119123 -16.630516 -770.528760 -4504.315770 0.327107 0.156585 -0.111764 0.925198
1540822860.175562 -14.165201 -772.430827 -4524.514860 0.348491 0.124719 -0.127996 0.920118
1540822860.343601 -6.895561 -778.246152 -4584.963280 0.397786 0.031177 -0.177159 0.899672
1540822860.509680 0.179219 -784.195625 -4645.178976 0.437983 -0.047063 -0.247772 0.862882
1540822860.619531 4.790512 -788.221123 -4685.276684 0.450776 -0.103342 -0.276425 0.842443
1540822860.728858 9.325665 -792.293098 -4725.405452 0.460472 -0.157453 -0.299527 0.820645
1540822860.783452 11.570543 -794.348781 -4745.530747 0.465883 -0.183008 -0.310688 0.808044
1540822860.947207 18.227828 -800.597977 -4806.244614 0.483231 -0.255277 -0.349215 0.761164
1540822861.111166 24.789672 -806.954243 -4867.573315 0.509455 -0.321537 -0.400855 0.690206
1540822861.220543 29.118113 -811.229216 -4908.790877 0.525887 -0.356775 -0.437782 0.636004
1540822861.329814 33.408797 -815.510801 -4950.214915 0.536380 -0.385343 -0.474113 0.582258
1540822861.384395 35.541178 -817.649675 -4970.998249 0.541404 -0.398130 -0.490888 0.554440
1540822861.547876 41.895856 -824.038855 -5033.613515 0.537582 -0.444404 -0.525407 0.487297
1540822861.765322 50.300021 -832.482245 -5117.753708 -0.515469 0.513659 0.548907 -0.411275
1540822861.928274 56.594748 -838.767155 -5181.435538 -0.508043 0.549719 0.568156 -0.341905
1540822861.982542 58.695022 -840.850849 -5202.761602 -0.507499 0.559312 0.574369 -0.315778
1540822862.145118 65.017594 -847.052652 -5267.005654 -0.515089 0.581446 0.590113 -0.219934
1540822862.307339 71.397847 -853.172876 -5331.616880 -0.521461 0.595126 0.598907 -0.123347
1540822862.469189 77.868374 -859.203171 -5396.561575 -0.526221 0.601648 0.600299 -0.027428
1540822862.523121 80.052827 -861.194303 -5418.306470 -0.525770 0.603400 0.599558 0.001988
1540822862.577082 82.254634 -863.177796 -5440.110559 -0.523249 0.605573 0.598929 0.027846
1540822862.793527 91.273321 -871.051854 -5528.067389 -0.497507 0.626181 0.591663 0.101586
1540822862.847894 93.587349 -873.010669 -5550.284383 -0.489829 0.635784 0.585155 0.115926
1540822862.902423 95.929179 -874.970523 -5572.617482 -0.483287 0.645640 0.576698 0.130390
1540822863.177474 108.080223 -884.806475 -5686.018224 -0.437006 0.703704 0.530989 0.178543
1540822863.343526 115.690922 -890.753115 -5755.081232 -0.387917 0.751202 0.504073 0.176427
1540822863.454249 120.875564 -894.746917 -5801.391188 -0.353332 0.781174 0.483027 0.177789
1540822863.509621 123.499203 -896.757130 -5824.628990 -0.338402 0.793250 0.473089 0.180070
1540822863.731734 134.210505 -904.932716 -5918.351465 -0.289828 0.829668 0.436392 0.192904
1540822863.843663 139.707379 -909.129539 -5965.882791 -0.280429 0.841351 0.415191 0.202742
1540822863.956588 145.313703 -913.419315 -6014.040191 -0.280030 0.853677 0.389017 0.203675
1540822864.070760 151.045818 -917.822686 -6062.927457 -0.262061 0.873648 0.365162 0.186331
1540822864.128382 153.962747 -920.072660 -6087.676747 -0.255101 0.882661 0.352577 0.177548
1540822864.303690 162.923563 -927.038597 -6163.287146 -0.240334 0.904025 0.312236 0.165792
1540822864.482252 172.170233 -934.332916 -6240.764789 -0.239478 0.919948 0.269830 0.153419
1540822864.663163 181.649176 -941.943385 -6319.717989 -0.219982 0.940966 0.226800 0.121461
1540822864.723909 184.853575 -944.553863 -6346.329661 -0.207981 0.949088 0.211496 0.106042
1540822864.784791 188.076079 -947.200414 -6373.053162 -0.194468 0.957079 0.195243 0.089792
1540822864.968167 197.832345 -955.378848 -6453.840022 -0.134944 0.980256 0.140191 0.035147
1540822865.153246 207.719348 -963.995396 -6535.813642 -0.074877 0.994846 0.064811 -0.021771
1540822865.340891 217.734121 -973.150201 -6619.324266 -0.023383 0.995170 -0.032644 -0.089578
1540822865.403889 221.086013 -976.319475 -6647.435823 -0.006018 0.990421 -0.067969 -0.120039
1540822865.466897 224.431284 -979.537179 -6675.578432 0.011612 0.982467 -0.105155 -0.153511
1540822865.775486 240.704662 -995.949084 -6813.720698 0.090190 0.873888 -0.302323 -0.369846
1540822866.063615 255.838792 -1012.060016 -6942.851390 0.135986 0.705917 -0.398115 -0.569819
1540822866.118900 258.758159 -1015.218653 -6967.624679 0.141431 0.681203 -0.402928 -0.594650
1540822866.389427 273.175304 -1030.972541 -7088.837193 -0.154419 -0.563842 0.429142 0.688530
1540822866.442735 276.049590 -1034.131352 -7112.714074 -0.158766 -0.539935 0.435383 0.702642
1540822866.601259 284.687831 -1043.613385 -7183.724903 -0.163377 -0.458917 0.465313 0.739045
1540822866.965492 305.155385 -1065.795202 -7346.967226 -0.208759 -0.268589 0.512582 0.788378
1540822867.017305 308.139181 -1068.981972 -7370.204478 -0.221642 -0.242555 0.523270 0.786276
1540822867.532679 339.094842 -1100.774820 -7601.990280 -0.253858 0.098268 0.679830 0.680978
1540822867.584557 342.356356 -1103.961722 -7625.411333 -0.246036 0.126034 0.699548 0.658949
1540822868.060788 373.557602 -1132.746997 -7841.786820 -0.194187 0.353488 0.698818 0.590755
1540822868.114905 377.241290 -1135.979971 -7866.554083 -0.191657 0.363808 0.689756 0.595943
1540822868.169391 380.976381 -1139.229918 -7891.531393 -0.187030 0.372556 0.679108 0.604181
1540822868.506183 404.647670 -1159.303082 -8046.785141 -0.143053 0.401773 0.548411 0.719277
1540822868.739913 421.702159 -1173.417211 -8155.402242 -0.086036 0.384423 0.456587 0.797713
1540822868.798764 426.070259 -1177.017187 -8182.860375 -0.068055 0.373585 0.436951 0.815400
1540822869.090527 448.116880 -1195.228096 -8319.639281 0.043861 0.286260 0.313050 0.904506
1540822869.147852 452.513317 -1198.892261 -8346.642028 0.068381 0.256491 0.282528 0.921800
1540822869.373862 469.976327 -1213.645751 -8453.529685 0.155836 0.128472 0.119031 0.972133
1540822869.599332 487.472299 -1228.889821 -8560.861432 0.236875 -0.009503 -0.031499 0.970983
1540822869.713180 496.285924 -1236.789757 -8615.349502 0.279126 -0.082943 -0.099215 0.951507
1540822869.770470 500.709635 -1240.813780 -8642.845716 0.300239 -0.118062 -0.133140 0.937119
1540822869.885555 509.567011 -1248.985956 -8698.252765 0.340587 -0.184906 -0.196824 0.900594
1540822870.000968 518.403224 -1257.287917 -8754.051711 0.380476 -0.252220 -0.247187 0.854705
1540822870.173979 531.565292 -1269.893719 -8838.169764 0.432260 -0.347649 -0.308487 0.772740
1540822870.288804 540.253740 -1278.343961 -8894.324391 0.458273 -0.407717 -0.331726 0.716736
1540822870.345983 544.569966 -1282.573789 -8922.388958 0.470005 -0.435879 -0.339308 0.688458
1540822870.402989 548.870610 -1286.802737 -8950.436055 0.479209 -0.462092 -0.346215 0.661033
1540822870.572911 561.678323 -1299.472345 -9034.443966 0.493746 -0.535554 -0.357850 0.584244
1540822870.741336 574.394446 -1312.114124 -9118.317779 -0.523772 0.590010 0.375259 -0.486551
1540822870.908319 587.069688 -1324.707234 -9202.065495 -0.547310 0.630061 0.389014 -0.390054
1540822870.963688 591.295805 -1328.890044 -9229.960797 -0.553346 0.640690 0.394142 -0.357738
1540822871.018928 595.525751 -1333.066142 -9257.856265 -0.555167 0.652328 0.399294 -0.326837
1540822871.238700 612.520925 -1349.696499 -9369.446958 -0.552168 0.691042 0.425265 -0.191626
1540822871.565360 638.407642 -1374.429834 -9537.010910 -0.546000 0.702161 0.453480 0.056652
1540822871.619534 642.789159 -1378.529337 -9564.981740 -0.544779 0.698072 0.452377 0.106142
1540822871.944308 669.697704 -1403.103308 -9733.557402 -0.518106 0.635861 0.414733 0.394009
1540822872.162597 688.442291 -1419.672939 -9847.553626 -0.481695 0.577028 0.375427 0.542276
1540822872.217594 693.248147 -1423.863669 -9876.343948 -0.466854 0.568580 0.375060 0.563998
1540822872.494963 717.985767 -1445.157174 -10021.957174 -0.392535 0.547192 0.367750 0.641293
1540822872.550754 723.059231 -1449.479405 -10051.328920 -0.376339 0.548686 0.365956 0.650683
1540822873.113741 775.792124 -1493.974090 -10349.510772 -0.188041 0.598215 0.400150 0.668326
1540822873.347629 798.394317 -1512.974173 -10474.530017 -0.085362 0.637631 0.415164 0.643257
1540822873.407529 804.237240 -1517.895673 -10506.679594 -0.058838 0.655323 0.417129 0.626971
1540822873.714195 834.400940 -1543.440827 -10672.227386 0.076778 0.758250 0.450900 0.464598
1540822873.776668 840.575218 -1548.712102 -10706.165124 0.100300 0.777869 0.456241 0.420361
1540822874.351625 896.830012 -1598.198313 -11022.115425 0.283421 0.881128 0.341288 -0.163736
1540822874.415461 902.914882 -1603.817531 -11057.566310 0.293932 0.876378 0.310891 -0.221161
1540822874.478874 908.910763 -1609.430307 -11092.840470 0.298983 0.872936 0.275300 -0.269820
1540822875.072725 963.127144 -1663.800006 -11425.015310 0.160253 0.794920 0.054097 -0.582662
1540822875.128040 968.045657 -1669.056945 -11456.080932 0.152364 0.782865 0.050544 -0.601127
1540822875.669286 1015.604883 -1722.318211 -11761.102251 -0.151939 -0.648879 0.075791 0.741705
1540822875.722404 1020.236706 -1727.704269 -11791.121612 -0.161915 -0.632495 0.095281 0.751435
1540822876.249201 1066.219140 -1782.337858 -12089.234333 -0.261697 -0.382330 0.351781 0.813381
1540822876.302088 1070.880237 -1787.926622 -12119.173983 -0.260070 -0.354409 0.386635 0.810722
1540822876.569022 1094.679653 -1816.283362 -12270.345000 -0.244805 -0.220938 0.521231 0.787131
1540822876.622948 1099.556284 -1822.032816 -12300.900280 -0.242828 -0.201316 0.542297 0.778730
1540822877.064532 1140.568605 -1869.328703 -12551.529976 -0.101489 -0.161345 0.446004 0.874499
1540822877.180062 1151.616126 -1881.847645 -12617.275822 -0.034011 -0.178546 0.381035 0.906519
1540822877.238716 1157.271228 -1888.241171 -12650.692925 -0.003330 -0.189604 0.343966 0.919634
1540822877.416148 1174.541059 -1907.787947 -12751.990958 0.115854 -0.238645 0.221178 0.938460
1540822877.649313 1197.520262 -1934.000561 -12885.710117 0.244934 -0.310999 0.083345 0.914517
1540822877.820913 1214.571276 -1953.674985 -12984.667123 0.344684 -0.358495 -0.054413 0.865860
1540822877.878012 1220.254419 -1960.288107 -13017.718200 0.374634 -0.377686 -0.100028 0.840831
1540822878.340428 1266.462835 -2014.546612 -13288.063304 0.608530 -0.574672 -0.345898 0.424027
1540822878.456014 1278.136491 -2028.161604 -13356.394699 0.638321 -0.579386 -0.403407 0.306791
1540822878.513586 1283.977343 -2034.932373 -13390.528841 0.644433 -0.580078 -0.427139 0.256454
1540822879.091049 1344.030430 -2102.280223 -13736.651575 -0.556466 0.671888 0.459311 0.167171
1540822879.148897 1350.224452 -2109.003366 -13771.650228 -0.559880 0.656743 0.458598 0.211923
1540822879.720929 1413.614698 -2175.362806 -14120.084475 -0.497613 0.590465 0.403896 0.490511
1540822879.777282 1420.073515 -2181.915163 -14154.610740 -0.497305 0.572278 0.386120 0.525448
1540822880.057012 1452.654180 -2214.564025 -14326.362570 -0.460588 0.494127 0.344808 0.651770
1540822880.112702 1459.247759 -2221.097357 -14360.618121 -0.441438 0.478907 0.329968 0.683302
1540822880.448192 1499.597595 -2260.835189 -14567.405647 -0.282178 0.429379 0.295385 0.805455
1540822880.673079 1527.156092 -2287.916552 -14706.504914 -0.173848 0.445871 0.268607 0.835958
1540822880.729547 1534.123893 -2294.778327 -14741.506365 -0.149863 0.447057 0.252775 0.844859
1540822880.900188 1555.281647 -2315.681880 -14847.470049 -0.095369 0.451501 0.220759 0.859254
1540822881.073605 1576.918421 -2337.192366 -14955.480934 -0.065222 0.458111 0.212420 0.860673
1540822881.310309 1606.648579 -2366.981005 -15103.470788 -0.006895 0.520014 0.257637 0.814347
1540822881.370160 1614.196756 -2374.585778 -15141.003867 0.014039 0.544119 0.282049 0.790054
1540822881.550406 1637.018736 -2397.648942 -15254.363765 0.085450 0.623754 0.380162 0.677574
1540822881.730542 1659.924533 -2420.886165 -15368.212735 0.150096 0.713426 0.454960 0.511377
1540822881.968926 1690.250607 -2451.846537 -15519.885682 0.228295 0.834037 0.469543 0.178306
1540822882.027446 1697.663078 -2459.481418 -15557.303736 0.238029 0.849759 0.461385 0.091525
1540822882.256719 1726.463786 -2489.534281 -15704.535572 0.196344 0.869791 0.424226 -0.157942
1540822882.535850 1760.996111 -2526.504468 -15885.013698 0.103121 0.887528 0.381394 -0.237061
1540822882.590980 1767.763318 -2533.856502 -15920.806193 0.097863 0.892081 0.367841 -0.243533
1540822882.645953 1774.489911 -2541.205773 -15956.545786 0.091907 0.897687 0.346120 -0.256735
1540822882.863834 1800.970557 -2570.547947 -16098.603839 0.136751 0.884302 0.219200 -0.388922
1540822882.917740 1807.473783 -2577.867390 -16133.845429 0.149584 0.875032 0.191220 -0.418781
1540822882.971470 1813.943393 -2585.188239 -16169.002904 0.163333 0.867080 0.167206 -0.439929
1540822883.131972 1833.147887 -2607.197178 -16274.198564 0.186854 0.853308 0.122005 -0.471238
1540822883.503951 1877.107231 -2659.086665 -16518.927347 0.082387 0.845366 0.060449 -0.524322
1540822883.556829 1883.310880 -2666.577993 -16553.820127 0.071664 0.843196 0.042247 -0.531130
1540822883.715042 1901.816273 -2689.163824 -16658.365989 0.032230 0.832266 -0.021489 -0.553022
1540822884.028996 1938.475839 -2734.783937 -16866.398248 -0.019697 0.793863 -0.132931 -0.593063
1540822884.081049 1944.561769 -2742.445510 -16900.956980 -0.024885 0.791811 -0.141165 -0.593707
1540822884.133039 1950.639896 -2750.124739 -16935.494271 -0.032577 0.789570 -0.145891 -0.595175
1540822884.236792 1962.784458 -2765.526714 -17004.469555 -0.058976 0.781548 -0.151489 -0.602292
1540822884.340338 1974.926966 -2781.006318 -17073.389995 -0.069161 0.774022 -0.169260 -0.606182
1540822884.495457 1993.168632 -2804.401654 -17176.771819 -0.096444 0.758082 -0.214561 -0.608255
1540822884.650291 2011.459219 -2827.978383 -17280.118261 -0.113572 0.746135 -0.240327 -0.610432
1540822884.701978 2017.586006 -2835.898047 -17314.653600 -0.117386 0.742908 -0.249435 -0.609992
1540822884.857748 2036.128341 -2859.911283 -17418.841722 -0.136392 0.731506 -0.274842 -0.608899
1540822885.014862 2054.955714 -2884.344739 -17524.090373 -0.152299 0.719967 -0.302308 -0.605856
1540822885.173365 2074.079648 -2909.194647 -17630.423303 -0.135731 0.705952 -0.365703 -0.591160
1540822885.226538 2080.518621 -2917.567672 -17666.124969 -0.134793 0.698207 -0.387344 -0.586772
1540822885.279886 2086.998467 -2925.984749 -17701.961576 -0.138625 0.687561 -0.409943 -0.583086
1540822885.494800 2113.230456 -2960.033872 -17846.488058 -0.149982 0.640348 -0.488353 -0.573560
1540822885.657457 2133.244800 -2985.930452 -17956.033249 -0.164939 0.605360 -0.517579 -0.581761
1540822885.766597 2146.759752 -3003.358297 -18029.612311 -0.171240 0.589842 -0.531626 -0.583213
1540822885.821369 2153.567967 -3012.123233 -18066.561987 0.175513 -0.581896 0.538302 0.583801
1540822885.876273 2160.413261 -3020.916977 -18103.613239 0.180026 -0.573554 0.545246 0.584237
1540822886.041693 2181.177560 -3047.477822 -18215.346695 0.197121 -0.552714 0.563254 0.581718
1540822886.152465 2195.197988 -3065.308565 -18290.245597 0.212897 -0.540436 0.573983 0.577189
1540822886.207979 2202.255897 -3074.260679 -18327.806575 0.230797 -0.528570 0.572581 0.582664
1540822886.430577 2230.839402 -3110.225963 -18478.604221 0.300171 -0.490605 0.555806 0.600237
1540822886.653964 2259.999091 -3146.438172 -18630.278914 0.309074 -0.466894 0.598335 0.573130
1540822886.766018 2274.798846 -3164.628657 -18706.484745 0.290892 -0.422029 0.651798 0.558956
1540822886.822181 2282.259142 -3173.749822 -18744.714635 0.276890 -0.400459 0.675188 0.554153
1540822887.217812 2335.601714 -3237.917956 -19014.608470 0.246729 -0.295876 0.742549 0.547908
1540822887.388039 2359.004067 -3265.448565 -19131.074392 0.261712 -0.256734 0.752145 0.547606
1540822887.444717 2366.865165 -3274.596727 -19169.902760 0.279376 -0.237070 0.748835 0.552262
1540822888.007703 2446.919713 -3364.891498 -19557.296971 0.453895 -0.171571 0.685240 0.543129
1540822888.063768 2455.069350 -3373.827587 -19596.065462 0.474867 -0.172875 0.679178 0.532291
1540822888.625171 2538.363734 -3462.585777 -19986.375204 0.598203 -0.153908 0.647753 0.445962
1540822888.681341 2546.855425 -3471.389649 -20025.640376 0.604740 -0.152911 0.650157 0.433825
1540822888.962207 2589.636185 -3515.185992 -20222.523210 0.636378 -0.141614 0.639883 0.406840
1540822889.018383 2598.257618 -3523.905397 -20262.015089 0.639066 -0.148717 0.633775 0.409642
1540822889.581983 2686.068710 -3610.503465 -20660.339896 0.712507 -0.141943 0.582244 0.364935
1540822889.638578 2695.021467 -3619.102401 -20700.557990 0.721337 -0.138332 0.578640 0.354559
1540822890.205701 2785.829938 -3704.213490 -21105.773629 0.784862 -0.111422 0.542945 0.277108
1540822890.262528 2795.030882 -3712.627054 -21146.595160 0.793545 -0.106979 0.536992 0.265485
1540822890.829181 2887.572434 -3795.410116 -21555.757738 0.872722 -0.068085 0.458712 0.152654
1540822890.885530 2896.836251 -3803.522509 -21596.645674 0.880110 -0.063945 0.448603 0.141676
1540822891.442034 2988.845977 -3882.266160 -22002.454785 0.947386 -0.023560 0.318341 0.023724
1540822891.496732 2997.919665 -3889.857674 -22042.514827 0.951477 -0.019737 0.306859 0.011810
1540822892.031937 3086.894216 -3962.386591 -22436.106879 0.976761 0.023087 0.182708 -0.109650
1540822892.084281 3095.596945 -3969.296828 -22474.733536 0.977918 0.027386 0.162800 -0.128150
1540822892.342580 3138.522069 -4002.977306 -22665.646941 0.977750 0.046925 0.061226 -0.195075
1540822892.393687 3147.008885 -4009.565618 -22703.461360 0.977068 0.051727 0.035464 -0.203484
1540822892.897443 3230.594437 -4073.122631 -23077.139864 0.940994 0.083757 -0.134925 -0.298848
1540822892.947305 3238.858294 -4079.292803 -23114.197137 0.933471 0.089901 -0.159819 -0.308234
1540822893.445321 3321.352856 -4139.868482 -23485.032839 0.863844 0.140476 -0.295185 -0.383282
1540822893.495105 3329.594308 -4145.821706 -23522.164490 0.854071 0.144827 -0.309509 -0.392163
1540822893.992194 3411.881902 -4204.361557 -23893.284467 0.761293 0.197938 -0.387734 -0.480538
1540822894.041806 3420.093742 -4210.123098 -23930.357393 0.752850 0.199347 -0.398609 -0.484344
1540822894.536433 3502.148233 -4266.770504 -24300.204492 0.675197 0.150569 -0.513538 -0.507658
1540822894.585753 3510.356542 -4272.346669 -24337.119136 0.666638 0.152623 -0.517221 -0.514570
