1540821362.053679 -0.032136 0.022671 0.039713 0.111472 0.988564 -0.076261 -0.067077
1540821362.112118 -0.033433 0.020188 0.030678 -0.020335 0.997950 -0.048612 0.036310
1540821362.229096 -0.034679 0.020230 0.028857 -0.078938 0.994494 -0.057246 0.038376
1540821362.346362 -0.035904 0.019575 0.026797 -0.053860 0.996280 -0.053142 0.041246
1540821362.405133 -0.037189 0.028302 0.017498 0.051564 0.980111 -0.174657 -0.078857
1540821362.464008 -0.036739 0.019301 0.025695 -0.030610 0.996918 -0.052883 0.049201
1540821362.581999 -0.038631 0.018612 0.023246 0.028655 0.995575 -0.050623 0.073806
1540821362.700205 -0.040880 0.017911 0.020436 0.065127 0.989921 -0.051668 0.114654
1540821362.818531 -0.042888 0.017309 0.017954 0.096035 0.981822 -0.052035 0.155224
1540821362.877727 -0.044329 0.017100 0.016089 0.128287 0.972756 -0.054303 0.185309
1540821362.936939 -0.045373 0.016757 0.014257 0.143571 0.965418 -0.059435 0.209339
1540821362.996173 -0.046079 0.016202 0.012504 0.151730 0.960029 -0.064415 0.226216
1540821363.055427 -0.038056 0.029415 0.015893 0.232361 0.901117 -0.296527 0.214637
1540821363.114700 -0.046508 0.014725 0.010098 0.165251 0.955476 -0.063612 0.236030
1540821363.173992 -0.046634 0.013502 0.008522 0.173003 0.953630 -0.061173 0.238576
1540821363.233296 -0.046585 0.012157 0.006998 0.170227 0.954276 -0.061068 0.238014
1540821363.292617 -0.046418 0.010706 0.005484 0.161697 0.956368 -0.061819 0.235357
1540821363.351948 -0.046094 0.009172 0.004020 0.135191 0.961280 -0.066584 0.230717
1540821363.470644 -0.045456 0.006932 0.001752 0.088424 0.967918 -0.076951 0.222247
1540821363.530003 -0.045153 0.005488 0.000144 0.084266 0.969052 -0.077496 0.218704
1540821363.589362 -0.044944 0.004037 -0.001569 0.095771 0.968635 -0.074245 0.216940
1540821363.648717 -0.044723 0.002593 -0.003346 0.112091 0.967492 -0.069711 0.215722
1540821363.708069 -0.043008 0.005365 -0.003903 0.193567 0.953525 -0.220101 0.069847
1540821363.767415 -0.044377 0.000606 -0.006074 0.143084 0.964000 -0.063989 0.214794
1540821363.826751 -0.044005 -0.000555 -0.007906 0.161980 0.961505 -0.063520 0.212687
1540821363.886075 -0.043549 -0.001529 -0.009781 0.177862 0.958845 -0.067742 0.210695
1540821363.945402 -0.043041 -0.002477 -0.011655 0.181243 0.958027 -0.076030 0.208697
1540821364.004730 -0.042498 -0.003379 -0.013559 0.175434 0.958402 -0.088145 0.207168
1540821364.064049 -0.042283 -0.003769 -0.014554 0.171079 0.958302 -0.095939 0.207810
1540821364.123358 -0.042196 -0.004392 -0.016739 0.163847 0.955549 -0.113907 0.217036
1540821364.182675 -0.042531 -0.004922 -0.019212 0.158661 0.949360 -0.134224 0.235643
1540821364.241994 -0.042935 -0.005343 -0.021877 0.149562 0.941453 -0.160100 0.256252
1540821364.301322 -0.043369 -0.006064 -0.024604 0.130174 0.933847 -0.186089 0.276324
1540821364.360658 -0.034766 -0.004734 -0.028116 0.169861 0.877014 -0.321810 0.313739
1540821364.419997 -0.044109 -0.007659 -0.028695 0.093809 0.921430 -0.222220 0.304607
1540821364.479335 -0.044785 -0.009200 -0.031413 0.072953 0.911794 -0.238464 0.326258
1540821364.538668 -0.045516 -0.011174 -0.034030 0.049997 0.902653 -0.247745 0.348341
1540821364.597993 -0.046149 -0.013304 -0.036557 0.013139 0.892866 -0.260978 0.366753
1540821364.657298 -0.046656 -0.015264 -0.039115 -0.033366 0.879214 -0.283982 0.381081
1540821364.775874 -0.047212 -0.017861 -0.043090 -0.097204 0.850378 -0.328699 0.399206
1540821364.835162 -0.047546 -0.019732 -0.045705 -0.135146 0.827938 -0.357247 0.410644
1540821364.894449 -0.047920 -0.021624 -0.048382 -0.187094 0.799904 -0.391401 0.414674
1540821364.953731 -0.048244 -0.023650 -0.051086 -0.261262 0.757862 -0.436493 0.408487
1540821365.013008 -0.043950 -0.010125 -0.052462 0.075618 0.766247 -0.382373 0.510822
1540821365.072283 -0.048626 -0.027169 -0.055123 -0.363753 0.675434 -0.501880 0.399485
1540821365.190850 -0.048968 -0.033885 -0.059862 0.473419 -0.548183 0.553411 -0.411225
1540821365.309429 -0.048272 -0.043151 -0.063488 0.546642 -0.415722 0.551569 -0.473423
1540821365.428038 -0.046097 -0.050400 -0.064591 0.577680 -0.349310 0.502965 -0.539717
1540821365.546658 -0.041233 -0.058725 -0.069407 -0.545841 0.247001 -0.446554 0.664558
1540821365.605959 -0.038315 -0.061431 -0.071986 -0.513066 0.201269 -0.425450 0.717807
1540821365.665255 -0.044752 -0.098784 -0.011439 -0.604354 0.614027 -0.170372 0.478226
1540821365.724559 -0.053619 -0.072498 -0.022651 0.617662 -0.590916 0.256434 -0.451170
1540821365.843234 -0.036773 0.026253 -0.040935 0.678656 -0.528261 0.260389 -0.438820
1540821365.961976 -0.035548 0.206546 -0.092965 0.727910 -0.471252 0.262586 -0.423223
1540821366.021362 -0.007330 0.414732 -0.241826 0.725342 -0.456242 0.319363 -0.404634
1540821366.080757 -0.020922 0.544413 -0.284413 0.747749 -0.425235 0.315733 -0.400449
1540821366.199591 -0.070395 0.870607 -0.426933 0.780242 -0.372861 0.315489 -0.390722
1540821366.378072 -0.203746 1.497287 -0.653694 0.834778 -0.278373 0.292958 -0.373938
1540821366.497247 -0.338179 2.024096 -0.882055 0.868525 -0.208589 0.274402 -0.356173
1540821366.556864 -0.425467 2.316693 -1.001256 0.884511 -0.172571 0.260916 -0.346096
1540821366.616482 -0.526437 2.632042 -1.132060 0.896817 -0.137358 0.246570 -0.340670
1540821366.676105 -0.640875 2.973279 -1.295097 0.907405 -0.103914 0.227987 -0.337402
1540821366.735723 -0.772079 3.335624 -1.471101 0.920948 -0.069192 0.203904 -0.324793
1540821366.795324 -0.920771 3.719713 -1.660193 0.932922 -0.033963 0.177330 -0.311539
1540821366.854882 -1.084113 4.123015 -1.857237 0.939607 -0.001289 0.157162 -0.304034
1540821366.914375 -1.264011 4.544000 -2.064130 0.944117 0.029810 0.142206 -0.295857
1540821366.973817 -1.461463 4.979949 -2.283989 0.948680 0.059184 0.127449 -0.283302
1540821367.092587 -1.914403 5.900219 -2.756071 0.952475 0.112933 0.100518 -0.264451
1540821367.151949 -2.174469 6.384455 -3.021704 0.951717 0.139565 0.086944 -0.259222
1540821367.211336 -2.458874 6.883320 -3.306491 0.951257 0.167216 0.070662 -0.249310
1540821367.270753 -2.765952 7.396536 -3.609440 0.949364 0.197684 0.056829 -0.237484
1540821367.330207 -3.096880 7.923219 -3.930522 0.944574 0.232062 0.042892 -0.228228
1540821367.389702 -3.451881 8.459273 -4.271353 0.940367 0.262669 0.027024 -0.214440
1540821367.449244 -3.831392 9.004497 -4.632042 0.936717 0.288653 0.014205 -0.197585
1540821367.508836 -4.236295 9.560430 -5.011214 0.931771 0.313642 0.007199 -0.182703
1540821367.568475 -4.670448 10.127186 -5.409186 0.924215 0.340209 -0.001444 -0.173443
1540821367.628178 -5.138658 10.703110 -5.828246 0.913171 0.369184 -0.018472 -0.171697
1540821367.687968 -5.637251 11.285725 -6.269780 0.902428 0.395858 -0.034511 -0.166520
1540821367.747861 -6.164263 11.873678 -6.732584 0.893215 0.419640 -0.047359 -0.154360
1540821367.807863 -6.722057 12.465361 -7.214854 0.883626 0.442358 -0.064604 -0.139106
1540821367.867980 -7.309187 13.062246 -7.714925 0.873278 0.463789 -0.081499 -0.125072
1540821367.928205 -7.926315 13.663964 -8.232725 0.860107 0.486527 -0.098721 -0.117312
1540821367.988539 -8.569439 14.265794 -8.768253 0.846847 0.510761 -0.113350 -0.095530
1540821368.048985 -9.240097 14.869661 -9.322559 0.834153 0.531106 -0.130051 -0.072124
1540821368.109521 -9.943308 15.475331 -9.894480 0.817007 0.550935 -0.159968 -0.058140
1540821368.170125 -10.675895 16.079445 -10.482432 0.795982 0.573953 -0.189019 -0.035532
1540821368.230766 -11.433930 16.683685 -11.084553 0.770663 0.602895 -0.206361 -0.003443
1540821368.291390 -12.219355 17.293683 -11.701748 0.746701 0.626227 -0.223834 0.013213
1540821368.351965 -13.031757 17.903707 -12.333033 0.724770 0.644147 -0.243348 0.023766
1540821368.412502 -13.869175 18.508643 -12.977194 0.696722 0.668111 -0.258107 0.039834
1540821368.473018 -14.732029 19.107004 -13.633994 0.665986 0.692648 -0.271350 0.055415
1540821368.533524 -15.619546 19.696211 -14.301754 0.637816 0.711911 -0.285883 0.068159
1540821368.594017 -16.530034 20.272763 -14.978278 0.609897 0.728565 -0.301641 0.078940
1540821368.654510 -17.460749 20.834422 -15.662287 0.581101 0.744029 -0.316899 0.091203
1540821368.715017 -18.409482 21.381187 -16.353338 0.552256 0.758191 -0.330683 0.103964
1540821368.775544 -19.375118 21.914146 -17.051277 0.525660 0.769347 -0.343840 0.116451
1540821368.836099 -20.357212 22.434284 -17.756540 0.499609 0.778438 -0.357304 0.129456
1540821368.896687 -21.354726 22.943394 -18.470305 0.473584 0.787600 -0.367114 0.143637
1540821368.957304 -22.367822 23.441388 -19.192781 0.450285 0.794306 -0.375361 0.159455
1540821369.017953 -23.397514 23.928948 -19.924721 0.426521 0.800139 -0.382898 0.176766
1540821369.078641 -24.445181 24.407374 -20.668014 0.402198 0.805462 -0.388060 0.197175
1540821369.200149 -26.605613 25.325225 -22.196043 0.345735 0.812991 -0.403183 0.238655
1540821369.321803 -28.833007 26.201112 -23.747262 0.265540 0.822403 -0.430416 0.260547
1540821369.504384 -32.211267 27.419662 -26.112983 0.141761 0.810507 -0.478573 0.306513
1540821369.625935 -34.492546 28.199963 -27.720507 0.070813 0.792031 -0.501390 0.340999
1540821369.686580 -35.647624 28.585073 -28.529143 0.035116 0.789746 -0.502120 0.350632
1540821369.747135 -36.809332 28.967701 -29.331616 -0.000007 0.789052 -0.496641 0.361587
1540821369.868003 -39.154707 29.731617 -30.909155 -0.077512 0.791799 -0.483216 0.365442
1540821369.928349 -40.336283 30.102807 -31.694103 -0.114374 0.788273 -0.486998 0.358299
1540821370.048979 -42.690670 30.844174 -33.260828 -0.189007 0.785382 -0.482081 0.339190
1540821370.109336 -43.857980 31.206905 -34.047332 -0.225201 0.775359 -0.483561 0.338042
1540821370.169748 -45.015353 31.568974 -34.836432 -0.260811 0.761953 -0.483864 0.342463
1540821370.230221 -46.181753 31.905624 -35.632049 -0.293562 0.746308 -0.483432 0.350912
1540821370.290753 -47.331548 32.258391 -36.429598 -0.323894 0.728132 -0.483510 0.362125
1540821370.351344 -48.463647 32.629920 -37.227404 -0.351527 0.706810 -0.485028 0.376292
1540821370.411983 -49.600773 32.997429 -38.029886 -0.378091 0.682104 -0.486251 0.394134
1540821370.472646 -50.743139 33.363467 -38.836147 -0.407005 0.656031 -0.484356 0.411545
1540821370.533328 -51.946334 33.694200 -39.655250 -0.440151 0.630689 -0.476900 0.425517
1540821370.594004 -53.247614 34.000381 -40.445421 -0.476102 0.605231 -0.465641 0.436121
1540821370.654663 -54.507414 34.330417 -41.269648 -0.512259 0.578068 -0.453940 0.444259
1540821370.715281 -55.753768 34.677965 -42.109201 -0.547178 0.553087 -0.439935 0.448495
1540821370.775832 -56.998733 35.041690 -42.956128 0.578917 -0.534080 0.426615 -0.444538
1540821370.836313 -58.266323 35.417804 -43.799606 0.606939 -0.517203 0.417223 -0.435949
1540821370.896751 -59.438105 35.865109 -44.629048 0.633068 -0.499162 0.409253 -0.427286
1540821370.957164 -60.607555 36.329996 -45.466793 0.658593 -0.482924 0.396078 -0.419715
1540821371.017576 -61.773316 36.814485 -46.311957 0.681220 -0.469213 0.379230 -0.414685
1540821371.078006 -62.933672 37.322501 -47.156876 0.699548 -0.448313 0.367617 -0.417738
1540821371.138467 -64.090130 37.853534 -47.999293 0.717800 -0.419968 0.364669 -0.418816
1540821371.198968 -65.245300 38.408654 -48.841314 0.736286 -0.383785 0.364260 -0.421790
1540821371.259524 -66.403547 38.986418 -49.689972 0.757074 -0.346422 0.359410 -0.421491
1540821371.320142 -67.568328 39.586303 -50.550776 0.779419 -0.306939 0.352514 -0.417167
1540821371.380824 -68.743549 40.206426 -51.429102 0.801660 -0.268479 0.342436 -0.409876
1540821371.441564 -69.931822 40.845538 -52.329846 0.823137 -0.228093 0.330361 -0.401597
1540821371.502357 -71.134835 41.501154 -53.256426 0.841782 -0.189544 0.316602 -0.394004
1540821371.563187 -72.353238 42.170981 -54.210300 0.858609 -0.162500 0.296239 -0.385521
1540821371.624032 -73.587574 42.856881 -55.187277 0.872787 -0.148315 0.270333 -0.378372
1540821371.684883 -74.838171 43.563626 -56.180978 0.885609 -0.136196 0.241877 -0.372348
1540821371.745723 -76.104727 44.295093 -57.184790 0.897942 -0.124668 0.212691 -0.364583
1540821371.806538 -77.385693 45.054002 -58.193767 0.909178 -0.109861 0.184669 -0.356684
1540821371.867331 -78.678634 45.839770 -59.204637 0.919492 -0.086443 0.163125 -0.347062
1540821371.928114 -79.983832 46.648229 -60.216099 0.928446 -0.055174 0.151304 -0.334740
1540821371.988895 -81.301170 47.478032 -61.232129 0.934028 -0.023670 0.148786 -0.323874
1540821372.049694 -82.632934 48.330213 -62.260402 0.937793 0.008285 0.148532 -0.313711
1540821372.110540 -83.983114 49.208233 -63.309992 0.941754 0.040961 0.143132 -0.301553
1540821372.171452 -85.357764 50.115762 -64.386897 0.945227 0.078532 0.128639 -0.289536
1540821372.232435 -86.762929 51.052716 -65.492434 0.945831 0.119731 0.107353 -0.282035
1540821372.293478 -88.203731 52.014591 -66.625752 0.943032 0.162853 0.077018 -0.279711
1540821372.354571 -89.681105 52.994963 -67.785126 0.937326 0.205394 0.037967 -0.278913
1540821372.415677 -91.194063 53.984437 -68.969044 0.929526 0.246878 -0.010948 -0.273701
1540821372.476762 -92.739535 54.974842 -70.169642 0.918416 0.285883 -0.064492 -0.265751
1540821372.537774 -94.304964 55.969025 -71.373606 0.908390 0.318773 -0.112343 -0.246149
1540821372.598651 -95.885611 56.959723 -72.581703 0.898901 0.347243 -0.153378 -0.218805
1540821372.659320 -97.475407 57.950514 -73.789293 0.890002 0.369933 -0.184083 -0.192766
1540821372.719735 -99.070907 58.945974 -74.995483 0.884465 0.385680 -0.201150 -0.168854
1540821372.779905 -100.674316 59.950878 -76.201377 0.881070 0.398201 -0.206688 -0.149772
1540821372.839867 -102.290490 60.968901 -77.410687 0.875591 0.418277 -0.199761 -0.135941
1540821372.899711 -103.928751 61.999867 -78.628940 0.867606 0.442066 -0.188743 -0.127334
1540821372.959541 -105.597085 63.041857 -79.860627 0.856432 0.468457 -0.179130 -0.122410
1540821373.019446 -107.303065 64.092225 -81.111483 0.839742 0.499293 -0.173241 -0.124610
1540821373.139686 -110.841384 66.198432 -83.686967 0.793742 0.564411 -0.187246 -0.127875
1540821373.200055 -112.670387 67.242685 -85.013392 0.765213 0.597062 -0.207076 -0.122823
1540821373.260561 -114.533289 68.276119 -86.362683 0.734670 0.624966 -0.239058 -0.111930
1540821373.321180 -116.423884 69.295327 -87.731117 0.702923 0.647406 -0.278995 -0.094483
1540821373.381873 -118.333678 70.300095 -89.113714 0.670398 0.667121 -0.317520 -0.068542
1540821373.442587 -120.255031 71.295127 -90.503970 0.637855 0.684226 -0.351020 -0.041959
1540821373.563812 -124.115184 73.277521 -93.296636 0.591983 0.704152 -0.391996 0.008033
1540821373.684551 -128.009408 75.256745 -96.089717 0.566624 0.726160 -0.384545 0.061269
1540821373.804914 -131.985941 77.219925 -98.869508 0.536964 0.756476 -0.363738 0.084309
1540821373.865102 -134.018164 78.185917 -100.259020 0.516698 0.771791 -0.361267 0.082756
1540821373.925373 -136.081943 79.135509 -101.654154 0.487079 0.791531 -0.361209 0.075902
1540821373.985772 -138.174923 80.064764 -103.058934 0.446022 0.815345 -0.362802 0.068203
1540821374.046313 -140.290777 80.971551 -104.477334 0.399644 0.837459 -0.366547 0.067761
1540821374.106978 -142.422344 81.855017 -105.912156 0.350483 0.852951 -0.379468 0.075096
1540821374.167737 -144.562978 82.717599 -107.365550 0.302346 0.862372 -0.396496 0.087707
1540821374.228585 -146.708734 83.560974 -108.836404 0.252194 0.865405 -0.420111 0.104778
1540821374.289521 -148.856610 84.387908 -110.323271 0.197547 0.860378 -0.452444 0.126568
1540821374.350542 -151.002778 85.204449 -111.826758 0.144490 0.849732 -0.482084 0.157076
1540821374.411589 -153.145095 86.016954 -113.345764 0.093907 0.838450 -0.500207 0.194874
1540821374.472588 -155.283241 86.828718 -114.875589 0.049530 0.824926 -0.511790 0.234765
1540821374.533453 -157.419090 87.643392 -116.411952 0.015816 0.812590 -0.514269 0.273815
1540821374.594119 -159.554898 88.462195 -117.950225 -0.009760 0.805572 -0.504874 0.309936
1540821374.654553 -161.692389 89.282627 -119.484017 -0.034992 0.800404 -0.490965 0.342174
1540821374.714755 -163.833490 90.101024 -121.009786 -0.057045 0.796388 -0.477999 0.366100
1540821374.774742 -165.979028 90.914487 -122.526839 -0.074888 0.795464 -0.466189 0.379863
1540821374.834535 -168.128048 91.720774 -124.035813 -0.092681 0.799017 -0.453400 0.383940
1540821374.894196 -170.279150 92.516982 -125.536906 -0.113626 0.801391 -0.443135 0.385348
1540821374.953802 -172.430702 93.299674 -127.031408 -0.142003 0.798459 -0.438525 0.387290
1540821375.013419 -174.581715 94.069135 -128.522730 -0.181084 0.790537 -0.439534 0.386095
1540821375.073086 -176.730097 94.831673 -130.014251 -0.222164 0.777982 -0.444589 0.384353
1540821375.132811 -178.872351 95.596293 -131.505941 -0.250111 0.763669 -0.449813 0.389773
1540821375.192605 -181.008038 96.369122 -132.995509 -0.274862 0.744193 -0.457966 0.401117
1540821375.252488 -183.139845 97.152804 -134.484220 -0.301196 0.721388 -0.465912 0.414495
1540821375.312454 -185.270497 97.947638 -135.975471 -0.326702 0.700772 -0.465295 0.430912
1540821375.372499 -187.402041 98.751053 -137.470097 -0.355458 0.681384 -0.456979 0.447813
1540821375.432604 -189.534680 99.561654 -138.964608 -0.389301 0.655116 -0.445770 0.469635
1540821375.492735 -191.669720 100.376503 -140.458778 -0.427044 0.625565 -0.431360 0.490132
1540821375.552836 -193.808370 101.191322 -141.952148 -0.467886 0.597403 -0.421686 0.496360
1540821375.612849 -195.950882 102.004629 -143.443420 -0.508087 0.565341 -0.420421 0.495462
1540821375.672749 -198.093656 102.818737 -144.932302 0.540323 -0.532938 0.426462 -0.492096
1540821375.732546 -200.237008 103.636718 -146.422666 0.570709 -0.496280 0.435461 -0.488233
1540821375.792276 -202.384542 104.461655 -147.920382 0.600457 -0.455249 0.447016 -0.482055
1540821375.851987 -204.538596 105.296226 -149.431530 0.630192 -0.418726 0.451292 -0.473140
1540821375.911714 -206.702341 106.143491 -150.958803 0.655720 -0.387787 0.454011 -0.462089
1540821375.971484 -208.877868 107.008365 -152.504364 0.674402 -0.361900 0.456042 -0.454133
1540821376.031312 -211.067048 107.895077 -154.069588 0.692641 -0.335902 0.450641 -0.452041
1540821376.091214 -213.272457 108.805028 -155.655447 0.708418 -0.315893 0.438506 -0.453947
1540821376.151200 -215.495116 109.739996 -157.259954 0.721210 -0.302893 0.421772 -0.458498
1540821376.211258 -217.734145 110.700573 -158.879140 0.733440 -0.292862 0.402608 -0.462823
1540821376.271384 -219.989351 111.686275 -160.510179 0.746472 -0.285891 0.380377 -0.465145
1540821376.331564 -222.260785 112.697229 -162.149602 0.759680 -0.280886 0.354624 -0.467152
1540821376.391802 -224.548414 113.736953 -163.793282 0.772333 -0.265487 0.330453 -0.473095
1540821376.452111 -226.853505 114.804069 -165.441767 0.789588 -0.241185 0.306475 -0.473766
1540821376.512478 -229.172384 115.901865 -167.094333 0.805156 -0.211685 0.290637 -0.471639
1540821376.633241 -233.862549 118.171945 -170.405395 0.837244 -0.125496 0.247198 -0.471345
1540821376.813815 -241.002969 121.715682 -175.411015 0.876129 0.028076 0.215432 -0.430348
1540821376.933504 -245.823166 124.131135 -178.794122 0.876108 0.135484 0.211054 -0.411747
1540821377.052852 -250.704426 126.566910 -182.259060 0.875029 0.222700 0.196680 -0.382160
1540821377.112507 -253.177694 127.789625 -184.027778 0.873086 0.252431 0.192805 -0.369900
1540821377.172189 -255.678514 129.017142 -185.823447 0.871206 0.278433 0.184173 -0.359938
1540821377.231925 -258.208567 130.249473 -187.646370 0.869286 0.305809 0.173541 -0.347428
1540821377.291734 -260.768011 131.486149 -189.497336 0.870978 0.329061 0.163544 -0.326143
1540821377.351636 -263.361818 132.729691 -191.376573 0.872939 0.352044 0.144612 -0.305173
1540821377.471665 -268.649978 135.235335 -195.210116 0.870643 0.398134 0.100816 -0.270750
1540821377.531749 -271.343344 136.495522 -197.162075 0.866791 0.420913 0.080267 -0.255074
1540821377.591852 -274.068822 137.759455 -199.136469 0.862367 0.443855 0.059793 -0.236095
1540821377.651956 -276.827881 139.025686 -201.132082 0.855561 0.469051 0.036368 -0.216064
1540821377.712051 -279.620590 140.293841 -203.147641 0.846332 0.493802 0.012520 -0.199312
1540821377.772133 -282.446242 141.562393 -205.182122 0.833268 0.520204 -0.016175 -0.186521
1540821377.832201 -285.303822 142.829027 -207.236371 0.818760 0.547703 -0.039844 -0.167531
1540821377.892261 -288.192246 144.092136 -209.309503 0.803221 0.573530 -0.061796 -0.148594
1540821377.952312 -291.109762 145.349739 -211.398769 0.785196 0.598817 -0.084002 -0.133521
1540821378.012354 -294.054745 146.600202 -213.503674 0.766877 0.621504 -0.106602 -0.119448
1540821378.072380 -297.028021 147.843468 -215.624481 0.748470 0.640233 -0.130305 -0.113649
1540821378.132397 -300.028769 149.077857 -217.761818 0.728735 0.657993 -0.156170 -0.107705
1540821378.192412 -303.053771 150.301623 -219.916333 0.709898 0.675049 -0.176617 -0.095708
1540821378.252439 -306.104741 151.513854 -222.088107 0.690794 0.691697 -0.195901 -0.077344
1540821378.312484 -309.182463 152.713538 -224.274712 0.669547 0.706960 -0.219790 -0.060061
1540821378.372542 -312.282130 153.899381 -226.473515 0.646992 0.721725 -0.240788 -0.050344
1540821378.432599 -315.403169 155.072221 -228.685353 0.624934 0.737142 -0.254099 -0.038898
1540821378.492655 -318.546415 156.231148 -230.908876 0.605005 0.749622 -0.266340 -0.033139
1540821378.552727 -321.710884 157.374758 -233.143810 0.583796 0.759809 -0.284264 -0.032663
1540821378.612808 -324.894547 158.501299 -235.390035 0.561367 0.769678 -0.302168 -0.034020
1540821378.672912 -328.094557 159.611798 -237.647247 0.535982 0.780768 -0.319850 -0.028667
1540821378.733036 -331.310233 160.706803 -239.914505 0.510945 0.791284 -0.335292 -0.019591
1540821378.793180 -334.540970 161.785096 -242.190530 0.483917 0.799762 -0.355120 -0.009752
1540821378.853343 -337.785016 162.846932 -244.474900 0.456468 0.807269 -0.374098 0.002087
1540821378.913530 -341.040189 163.892747 -246.767378 0.428171 0.815305 -0.389454 0.016531
1540821378.973742 -344.306276 164.923305 -249.066913 0.399814 0.823283 -0.401622 0.032447
1540821379.033975 -347.581864 165.938603 -251.371531 0.371162 0.828920 -0.415872 0.046690
1540821379.094230 -350.864747 166.938859 -253.680043 0.342697 0.832377 -0.431144 0.061818
1540821379.154504 -354.154240 167.923835 -255.991526 0.310725 0.835030 -0.447543 0.076681
1540821379.214797 -357.448871 168.894542 -258.306512 0.277449 0.836749 -0.463324 0.090571
1540821379.275103 -360.747098 169.853290 -260.625958 0.245853 0.838136 -0.475649 0.104128
1540821379.335418 -364.046051 170.801296 -262.948048 0.215282 0.838282 -0.486794 0.118187
1540821379.395751 -367.345031 171.738986 -265.271437 0.184945 0.835294 -0.500373 0.133065
1540821379.456101 -370.644167 172.668083 -267.595323 0.154066 0.829957 -0.514078 0.152182
1540821379.516471 -373.941740 173.590175 -269.919911 0.118793 0.827008 -0.524106 0.165104
1540821379.576859 -377.237084 174.506373 -272.243531 0.084684 0.821900 -0.535546 0.174638
1540821379.637251 -380.529539 175.418494 -274.568179 0.051538 0.814781 -0.547043 0.184985
1540821379.697647 -383.816818 176.327780 -276.893412 0.017749 0.806590 -0.557846 0.194695
1540821379.818469 -390.375910 178.146728 -281.548708 -0.050040 0.788677 -0.573970 0.214579
1540821379.878898 -393.645205 179.059866 -283.877787 -0.084697 0.777397 -0.581410 0.224595
1540821379.939331 -396.908220 179.977436 -286.208901 -0.118419 0.765504 -0.587341 0.234544
1540821379.999766 -400.163463 180.901079 -288.541633 -0.152579 0.754527 -0.590112 0.243263
1540821380.060208 -403.411203 181.833795 -290.874614 -0.187752 0.738462 -0.596733 0.251661
1540821380.120646 -406.649969 182.775715 -293.209751 -0.221332 0.723438 -0.600096 0.259873
1540821380.241498 -413.105498 184.696054 -297.887909 -0.285121 0.688688 -0.606598 0.276501
1540821380.362365 -419.535513 186.677562 -302.583093 -0.346623 0.649690 -0.610016 0.292637
1540821380.483258 -425.947231 188.736474 -307.300466 0.404379 -0.604448 0.613552 -0.307692
1540821380.543712 -429.148994 189.798593 -309.670396 0.433462 -0.579158 0.614090 -0.315563
1540821380.604159 -432.349443 190.884855 -312.048461 0.458015 -0.551796 0.617428 -0.323304
1540821380.664603 -435.549412 191.997699 -314.436511 0.480727 -0.522144 0.623453 -0.327983
1540821380.725036 -438.747998 193.135329 -316.836180 0.508181 -0.494647 0.621035 -0.333754
1540821380.785444 -441.946258 194.298596 -319.246372 0.530754 -0.469055 0.619736 -0.337958
1540821380.845829 -445.145547 195.489661 -321.668939 0.556154 -0.443359 0.613999 -0.342242
1540821380.906208 -448.346560 196.707685 -324.104343 0.581638 -0.420631 0.604723 -0.345076
1540821380.966578 -451.551238 197.953264 -326.553386 0.606125 -0.397329 0.594950 -0.347528
1540821381.026931 -454.760003 199.227169 -329.016212 0.625211 -0.375776 0.588153 -0.349256
1540821381.087265 -457.972657 200.528157 -331.492877 0.640527 -0.357287 0.581923 -0.351336
1540821381.147573 -461.190312 201.857089 -333.983460 0.656653 -0.338726 0.573486 -0.353816
1540821381.207851 -464.414930 203.212927 -336.487878 0.665993 -0.322952 0.569119 -0.358131
1540821381.268112 -467.644868 204.596699 -339.007469 0.673029 -0.311644 0.565587 -0.360585
1540821381.328390 -470.886598 206.011129 -341.546286 0.687047 -0.292908 0.557499 -0.362444
1540821381.388748 -474.142746 207.456143 -344.105621 0.702291 -0.272943 0.547619 -0.363873
1540821381.449231 -477.419507 208.934302 -346.690250 0.717686 -0.248636 0.538444 -0.364945
1540821381.509818 -480.716025 210.443952 -349.299646 0.733169 -0.223527 0.528095 -0.365533
1540821381.570530 -484.035113 211.985852 -351.935787 0.748220 -0.198044 0.516865 -0.365782
1540821381.631335 -487.376420 213.558804 -354.597818 0.762419 -0.172319 0.505299 -0.365645
1540821381.692252 -490.742398 215.162971 -357.287708 0.775549 -0.146613 0.493598 -0.365225
1540821381.753215 -494.130759 216.796242 -360.003257 0.787750 -0.120674 0.481740 -0.364437
1540821381.814206 -497.541779 218.457328 -362.744125 0.799039 -0.094827 0.469617 -0.363323
1540821381.875240 -500.977386 220.146181 -365.511749 0.809431 -0.068926 0.457306 -0.361857
1540821381.936264 -504.436031 221.860529 -368.304752 0.819017 -0.043106 0.444863 -0.359791
1540821381.997202 -507.913547 223.597173 -371.119882 0.827027 -0.018582 0.434536 -0.356174
1540821382.058012 -511.407974 225.354432 -373.955509 0.836144 0.006570 0.422128 -0.350182
1540821382.118706 -514.919341 227.129075 -376.808337 0.846891 0.034194 0.409020 -0.338097
1540821382.179306 -518.455402 228.926177 -379.688620 0.853902 0.059999 0.394246 -0.334398
1540821382.239845 -522.016211 230.742491 -382.594172 0.860058 0.085628 0.379075 -0.330561
1540821382.300304 -525.601343 232.575916 -385.523834 0.865392 0.111135 0.363541 -0.326472
1540821382.360645 -529.209275 234.423997 -388.475787 0.869770 0.136491 0.347712 -0.322438
1540821382.420846 -532.839698 236.283906 -391.448808 0.872721 0.163039 0.331962 -0.318711
1540821382.480900 -536.492096 238.155149 -394.442869 0.875272 0.188348 0.315885 -0.314070
1540821382.540824 -540.168223 240.036409 -397.458932 0.877100 0.213600 0.299473 -0.308847
1540821382.600645 -543.870099 241.927069 -400.497952 0.878166 0.238511 0.282759 -0.303289
1540821382.660374 -547.598580 243.826076 -403.560329 0.878490 0.263040 0.265750 -0.297392
1540821382.720025 -551.355318 245.732301 -406.646764 0.878053 0.287338 0.248439 -0.291098
1540821382.839139 -558.954859 249.561622 -412.891177 0.874554 0.335188 0.213287 -0.278053
1540821382.898631 -562.801435 251.483132 -416.051603 0.871683 0.358999 0.194913 -0.270736
1540821383.017557 -570.591749 255.334411 -422.449404 0.863422 0.404905 0.158065 -0.256065
1540821383.077013 -574.536870 257.262128 -425.687803 0.858071 0.428992 0.138182 -0.246143
1540821383.136468 -578.515551 259.188925 -428.951931 0.851618 0.452914 0.117553 -0.236214
1540821383.195912 -582.526806 261.112649 -432.240093 0.843739 0.476773 0.095255 -0.227417
1540821383.255351 -586.570672 263.032382 -435.552539 0.834709 0.500283 0.073598 -0.218087
1540821383.314785 -590.646753 264.946522 -438.888487 0.824854 0.522576 0.052372 -0.209254
1540821383.433625 -598.893735 268.754553 -445.629366 0.803415 0.565543 0.010608 -0.185939
1540821383.552399 -607.260694 272.525691 -452.454767 0.778877 0.604674 -0.029803 -0.163806
1540821383.671139 -615.744113 276.252048 -459.359981 0.750971 0.640633 -0.070002 -0.143987
1540821383.730494 -620.027609 278.095896 -462.840964 0.736106 0.657728 -0.089576 -0.132355
1540821383.789840 -624.337313 279.925806 -466.339078 0.719588 0.675244 -0.110457 -0.118478
1540821383.849185 -628.673546 281.741259 -469.854525 0.703374 0.690668 -0.129653 -0.106929
1540821383.908530 -633.035240 283.541398 -473.386676 0.686263 0.705785 -0.148983 -0.093348
1540821383.967877 -637.422507 285.326628 -476.935758 0.668262 0.721332 -0.168107 -0.069620
1540821384.027220 -641.833685 287.096113 -480.500058 0.649833 0.735140 -0.186457 -0.050209
1540821384.145868 -650.721889 290.585593 -487.669814 0.612281 0.759207 -0.220172 -0.015517
1540821384.205173 -655.197676 292.305061 -491.273814 0.592746 0.769908 -0.236400 0.003026
1540821384.264472 -659.694169 294.008419 -494.890150 0.574063 0.779066 -0.251406 0.017421
1540821384.323767 -664.208875 295.693831 -498.517135 0.553605 0.787974 -0.267737 0.030598
1540821384.383069 -668.741770 297.362214 -502.154778 0.532522 0.796212 -0.283804 0.043844
1540821384.442367 -673.291320 299.013490 -505.802081 0.511259 0.803638 -0.299459 0.055728
1540821384.501660 -677.856885 300.647473 -509.457954 0.488729 0.810532 -0.315443 0.068390
1540821384.560947 -682.436065 302.264639 -513.121341 0.465532 0.816682 -0.331218 0.081265
1540821384.620229 -687.028117 303.865281 -516.791627 0.441753 0.822041 -0.346767 0.094108
1540821384.679514 -691.633099 305.449881 -520.468534 0.417476 0.826588 -0.361995 0.106893
1540821384.738798 -696.249365 307.019046 -524.151083 0.392736 0.830306 -0.376874 0.119652
1540821384.798081 -700.875598 308.573059 -527.838764 0.367691 0.833317 -0.391205 0.131698
1540821384.857357 -705.510492 310.112489 -531.530192 0.342160 0.835502 -0.405185 0.143832
1540821384.916632 -710.153740 311.638558 -535.225797 0.316299 0.836740 -0.418850 0.156160
1540821384.975902 -714.803190 313.151375 -538.924040 0.290128 0.837137 -0.432072 0.168346
1540821385.035169 -719.458832 314.652279 -542.624854 0.263773 0.836692 -0.444825 0.180280
1540821385.094436 -724.119993 316.141997 -546.327925 0.237202 0.835509 -0.456985 0.191896
1540821385.153705 -728.788968 317.622798 -550.033142 0.216102 0.830969 -0.468520 0.208039
1540821385.212970 -733.460065 319.094255 -553.739681 0.187742 0.827373 -0.481201 0.220572
1540821385.272235 -738.134575 320.558136 -557.446858 0.160108 0.823075 -0.492789 0.232534
1540821385.331506 -742.812397 322.015800 -561.155191 0.132487 0.817890 -0.503780 0.244354
1540821385.390781 -747.492433 323.468151 -564.864175 0.104866 0.812014 -0.513901 0.256013
1540821385.450055 -752.174000 324.916481 -568.573268 0.077216 0.805338 -0.523404 0.267426
1540821385.509326 -756.856608 326.361555 -572.282473 0.049457 0.797808 -0.532399 0.278581
1540821385.568596 -761.540191 327.805328 -575.991419 0.021574 0.789432 -0.540873 0.289461
1540821385.627869 -766.223643 329.248684 -579.700772 -0.006337 0.780247 -0.548793 0.300001
1540821385.687137 -770.907447 330.693151 -583.409365 -0.034082 0.770333 -0.556042 0.310229
1540821385.746397 -775.590915 332.140005 -587.117961 -0.061646 0.759284 -0.563313 0.319945
1540821385.805653 -780.273278 333.590595 -590.826217 -0.090824 0.747338 -0.569433 0.330126
1540821385.864905 -784.957685 335.048105 -594.537974 -0.122173 0.734954 -0.573846 0.340025
1540821385.924157 -789.637652 336.510433 -598.247425 -0.154400 0.722223 -0.577072 0.348629
1540821385.983420 -794.317381 337.980879 -601.957717 -0.184455 0.707877 -0.580468 0.357691
1540821386.042688 -798.997044 339.460383 -605.669471 -0.212248 0.693570 -0.583576 0.365171
1540821386.101956 -803.677393 340.950486 -609.383158 -0.238505 0.677902 -0.587002 0.372818
1540821386.161227 -808.358589 342.452702 -613.098741 -0.265038 0.660752 -0.589992 0.380881
1540821386.220498 -813.040460 343.967998 -616.817023 -0.291083 0.643025 -0.592446 0.388326
1540821386.279763 -817.723000 345.497180 -620.537996 -0.316512 0.624920 -0.594334 0.395047
1540821386.339025 -822.407350 347.042505 -624.262337 -0.348793 0.603934 -0.592589 0.403046
1540821386.457546 -831.782495 350.184010 -631.724664 0.405941 -0.562299 0.588981 -0.414890
1540821386.516807 -836.477217 351.783568 -635.464366 0.430292 -0.538640 0.589422 -0.421068
1540821386.576072 -841.177081 353.402956 -639.211288 0.450584 -0.515067 0.591953 -0.425760
1540821386.635339 -845.883868 355.044226 -642.965941 0.464600 -0.491563 0.598597 -0.429180
1540821386.694604 -850.596540 356.708233 -646.730315 0.481370 -0.468203 0.602924 -0.430757
1540821386.753865 -855.315974 358.393856 -650.503774 0.501677 -0.444290 0.602702 -0.433216
1540821386.813130 -860.045072 360.103179 -654.287884 0.523217 -0.418631 0.600435 -0.436428
1540821386.872399 -864.784048 361.836376 -658.083437 0.545732 -0.392442 0.595997 -0.439265
1540821386.990942 -874.295799 365.375540 -665.712858 0.583127 -0.343419 0.588489 -0.442387
1540821387.109473 -883.859290 369.018119 -673.404264 0.603417 -0.292992 0.595660 -0.441852
1540821387.168728 -888.662637 370.877980 -677.275662 0.606622 -0.271176 0.602246 -0.442464
1540821387.227980 -893.480901 372.763046 -681.164454 0.618640 -0.246010 0.601104 -0.442084
1540821387.287234 -898.320577 374.676281 -685.076060 0.629322 -0.213126 0.602639 -0.441992
1540821387.346492 -903.180368 376.615233 -689.009579 0.642515 -0.180071 0.600090 -0.441181
1540821387.405747 -908.058648 378.579434 -692.965387 0.646731 -0.151160 0.603941 -0.440619
1540821387.465007 -912.956247 380.568195 -696.943171 0.653939 -0.131543 0.602120 -0.438762
1540821387.524266 -917.874298 382.582387 -700.943776 0.659221 -0.114105 0.600556 -0.437882
1540821387.583524 -922.814480 384.621105 -704.969648 0.666925 -0.094197 0.595966 -0.437221
1540821387.642781 -927.777543 386.684319 -709.020845 0.673207 -0.074570 0.592182 -0.436522
1540821387.761292 -937.776515 390.881599 -717.202995 0.691439 -0.026455 0.577841 -0.432796
1540821387.820557 -942.815438 393.014286 -721.337003 0.700019 -0.002366 0.569821 -0.430433
1540821387.879826 -947.880957 395.168913 -725.500324 0.707528 0.021888 0.562275 -0.427519
1540821387.939098 -952.974095 397.344547 -729.694413 0.714821 0.046001 0.554038 -0.424212
1540821387.998367 -958.095524 399.539816 -733.919708 0.721812 0.070102 0.545204 -0.420507
1540821388.057631 -963.245682 401.753724 -738.176047 0.728238 0.093758 0.536032 -0.416592
1540821388.116889 -968.424296 403.985283 -742.463754 0.733784 0.118606 0.526663 -0.412455
1540821388.176152 -973.633799 406.233677 -746.785188 0.738913 0.142559 0.517108 -0.407778
1540821388.235414 -978.873959 408.497572 -751.140613 0.741436 0.164876 0.510294 -0.403348
1540821388.294671 -984.144452 410.777340 -755.531124 0.742464 0.185130 0.506100 -0.397915
1540821388.353925 -989.446331 413.072027 -759.958368 0.744447 0.206562 0.501276 -0.389685
1540821388.413177 -994.780640 415.378937 -764.422735 0.747759 0.231539 0.493538 -0.379034
1540821388.472430 -1000.146939 417.697107 -768.922198 0.750524 0.253932 0.483064 -0.372667
1540821388.531677 -1005.546310 420.024967 -773.458399 0.752943 0.275230 0.472037 -0.366751
1540821388.590927 -1010.978790 422.361711 -778.031344 0.754290 0.294716 0.459750 -0.364444
1540821388.650168 -1016.443468 424.706281 -782.641585 0.757707 0.314547 0.448720 -0.354387
1540821388.709391 -1021.940391 427.057086 -787.288376 0.763374 0.330543 0.440041 -0.338178
1540821388.768588 -1027.467852 429.412996 -791.971964 0.771051 0.342351 0.434801 -0.315001
1540821388.827758 -1033.026711 431.773525 -796.690156 0.778257 0.350095 0.432626 -0.290834
1540821388.886918 -1038.620931 434.142621 -801.446011 0.784689 0.352732 0.425485 -0.280725
1540821388.946113 -1044.256868 436.523450 -806.243997 0.788987 0.364098 0.407908 -0.280256
1540821389.005386 -1049.938228 438.917318 -811.089351 0.794448 0.376250 0.385343 -0.280711
1540821389.064768 -1055.672328 441.323572 -815.976942 0.796345 0.395740 0.360960 -0.280950
1540821389.124249 -1061.462128 443.743587 -820.907467 0.792040 0.427723 0.328858 -0.285619
1540821389.183825 -1067.305220 446.170651 -825.879066 0.789183 0.458429 0.297738 -0.279974
1540821389.243502 -1073.199769 448.602376 -830.891242 0.785651 0.487107 0.271759 -0.267632
1540821389.303250 -1079.145691 451.036603 -835.940581 0.775026 0.520960 0.248845 -0.256927
1540821389.363027 -1085.138618 453.468191 -841.023991 0.760552 0.556964 0.227735 -0.243902
1540821389.422773 -1091.171793 455.891795 -846.136785 0.743696 0.592621 0.210422 -0.226801
1540821389.482453 -1097.236816 458.301156 -851.276795 0.728206 0.623875 0.191875 -0.209000
1540821389.542040 -1103.321603 460.689787 -856.442372 0.720295 0.646452 0.175679 -0.180030
1540821389.601490 -1109.417565 463.056491 -861.628664 0.714636 0.664706 0.169562 -0.136784
1540821389.660760 -1115.516785 465.398086 -866.831648 0.709604 0.678132 0.170036 -0.087673
1540821389.719869 -1121.617256 467.717546 -872.053200 0.706943 0.684859 0.172963 -0.035834
1540821389.778939 -1127.733043 470.013827 -877.301277 0.704668 0.685782 0.180648 0.022640
1540821389.838114 -1133.880351 472.297540 -882.591762 0.702392 0.681762 0.188197 0.080170
1540821389.897484 -1140.072620 474.572217 -887.937096 0.700632 0.679736 0.180026 0.121095
1540821389.957133 -1146.323837 476.842257 -893.348417 0.695165 0.688047 0.150323 0.144014
1540821390.077264 -1158.994857 481.362396 -904.355240 0.680943 0.704748 0.071960 0.185657
1540821390.137636 -1165.405573 483.610186 -909.937188 0.664751 0.718659 0.029635 0.201886
1540821390.198172 -1171.866113 485.848496 -915.565938 0.635354 0.741745 -0.016723 0.214150
1540821390.258825 -1178.369055 488.071314 -921.232743 0.602175 0.762862 -0.065505 0.226134
1540821390.319524 -1184.905077 490.275007 -926.926691 0.566848 0.778319 -0.119570 0.242087
1540821390.380180 -1191.464329 492.457669 -932.636476 0.527374 0.789904 -0.180057 0.255944
1540821390.500942 -1204.605314 496.744758 -944.041259 0.432431 0.800902 -0.308653 0.276211
1540821390.620600 -1217.736397 500.925280 -955.355857 0.338679 0.778830 -0.420572 0.319123
1540821390.738669 -1230.797123 505.008559 -966.499719 0.228889 0.736900 -0.532705 0.347582
1540821390.796975 -1237.279545 507.021745 -971.989233 0.167264 0.706884 -0.585872 0.359292
1540821390.854789 -1243.724972 509.023905 -977.423341 0.104601 0.671848 -0.631791 0.372180
1540821390.912168 -1250.135828 511.022054 -982.811856 -0.037483 -0.634699 0.673218 -0.377531
1540821390.969177 -1256.515467 513.023093 -988.162627 0.033213 -0.595118 0.710566 -0.373934
1540821391.025873 -1262.869740 515.033489 -993.482873 0.101374 -0.551842 0.741807 -0.367308
1540821391.082282 -1269.197891 517.056690 -998.777276 0.165405 -0.516021 0.757127 -0.364861
1540821391.138468 -1275.507971 519.098452 -1004.053618 0.215922 -0.484227 0.761930 -0.371975
1540821391.194517 -1281.809479 521.163342 -1009.320847 0.264953 -0.456775 0.756323 -0.386176
1540821391.250502 -1288.112673 523.253155 -1014.587656 0.315752 -0.423669 0.752310 -0.393490
1540821391.306484 -1294.426426 525.371367 -1019.861640 0.367956 -0.383139 0.751799 -0.390656
1540821391.362501 -1300.750750 527.519105 -1025.147063 0.425067 -0.343065 0.744919 -0.383041
1540821391.418548 -1307.093049 529.701714 -1030.449343 0.477230 -0.288303 0.740970 -0.374295
1540821391.474558 -1313.444844 531.915144 -1035.762152 0.529038 -0.222649 0.737742 -0.355364
1540821391.530452 -1319.798128 534.153705 -1041.083029 0.573942 -0.161549 0.733493 -0.326313
1540821391.586182 -1326.145197 536.413164 -1046.412520 0.610893 -0.108854 0.727963 -0.291598
1540821391.641721 -1332.487987 538.692345 -1051.755721 0.635829 -0.058180 0.725078 -0.258067
1540821391.697097 -1338.826751 540.990359 -1057.116996 0.656960 -0.015351 0.719567 -0.224479
1540821391.752338 -1345.161690 543.306598 -1062.498246 0.681289 0.002030 0.704532 -0.198685
1540821391.807470 -1351.497675 545.644023 -1067.904995 0.707104 -0.001423 0.683002 -0.183061
1540821391.862535 -1357.839332 548.006205 -1073.338630 0.738003 -0.016890 0.653074 -0.169002
1540821391.917577 -1364.193336 550.397325 -1078.804115 0.766761 -0.031896 0.623539 -0.149195
1540821391.972646 -1370.569182 552.816099 -1084.307171 0.788916 -0.041119 0.596661 -0.141128
1540821392.027772 -1376.966641 555.260511 -1089.848100 0.808617 -0.044307 0.568847 -0.143485
1540821392.082968 -1383.390917 557.739946 -1095.425980 0.830107 -0.035215 0.539115 -0.137974
1540821392.138199 -1389.838629 560.252677 -1101.036913 0.852861 -0.023445 0.504939 -0.130824
1540821392.193431 -1396.307673 562.797898 -1106.675835 0.875086 -0.017569 0.466550 -0.127463
1540821392.304061 -1409.330185 568.010465 -1118.043173 0.913497 -0.005672 0.386518 -0.126866
1540821392.359688 -1415.909672 570.689446 -1123.787521 0.926913 0.014661 0.355537 -0.119211
1540821392.415591 -1422.543712 573.417510 -1129.580012 0.935879 0.032202 0.333382 -0.109318
1540821392.471776 -1429.234805 576.191853 -1135.423714 0.942844 0.046155 0.315196 -0.097810
1540821392.528272 -1435.986331 579.012480 -1141.322979 0.948038 0.067423 0.299333 -0.084126
1540821392.585042 -1442.795147 581.875088 -1147.275123 0.951046 0.095815 0.285901 -0.067763
1540821392.641872 -1449.636017 584.765019 -1153.259032 0.950737 0.136054 0.274515 -0.047214
1540821392.698472 -1456.474830 587.662719 -1159.246099 0.945400 0.191130 0.262989 -0.022898
1540821392.754723 -1463.297958 590.555953 -1165.224791 0.936500 0.244706 0.251170 0.000773
1540821392.810595 -1470.102864 593.438810 -1171.192779 0.931677 0.273470 0.238484 0.017834
1540821392.866102 -1476.890670 596.309683 -1177.150699 0.931065 0.285385 0.225265 0.030474
1540821392.921329 -1483.669802 599.171334 -1183.106083 0.931496 0.292183 0.212486 0.042350
1540821392.976425 -1490.456317 602.028707 -1189.073667 0.932954 0.295145 0.199304 0.052568
1540821393.031497 -1497.263135 604.888784 -1195.065389 0.934406 0.298323 0.185058 0.060360
1540821393.086590 -1504.095802 607.755430 -1201.084445 0.934423 0.305822 0.170083 0.066316
1540821393.141720 -1510.958484 610.631361 -1207.133104 0.933042 0.318419 0.152010 0.070246
1540821393.252084 -1524.784900 616.427206 -1219.318002 0.915809 0.378206 0.107529 0.081799
1540821393.307398 -1531.766820 619.352908 -1225.462577 0.905372 0.408695 0.073593 0.088620
1540821393.362918 -1538.814690 622.303891 -1231.653979 0.894901 0.434440 0.029132 0.097802
1540821393.418717 -1545.940825 625.286338 -1237.899235 0.880405 0.462072 -0.020751 0.104626
1540821393.474660 -1553.129888 628.292136 -1244.178830 0.857464 0.496746 -0.071903 0.113261
1540821393.530416 -1560.341817 631.302644 -1250.452568 0.829177 0.531860 -0.120916 0.122346
1540821393.585795 -1567.551477 634.303005 -1256.695358 0.795671 0.565654 -0.169727 0.134668
1540821393.695354 -1581.927228 640.254061 -1269.067198 0.720723 0.621611 -0.253247 0.173276
1540821393.749511 -1589.077677 643.197325 -1275.191986 0.665818 0.658535 -0.296512 0.187344
1540821393.857258 -1603.389689 649.046068 -1287.378645 0.536976 0.720869 -0.393998 0.191757
1540821393.965741 -1617.895851 654.918641 -1299.624030 0.390643 0.760646 -0.485376 0.182279
1540821394.020652 -1625.257339 657.886394 -1305.810686 0.281501 0.781698 -0.533423 0.158634
1540821394.076219 -1632.711495 660.886581 -1312.056005 0.162620 0.786803 -0.580774 0.131139
1540821394.132364 -1640.239102 663.915543 -1318.342867 0.046376 0.775552 -0.620412 0.107040
1540821394.189105 -1647.832894 666.981121 -1324.671756 -0.069976 0.751169 -0.649531 0.094647
1540821394.246492 -1655.492852 670.093906 -1331.048130 -0.178950 0.714007 -0.669563 0.099274
1540821394.304566 -1663.219123 673.264835 -1337.479456 0.276852 -0.664184 0.683322 -0.123626
1540821394.363311 -1671.015198 676.503544 -1343.978052 0.352119 -0.622354 0.680029 -0.162015
1540821394.482635 -1686.802277 683.190644 -1357.155966 0.472425 -0.522651 0.656662 -0.269157
1540821394.543183 -1694.802027 686.644894 -1363.818111 0.499988 -0.463407 0.648256 -0.339160
1540821394.604238 -1702.876524 690.170471 -1370.514420 0.522069 -0.397192 0.644180 -0.393339
1540821394.665709 -1711.027599 693.751744 -1377.236130 0.548807 -0.351462 0.634005 -0.416321
1540821394.727611 -1719.255171 697.408118 -1384.001336 0.584455 -0.309144 0.625990 -0.413496
1540821394.790032 -1727.570399 701.129956 -1390.831639 0.623831 -0.269113 0.622815 -0.387963
1540821394.853048 -1735.980205 704.913715 -1397.751738 0.663108 -0.227410 0.625347 -0.342803
1540821394.916720 -1744.492197 708.765068 -1404.779737 0.695268 -0.182299 0.630885 -0.292152
1540821394.981100 -1753.115588 712.685019 -1411.926016 0.713719 -0.145203 0.639167 -0.246955
1540821395.046154 -1761.845031 716.679208 -1419.198611 0.728609 -0.112353 0.640790 -0.214229
1540821395.111816 -1770.674654 720.743007 -1426.591081 0.742411 -0.080203 0.636715 -0.192320
1540821395.178022 -1779.597376 724.867549 -1434.097388 0.757347 -0.046135 0.629874 -0.165999
1540821395.244717 -1788.607038 729.046444 -1441.716814 0.774218 -0.023808 0.616778 -0.140019
1540821395.311867 -1797.700381 733.278710 -1449.448805 0.794531 -0.010856 0.595491 -0.118295
1540821395.379466 -1806.877046 737.565175 -1457.292710 0.819522 0.001095 0.564345 -0.099480
1540821395.447505 -1816.142893 741.908440 -1465.248359 0.852422 0.002851 0.515310 -0.088453
1540821395.515965 -1825.495144 746.314930 -1473.308562 0.883107 -0.012360 0.460578 -0.088529
1540821395.584776 -1834.925501 750.787758 -1481.458503 0.908421 -0.031958 0.406893 -0.090485
1540821395.653840 -1844.420883 755.321041 -1489.678145 0.928357 -0.017467 0.363985 -0.073238
1540821395.723040 -1853.961602 759.911134 -1497.955966 0.939497 0.014741 0.338385 -0.051222
1540821395.792274 -1863.538440 764.543608 -1506.282867 0.945856 0.056596 0.318662 -0.024632
1540821395.861511 -1873.149994 769.214086 -1514.656047 0.946930 0.110144 0.301960 0.003603
1540821395.930765 -1882.806192 773.924915 -1523.082161 0.946891 0.144240 0.286783 0.018661
1540821396.000080 -1892.514447 778.680187 -1531.565232 0.945580 0.174302 0.272602 0.034442
1540821396.069475 -1902.279129 783.479550 -1540.104938 0.934738 0.231853 0.262672 0.059272
1540821396.138947 -1912.103103 788.314371 -1548.707935 0.922329 0.280578 0.250196 0.089368
1540821396.208418 -1921.984054 793.178916 -1557.364151 0.921003 0.289614 0.238441 0.104989
1540821396.347221 -1941.908473 803.020775 -1574.831737 0.925730 0.307054 0.185930 0.119042
1540821396.416564 -1951.959657 808.006266 -1583.638820 0.919152 0.339019 0.148988 0.134268
1540821396.485831 -1962.070827 813.030322 -1592.489437 0.908575 0.372884 0.110089 0.152740
1540821396.555091 -1972.256901 818.095428 -1601.389123 0.901662 0.393551 0.069471 0.165219
1540821396.623926 -1982.456362 823.163863 -1610.278529 0.898136 0.400506 0.025292 0.179744
1540821396.691565 -1992.548741 828.168051 -1619.050752 0.901729 0.376642 -0.025985 0.210597
1540821396.822690 -2012.283657 837.965414 -1636.162030 0.876651 0.396157 -0.132618 0.238654
1540821396.949352 -2031.518546 847.521739 -1652.788793 0.821430 0.459045 -0.197659 0.274702
1540821397.072062 -2050.272522 856.812068 -1668.964689 0.760610 0.516039 -0.262183 0.294000
1540821397.192368 -2068.735454 865.929766 -1684.872553 0.665320 0.593832 -0.344884 0.292861
1540821397.310783 -2086.991147 874.912253 -1700.554090 0.513919 0.671416 -0.464929 0.262543
1540821397.369448 -2096.070419 879.366490 -1708.317913 0.405774 0.705182 -0.534054 0.229896
1540821397.485769 -2114.122147 888.207479 -1723.649542 0.157816 0.715305 -0.661425 0.161091
1540821397.543455 -2123.079355 892.605304 -1731.205136 -0.044702 -0.687609 0.710108 -0.144713
1540821397.600803 -2131.974791 896.999035 -1738.685421 0.060834 -0.642856 0.748513 -0.150874
1540821397.714706 -2149.610387 905.817376 -1753.487396 0.239345 -0.552701 0.778520 -0.176475
1540821397.828370 -2167.169402 914.770039 -1768.225377 0.375947 -0.474023 0.765571 -0.218785
1540821397.942367 -2184.767285 923.924596 -1783.007045 0.506964 -0.330040 0.769675 -0.204110
1540821397.999401 -2193.573991 928.577872 -1790.424320 0.560989 -0.271377 0.759693 -0.185773
1540821398.113183 -2211.150181 938.008560 -1805.285431 0.659114 -0.155062 0.723102 -0.136560
1540821398.226474 -2228.679746 947.594478 -1820.200783 0.714902 -0.130033 0.675967 -0.122780
1540821398.339157 -2246.156955 957.313415 -1835.159737 0.736602 -0.158234 0.641366 -0.145015
1540821398.451270 -2263.585209 967.155330 -1850.147964 0.751594 -0.155102 0.624492 -0.145119
1540821398.562699 -2280.942468 977.101984 -1865.149716 0.775502 -0.131521 0.607027 -0.113214
1540821398.618172 -2289.600470 982.110695 -1872.660410 0.786174 -0.117679 0.599059 -0.095970
1540821398.728716 -2306.886864 992.185632 -1887.728158 0.804688 -0.099127 0.581470 -0.067414
1540821398.839111 -2324.197605 1002.350653 -1902.916725 0.821060 -0.087623 0.562171 -0.046327
1540821398.894433 -2332.891451 1007.480990 -1910.580200 0.829856 -0.071950 0.552479 -0.030493
1540821398.949872 -2341.616722 1012.644891 -1918.295887 0.838531 -0.058508 0.541556 -0.012621
1540821399.060948 -2359.145365 1023.062598 -1933.870704 0.860092 -0.056914 0.506918 0.006027
1540821399.172584 -2376.818717 1033.650708 -1949.670912 0.887484 -0.054476 0.457409 0.013510
1540821399.285352 -2394.732382 1044.485791 -1965.762426 0.908944 -0.017115 0.414881 0.037433
1540821399.399253 -2412.898253 1055.568576 -1982.155393 0.921389 -0.003763 0.385278 0.050876
1540821399.512784 -2431.082321 1066.736436 -1998.636349 0.932531 -0.004552 0.356823 0.055167
1540821399.569026 -2440.119603 1072.307081 -2006.852163 0.937419 0.008204 0.341737 0.066294
1540821399.735897 -2467.044016 1088.979321 -2031.413513 0.947076 0.061825 0.298650 0.100159
1540821399.902188 -2494.066515 1105.845253 -2056.175938 0.960207 0.060894 0.258003 0.087917
1540821400.125134 -2530.627620 1128.923883 -2089.791908 0.949131 0.259006 0.138934 0.112979
1540821400.181255 -2539.918086 1134.822359 -2098.325574 0.934160 0.318243 0.099730 0.126961
1540821400.347254 -2567.622388 1152.372930 -2123.721571 0.877939 0.437198 -0.024691 0.193574
1540821400.509443 -2595.011178 1169.597014 -2148.715224 0.768632 0.566597 -0.189205 0.228854
1540821400.616968 -2613.393835 1181.043340 -2165.341809 0.668884 0.638065 -0.312725 0.218335
1540821400.671189 -2622.741587 1186.819134 -2173.724606 0.613535 0.663885 -0.374617 0.206140
1540821400.725916 -2632.226698 1192.655890 -2182.171816 0.552900 0.685962 -0.432179 0.192299
1540821400.781197 -2641.848409 1198.543672 -2190.687924 0.491242 0.699745 -0.486443 0.180033
1540821400.837061 -2651.610236 1204.493197 -2199.269577 0.422339 0.707598 -0.542217 0.164122
1540821400.893572 -2661.517349 1210.514434 -2207.918511 0.348648 0.706931 -0.596845 0.149897
1540821400.950807 -2671.566741 1216.618541 -2216.644935 0.283793 0.693560 -0.641626 0.163560
1540821401.008832 -2681.765744 1222.825546 -2225.468567 -0.225734 -0.673119 0.674955 -0.200973
1540821401.127424 -2702.590931 1235.537303 -2243.512285 -0.074039 -0.652289 0.714762 -0.241148
1540821401.188065 -2713.225974 1242.062919 -2252.760595 0.020966 -0.652967 0.715672 -0.246997
1540821401.312471 -2735.012637 1255.514894 -2271.776453 0.195923 -0.610262 0.715288 -0.278491
1540821401.376540 -2746.221912 1262.480783 -2281.592010 0.293680 -0.556802 0.729650 -0.267085
1540821401.442023 -2757.671764 1269.631234 -2291.648428 0.402429 -0.488806 0.738724 -0.231098
1540821401.508950 -2769.367272 1276.984079 -2301.956216 0.491762 -0.424391 0.729977 -0.212593
1540821401.647093 -2793.498319 1292.334052 -2323.295943 0.606513 -0.296859 0.696545 -0.242575
1540821401.718068 -2805.910842 1300.311135 -2334.295886 0.653116 -0.234855 0.682057 -0.230393
1540821401.789951 -2818.494468 1308.457515 -2345.466320 0.683525 -0.183866 0.672863 -0.215041
1540821401.862491 -2831.214729 1316.750812 -2356.775570 0.700378 -0.145323 0.668034 -0.205140
1540821402.081254 -2869.726058 1342.213452 -2391.128937 0.709067 -0.073280 0.680928 -0.167900
1540821402.153738 -2882.543199 1350.798651 -2402.604222 0.708882 -0.067758 0.685409 -0.152023
1540821402.225780 -2895.308768 1359.395364 -2414.072295 0.714383 -0.073098 0.681728 -0.139858
1540821402.368764 -2920.720633 1376.629369 -2437.005939 0.735768 -0.087983 0.657872 -0.134571
1540821402.439841 -2933.386721 1385.278207 -2448.485060 0.736733 -0.125982 0.646354 -0.153557
1540821402.581155 -2958.627929 1402.594126 -2471.457450 0.733485 -0.209757 0.616382 -0.195126
1540821402.651488 -2971.221420 1411.258804 -2482.971206 0.721669 -0.263736 0.598718 -0.226215
1540821403.344673 -3096.794261 1499.469527 -2598.460801 0.855281 0.294056 0.426249 0.018386
1540821403.409745 -3108.856949 1508.063467 -2609.581139 0.841554 0.362169 0.397142 0.053829
1540821404.017550 -3224.238513 1588.777377 -2716.146851 0.849508 0.410901 0.031992 0.329354
1540821404.076258 -3235.581081 1596.579991 -2726.633400 0.826526 0.441275 -0.043933 0.346699
1540821404.477017 -3314.266476 1650.009927 -2798.480484 0.201961 0.685422 -0.677257 0.175304
1540821404.754039 -3369.269131 1687.265208 -2847.527854 0.111555 -0.591168 0.739906 -0.301024
1540821404.865890 -3391.528097 1702.463695 -2867.199102 0.196668 -0.550773 0.739742 -0.332795
1540821404.922124 -3402.739486 1710.144375 -2877.073316 0.236564 -0.527619 0.747984 -0.325846
1540821405.260951 -3470.420912 1757.050398 -2936.488140 0.299262 -0.494439 0.725459 -0.373739
1540821405.486782 -3515.772686 1788.903822 -2976.083469 0.360135 -0.455553 0.716789 -0.385990
1540821405.543564 -3527.254276 1797.023131 -2986.103295 0.371939 -0.454404 0.707919 -0.392467
1540821406.057701 -3631.486323 1871.225466 -3077.250809 0.480415 -0.356148 0.698516 -0.392984
1540821406.113585 -3642.902153 1879.408294 -3087.248233 0.492972 -0.319924 0.709309 -0.389240
1540821406.169396 -3654.319449 1887.608925 -3097.252958 0.504262 -0.263322 0.735757 -0.367482
1540821406.448057 -3711.781555 1929.252831 -3147.419912 0.598166 0.002916 0.776740 -0.197140
1540821406.503946 -3723.406733 1937.761681 -3157.564590 0.619179 0.044777 0.767246 -0.161078
1540821407.055001 -3839.849719 2023.333202 -3260.396442 0.788681 0.444740 0.424478 0.002801
1540821407.111997 -3852.165115 2032.319933 -3271.323610 0.777337 0.487573 0.393086 0.059188
1540821407.738903 -3989.706655 2130.569550 -3393.765625 0.274613 0.693131 -0.531683 0.401834
1540821407.809250 -4005.268012 2141.569527 -3407.610257 0.223601 0.684453 -0.548908 0.424531
1540821408.412599 -4140.499255 2236.209498 -3526.236329 -0.195888 -0.530023 0.643929 -0.515809
1540821408.564044 -4175.224092 2260.143517 -3555.962255 -0.133193 -0.536403 0.662741 -0.505277
1540821408.639028 -4192.499324 2272.039498 -3570.694448 -0.093696 -0.544411 0.666659 -0.500403
1540821408.863259 -4244.322371 2307.809879 -3614.865000 0.058531 -0.532001 0.739760 -0.407804
1540821409.373681 -4363.065823 2390.519263 -3716.103300 0.197139 -0.382125 0.749373 -0.503544
1540821409.444422 -4379.751090 2402.142675 -3730.121873 0.259336 -0.319654 0.794430 -0.446594
1540821409.644512 -4427.256615 2435.395341 -3769.841966 0.397588 -0.278757 0.808393 -0.332745
1540821410.070090 -4528.884277 2507.524027 -3855.627336 0.717252 0.016321 0.693889 -0.061652
1540821410.128896 -4542.977243 2517.600761 -3867.653831 0.760758 0.089509 0.642582 -0.017972
1540821410.417134 -4612.568456 2567.416687 -3927.617832 0.820777 0.432247 0.313605 0.202831
1540821410.474017 -4626.419467 2577.292162 -3939.623189 0.812689 0.472578 0.246936 0.235008
1540821410.989310 -4754.358857 2666.962426 -4050.775413 0.619173 0.633188 -0.318458 0.338057
1540821411.046566 -4768.845117 2676.942964 -4063.265238 0.585698 0.648763 -0.348161 0.338893
1540821411.103629 -4783.334761 2686.884823 -4075.721327 0.557855 0.660970 -0.379073 0.328969
1540821411.273691 -4826.757064 2716.509911 -4112.875006 0.543667 0.653087 -0.380513 0.364847
1540821411.554788 -4899.090202 2765.504679 -4174.456643 0.534408 0.599490 -0.365105 0.470869
1540821411.667348 -4928.237856 2785.141418 -4199.231332 0.520430 0.587769 -0.359692 0.504284
1540821411.723957 -4942.930803 2795.022711 -4211.715556 0.513428 0.582311 -0.356205 0.520022
1540821411.838083 -4972.621801 2814.961538 -4236.932989 0.519581 0.550642 -0.327437 0.565344
1540821412.069381 -5033.170815 2855.411055 -4288.308796 0.390612 0.596847 -0.418981 0.561829
1540821412.184013 -5063.413914 2875.476941 -4313.874753 0.296777 0.626921 -0.482427 0.534937
1540821412.296586 -5093.247014 2895.196473 -4339.009200 0.218975 0.645895 -0.521139 0.513111
1540821412.352427 -5108.093976 2904.985974 -4351.479182 0.182780 0.649991 -0.532750 0.510177
1540821412.519253 -5152.631876 2934.267461 -4388.734672 0.087844 0.658060 -0.572085 0.481621
1540821412.686180 -5197.400924 2963.660424 -4426.008741 -0.009921 0.642130 -0.590993 0.488158
1540821412.909798 -5257.751382 3003.218666 -4475.837871 0.199160 -0.529254 0.726384 -0.390630
1540821412.964786 -5272.641210 3013.012006 -4488.082552 0.254623 -0.503467 0.743676 -0.358656
1540821413.073476 -5302.100254 3032.459568 -4512.321209 0.364317 -0.437412 0.766987 -0.296101
1540821413.181664 -5331.456756 3051.971765 -4536.491419 0.472633 -0.317649 0.792658 -0.217740
1540821413.236132 -5346.251569 3061.873126 -4548.676594 0.521774 -0.245388 0.796351 -0.182650
1540821413.291041 -5361.172726 3071.915219 -4560.974087 0.564829 -0.157358 0.797560 -0.141793
1540821413.459150 -5406.967018 3103.080942 -4598.856436 0.652768 0.146992 0.743135 0.006046
1540821413.574856 -5438.591267 3124.777123 -4625.243582 0.714783 0.216342 0.662599 0.056960
1540821413.693694 -5471.163473 3147.152972 -4652.605173 0.806763 0.266491 0.524066 0.058912
1540821413.816706 -5505.016822 3170.378658 -4681.171849 0.859549 0.349064 0.363739 0.083811
1540821413.880378 -5522.615695 3182.431272 -4696.050085 0.873207 0.391374 0.274672 0.094297
1540821413.945579 -5540.694334 3194.798902 -4711.339474 0.860649 0.453254 0.195499 0.125000
1540821414.148849 -5597.451546 3233.410074 -4759.339617 0.808021 0.564114 0.020147 0.168737
1540821414.359177 -5656.861914 3273.395153 -4809.414735 0.803750 0.578377 -0.091299 0.105501
1540821414.635993 -5735.964522 3326.050102 -4875.686937 0.783112 0.591105 -0.111735 0.157624
1540821414.703887 -5755.457436 3338.957621 -4891.985071 0.750488 0.627357 -0.119315 0.170162
1540821414.972583 -5832.993141 3389.923964 -4956.785153 0.706191 0.651043 -0.127008 0.247601
1540821415.370486 -5949.057026 3465.193668 -5053.524244 0.616771 0.666327 -0.167727 0.384017
1540821415.436488 -5968.518518 3477.665868 -5069.677054 0.564218 0.700604 -0.195767 0.390497
1540821415.887967 -6102.832939 3562.520899 -5180.372485 0.098683 0.753465 -0.389785 0.520211
1540821416.072766 -6158.244077 3597.105654 -5225.657788 0.013750 0.730732 -0.386274 0.562702
1540821416.133257 -6176.421085 3608.424031 -5240.488395 -0.014150 0.727869 -0.395872 0.559724
1540821416.312572 -6230.398907 3641.987146 -5284.467846 -0.131720 0.693557 -0.456019 0.541919
1540821416.548235 -6301.535127 3686.252872 -5342.293788 0.400522 -0.478330 0.605577 -0.494024
1540821416.721842 -6354.132293 3719.131395 -5384.938515 0.568700 -0.296501 0.623860 -0.446616
1540821416.778991 -6371.490969 3730.018430 -5399.006046 0.607646 -0.260667 0.605498 -0.442935
1540821417.062297 -6457.937172 3784.442935 -5469.018199 0.750392 0.156099 0.551868 -0.328613
1540821417.118576 -6475.235513 3795.354768 -5483.008642 0.751110 0.263459 0.535764 -0.281744
1540821417.619843 -6631.456816 3892.953788 -5609.603434 0.762626 0.597277 0.246502 -0.029978
1540821417.675300 -6648.998531 3903.748932 -5623.819477 0.782129 0.575345 0.238469 -0.019611
1540821417.730687 -6666.564531 3914.525354 -5638.054594 0.797473 0.557444 0.230602 -0.010719
1540821418.290737 -6846.173082 4023.945749 -5783.666006 0.830435 0.523314 0.144878 0.124625
1540821418.348277 -6864.820930 4035.236656 -5798.792684 0.779782 0.594575 0.128093 0.148366
1540821418.910992 -7049.095323 4144.886620 -5948.257654 0.568621 0.753135 0.025181 0.329884
1540821418.965988 -7067.286325 4155.517645 -5963.021192 0.558027 0.748216 -0.024137 0.358046
1540821419.512732 -7250.045516 4260.367387 -6110.359189 0.108583 0.745334 -0.426020 0.501193
1540821419.566833 -7268.281745 4270.652566 -6124.923799 0.028369 0.724651 -0.485145 0.488580
1540821419.844619 -7362.156088 4323.767394 -6199.588787 0.408110 -0.453575 0.681212 -0.404556
1540821419.902080 -7381.616847 4334.848868 -6215.003835 0.488493 -0.361899 0.702281 -0.370413
1540821420.521222 -7593.030324 4457.098308 -6382.218299 0.769676 0.194611 0.530548 -0.297060
1540821420.588091 -7616.132911 4470.532647 -6400.533679 0.772132 0.239697 0.515345 -0.284213
1540821421.271588 -7855.256767 4608.714813 -6590.159010 0.839355 0.397546 0.346967 -0.130592
1540821421.339185 -7879.221715 4622.439473 -6609.172020 0.862677 0.384060 0.310313 -0.109507
1540821421.993680 -8114.095347 4755.868593 -6795.234711 0.607536 0.758108 0.011008 0.236750
1540821422.055510 -8136.523777 4768.410887 -6812.982000 0.554298 0.781654 -0.037053 0.283547
1540821422.645604 -8352.272468 4886.912971 -6982.778836 0.209386 -0.594601 0.632191 -0.450490
1540821422.702082 -8373.023544 4898.246364 -6998.966937 0.267035 -0.520458 0.666793 -0.461738
1540821423.268795 -8582.682665 5013.464637 -7161.677915 0.640041 0.010300 0.571563 -0.513379
1540821423.326627 -8604.239945 5025.345166 -7178.409033 0.664200 0.046223 0.540567 -0.514285
1540821423.619266 -8713.789241 5085.623450 -7263.477122 0.762489 0.274428 0.436843 -0.390471
1540821423.678514 -8736.054882 5097.843568 -7280.802731 0.767394 0.335706 0.419584 -0.349796
1540821424.267843 -8959.257553 5218.919067 -7455.421346 0.680646 0.716746 0.112424 0.101765
1540821424.324903 -8981.044556 5230.563669 -7472.534164 0.666689 0.728626 0.065342 0.142691
1540821424.868663 -9190.068756 5340.545772 -7636.649862 0.315141 0.714316 -0.296098 0.550241
1540821424.921508 -9210.521766 5351.147193 -7652.669550 0.274808 0.688816 -0.322028 0.588482
1540821425.452863 -9417.435645 5457.452475 -7814.393624 -0.131458 0.385127 -0.547546 0.731156
1540821425.507035 -9438.630389 5468.300759 -7830.944458 -0.192313 0.351269 -0.549057 0.733595
1540821426.057897 -9655.519268 5579.071389 -8000.436036 -0.453803 0.160959 -0.536654 0.692934
1540821426.113584 -9677.582780 5590.305596 -8017.665158 -0.471116 0.156547 -0.529272 0.688051
1540821426.393179 -9788.769879 5646.870772 -8104.439354 -0.569435 0.090921 -0.551974 0.602331
1540821426.449347 -9811.183187 5658.267185 -8121.926929 0.594485 -0.063462 0.566291 -0.567340
1540821427.014542 -10038.323966 5773.930660 -8299.421503 0.772147 0.138296 0.503897 -0.361595
1540821427.071016 -10061.160022 5785.553918 -8317.324819 0.782773 0.159479 0.502810 -0.330175
1540821427.641116 -10293.609945 5903.615875 -8500.402396 0.764944 0.326491 0.554367 0.030681
1540821427.698984 -10317.383426 5915.667735 -8519.270571 0.784755 0.324819 0.527867 -0.002903
1540821428.282444 -10558.314123 6037.342419 -8712.314382 0.702697 0.427575 0.465071 0.327270
1540821428.341160 -10582.679390 6049.598085 -8732.059233 0.691159 0.434049 0.454379 0.356988
1540821428.929598 -10827.885181 6172.011499 -8933.273805 0.548959 0.465205 0.306751 0.623003
1540821428.988512 -10852.533400 6184.196743 -8953.741590 0.530814 0.465799 0.290602 0.645614
1540821429.459859 -11050.392347 6280.991932 -9119.426251 0.365915 0.449508 0.145024 0.801883
