1540820240.425423 -0.021104 0.001046 -0.003492 -0.134940 0.891128 -0.432903 0.016660
1540820240.513130 -0.021820 -0.000253 -0.004150 -0.220010 0.870305 -0.439802 0.027203
1540820240.688543 -0.022648 -0.002534 -0.004875 -0.272506 0.860916 -0.424515 0.065964
1540820240.776249 -0.023099 -0.004095 -0.005345 -0.284744 0.859579 -0.412146 0.100898
1540820240.863955 -0.023429 -0.005636 -0.005811 -0.302603 0.854090 -0.401857 0.132184
1540820240.951662 -0.023657 -0.007122 -0.006321 -0.314809 0.846907 -0.396120 0.163503
1540820241.039368 -0.024142 -0.009853 -0.010725 -0.090359 0.856980 -0.476545 0.174143
1540820241.127074 -0.024063 -0.009463 -0.007201 -0.299872 0.841605 -0.379162 0.240861
1540820241.214781 -0.024190 -0.010970 -0.007863 -0.298710 0.833058 -0.368427 0.284691
1540820241.390193 -0.024138 -0.013629 -0.009242 -0.374541 0.778107 -0.385099 0.325526
1540820241.565606 -0.039607 -0.027581 -0.021022 -0.281899 0.748764 -0.458790 0.386519
1540820241.653312 -0.023748 -0.016244 -0.010579 -0.466927 0.704106 -0.401429 0.353651
1540820241.828725 -0.023160 -0.018903 -0.011956 -0.545337 0.613360 -0.408001 0.399917
1540820242.004137 -0.022155 -0.021548 -0.013190 0.608727 -0.514486 0.395845 -0.456138
1540820242.179550 -0.021142 -0.023395 -0.014115 0.656397 -0.409034 0.396952 -0.494231
1540820242.354963 -0.019278 -0.025615 -0.015095 0.696975 -0.267094 0.372413 -0.551539
1540820242.530375 -0.013375 -0.031608 -0.012562 0.639417 -0.345908 0.305360 -0.615019
1540820242.618082 -0.016496 -0.027463 -0.015931 0.707260 -0.118235 0.312435 -0.623047
1540820242.793495 -0.014168 -0.028168 -0.016528 -0.680463 0.036233 -0.240904 0.691102
1540820242.968907 -0.012350 -0.028101 -0.016466 -0.670492 -0.049814 -0.211968 0.709246
1540820243.144319 -0.011561 -0.027717 -0.016158 -0.667344 -0.093445 -0.218616 0.705782
1540820243.319732 -0.010945 -0.026923 -0.015567 -0.672742 -0.068259 -0.185477 0.712992
1540820243.495145 -0.001386 -0.020972 -0.010186 -0.522025 -0.084204 -0.158730 0.833789
1540820243.582851 -0.010697 -0.025588 -0.014773 -0.673493 -0.004394 -0.148518 0.724106
1540820243.758264 -0.010428 -0.024338 -0.013744 -0.681958 0.100552 -0.058910 0.722047
1540820243.933677 -0.010011 -0.022947 -0.012886 -0.676229 0.151469 -0.003893 0.720941
1540820244.109089 -0.009692 -0.021769 -0.012285 -0.670609 0.161941 0.007316 0.723882
1540820244.196796 -0.009449 -0.020936 -0.011847 -0.670765 0.158024 0.002418 0.724636
1540820244.284502 -0.009187 -0.020063 -0.011418 -0.671676 0.150583 -0.006994 0.725347
1540820244.372208 -0.009069 -0.019115 -0.011126 -0.670648 0.128783 -0.035453 0.729650
1540820244.459914 -0.008577 -0.018610 -0.014292 -0.524689 0.074293 -0.133616 0.837454
1540820244.547620 -0.008764 -0.017664 -0.010676 -0.668989 0.081357 -0.094282 0.732766
1540820244.635327 -0.008563 -0.016680 -0.010287 -0.670170 0.059894 -0.122415 0.729588
1540820244.723033 -0.008321 -0.015671 -0.009886 -0.669861 0.054134 -0.132681 0.728527
1540820244.810739 -0.008023 -0.014644 -0.009459 -0.668480 0.060039 -0.128645 0.730055
1540820244.898446 -0.007681 -0.013603 -0.009019 -0.665351 0.076809 -0.111593 0.734136
1540820245.073858 -0.007110 -0.011947 -0.008296 -0.662730 0.078159 -0.102560 0.737673
1540820245.161565 -0.006642 -0.010832 -0.007802 -0.660734 0.068241 -0.100352 0.740745
1540820245.249271 -0.006035 -0.009726 -0.007410 -0.651389 0.054750 -0.094847 0.750799
1540820245.336978 -0.049499 -0.017071 0.011133 -0.696092 0.037747 0.065298 0.713980
1540820245.424684 -0.067364 -0.020864 0.029541 -0.696264 0.029636 0.051186 0.715344
1540820245.512390 -0.112518 -0.024739 0.052955 -0.693734 0.024169 0.041317 0.718639
1540820245.600097 -0.179521 -0.034209 0.082225 -0.690809 0.018154 0.028036 0.722266
1540820245.687803 -0.226033 -0.040861 0.105727 -0.689187 0.009162 0.010902 0.724444
1540820245.775509 -0.317394 -0.047405 0.132464 -0.688438 -0.004083 -0.001156 0.725282
1540820245.863215 -0.389585 -0.047045 0.150685 -0.684950 -0.013529 -0.009107 0.728407
1540820246.038628 -0.575665 -0.032391 0.171588 -0.678208 -0.034822 -0.014258 0.733906
1540820246.126334 -0.717037 -0.028118 0.176748 -0.676243 -0.044393 -0.014627 0.735195
1540820246.214040 -0.847412 -0.036076 0.166048 -0.679328 -0.050342 -0.015706 0.731937
1540820246.301747 -0.986264 -0.061885 0.147787 -0.688481 -0.049511 -0.019973 0.723287
1540820246.389453 -1.134386 -0.101852 0.128385 -0.699867 -0.045046 -0.033278 0.712075
1540820246.477160 -1.295740 -0.143908 0.109131 0.709582 0.038784 0.051035 -0.701701
1540820246.564866 -1.567638 -0.174490 0.101494 0.720189 0.027668 0.064040 -0.690261
1540820246.652572 -1.847104 -0.180908 0.083808 0.720946 0.024335 0.072517 -0.688757
1540820246.740279 -2.142401 -0.162697 0.058028 0.716354 0.032555 0.071660 -0.693283
1540820246.827985 -2.454138 -0.123971 0.027052 0.705260 0.046402 0.063335 -0.704588
1540820246.915691 -2.784595 -0.073596 -0.006601 -0.690683 -0.063546 -0.051506 0.718517
1540820247.003398 -3.136072 -0.020919 -0.043025 -0.674778 -0.085186 -0.035451 0.732230
1540820247.091104 -3.506952 0.023228 -0.086450 -0.668435 -0.106829 -0.019462 0.735801
1540820247.178810 -3.897112 0.047988 -0.138572 -0.670462 -0.125547 -0.007989 0.731201
1540820247.266516 -4.306381 0.048629 -0.198981 -0.676181 -0.134901 -0.003352 0.724272
1540820247.354222 -4.737032 0.032046 -0.265319 -0.682600 -0.132222 -0.006470 0.718702
1540820247.529635 -5.634264 -0.007008 -0.409294 -0.697785 -0.132529 -0.023348 0.703553
1540820247.617342 -6.113992 -0.011676 -0.482974 -0.698713 -0.134084 -0.030072 0.702081
1540820247.705048 -6.607739 -0.009666 -0.555614 -0.696177 -0.141558 -0.041527 0.702549
1540820247.792754 -7.131791 -0.004897 -0.631246 -0.689621 -0.146277 -0.048219 0.707603
1540820247.880461 -7.702154 -0.003180 -0.716575 -0.683060 -0.149098 -0.054829 0.712876
1540820247.968167 -8.324820 -0.009290 -0.818839 -0.682399 -0.157847 -0.057499 0.711414
1540820248.055873 -8.990401 -0.024033 -0.938540 -0.684679 -0.162025 -0.054561 0.708510
1540820248.143580 -9.688575 -0.044398 -1.067338 -0.679496 -0.153754 -0.052040 0.715498
1540820248.231286 -10.413129 -0.066167 -1.203698 -0.682879 -0.148333 -0.052219 0.713405
1540820248.318992 -11.154267 -0.086585 -1.340258 -0.687877 -0.148690 -0.053789 0.708395
1540820248.406699 -12.011158 -0.093977 -1.481416 -0.689019 -0.149119 -0.068951 0.705877
1540820248.494405 -12.877055 -0.098355 -1.622851 -0.686014 -0.153297 -0.083757 0.706307
1540820248.582111 -13.770433 -0.093955 -1.767920 -0.684545 -0.163039 -0.098630 0.703626
1540820248.669817 -14.717400 -0.075876 -1.918860 -0.667826 -0.189759 -0.100867 0.712620
1540820248.757524 -15.723439 -0.051101 -2.095101 -0.658777 -0.223758 -0.096265 0.711814
1540820248.845230 -16.779887 -0.033157 -2.303687 -0.650157 -0.253366 -0.078716 0.711973
1540820248.932936 -17.873000 -0.035508 -2.544034 -0.649270 -0.268332 -0.047113 0.710090
1540820249.020643 -18.990255 -0.063082 -2.806370 -0.663288 -0.273870 -0.029668 0.695818
1540820249.108349 -20.126079 -0.111414 -3.075164 -0.679230 -0.267816 -0.027353 0.682768
1540820249.196055 -21.279708 -0.171932 -3.344393 0.697186 0.247599 0.046670 -0.671154
1540820249.283762 -22.463349 -0.235412 -3.609962 0.702489 0.233795 0.070085 -0.668534
1540820249.371468 -23.684838 -0.287405 -3.873304 0.698905 0.229059 0.098352 -0.670365
1540820249.459174 -24.957717 -0.318031 -4.141163 0.687603 0.238238 0.122726 -0.674821
1540820249.546881 -26.295453 -0.333036 -4.424383 -0.665974 -0.269588 -0.133269 0.682672
1540820249.634587 -27.688064 -0.345820 -4.741949 -0.646198 -0.307438 -0.134923 0.685351
1540820249.722294 -29.121494 -0.363991 -5.107271 -0.642688 -0.323369 -0.109051 0.685924
1540820249.810000 -30.592510 -0.396006 -5.513307 -0.653914 -0.322496 -0.072147 0.680579
1540820249.897706 -32.102845 -0.450387 -5.941248 -0.670120 -0.313627 -0.043022 0.671362
1540820249.985412 -33.651501 -0.523696 -6.374352 0.684064 0.299784 0.024096 -0.664534
1540820250.073118 -35.240692 -0.608102 -6.802728 0.695317 0.289754 0.018458 -0.657447
1540820250.160825 -36.878566 -0.698896 -7.218379 0.695368 0.292335 0.027865 -0.655917
1540820250.248531 -38.571678 -0.795110 -7.625920 0.680558 0.305093 0.042676 -0.664784
1540820250.336237 -40.318361 -0.898206 -8.039976 -0.665903 -0.323570 -0.061997 0.669352
1540820250.423944 -42.115816 -1.008448 -8.472299 -0.658012 -0.339446 -0.073888 0.668085
1540820250.511650 -43.957666 -1.126211 -8.935013 -0.653486 -0.362307 -0.093555 0.657980
1540820250.599356 -45.839116 -1.249442 -9.442114 -0.647168 -0.384375 -0.106820 0.649630
1540820250.687063 -47.754266 -1.377230 -9.997140 -0.635339 -0.393329 -0.105763 0.656088
1540820250.774769 -49.680544 -1.511839 -10.592513 -0.642168 -0.382598 -0.092669 0.657763
1540820250.862475 -51.653338 -1.654218 -11.221859 -0.653729 -0.367272 -0.072166 0.657679
1540820250.950182 -53.699553 -1.805960 -11.877341 0.667673 0.344656 0.050313 -0.657947
1540820251.125595 -57.931298 -2.151799 -13.193038 0.682549 0.332648 0.028729 -0.650113
1540820251.213301 -60.149843 -2.346850 -13.853979 0.677244 0.347000 0.035266 -0.647833
1540820251.301007 -62.436465 -2.559528 -14.538031 0.672712 0.371352 0.033468 -0.639090
1540820251.388713 -64.779623 -2.785850 -15.248227 0.672970 0.391353 0.008038 -0.627606
1540820251.476419 -67.170695 -3.022707 -15.972967 0.672937 0.409278 -0.004680 -0.616137
1540820251.564126 -69.608048 -3.270426 -16.705006 0.668681 0.430401 0.006291 -0.606284
1540820251.651832 -72.107585 -3.527045 -17.454601 0.658243 0.451793 0.026851 -0.601563
1540820251.739538 -74.651096 -3.792660 -18.227096 0.645356 0.472702 0.051712 -0.597825
1540820251.827245 -77.235749 -4.067673 -19.035943 0.627455 0.502250 0.075513 -0.590206
1540820251.914951 -79.860782 -4.354735 -19.895363 0.620099 0.511550 0.078859 -0.589555
1540820252.002657 -82.521964 -4.661791 -20.805909 0.621777 0.503155 0.072105 -0.595844
1540820252.090364 -85.245947 -4.995851 -21.769568 0.638158 0.481046 0.050001 -0.599040
1540820252.178070 -88.043718 -5.361691 -22.769678 0.652041 0.464612 0.022206 -0.598736
1540820252.265777 -90.913855 -5.753600 -23.792090 0.662496 0.455184 -0.003717 -0.594890
1540820252.353483 -93.852193 -6.166720 -24.826822 0.670941 0.463516 -0.022307 -0.578354
1540820252.441189 -96.854814 -6.598554 -25.867071 0.669635 0.494067 -0.025904 -0.553910
1540820252.528896 -99.914537 -7.044020 -26.912532 0.657707 0.521888 -0.009782 -0.543102
1540820252.616602 -103.026239 -7.502559 -27.973391 0.632495 0.547549 0.014354 -0.547662
1540820252.704308 -106.181678 -7.973248 -29.070065 0.614774 0.563809 0.042273 -0.549896
1540820252.792014 -109.384377 -8.459474 -30.215338 0.599426 0.575770 0.058319 -0.552970
1540820252.879720 -112.637847 -8.966918 -31.417710 0.590189 0.581083 0.057112 -0.557457
1540820252.967427 -115.943458 -9.500714 -32.679386 0.592838 0.579978 0.052159 -0.556280
1540820253.055133 -119.307246 -10.067097 -33.993330 0.603848 0.571888 0.030262 -0.554433
1540820253.142839 -122.731799 -10.669050 -35.348270 0.620337 0.560629 0.002812 -0.548515
1540820253.230546 -126.217768 -11.308205 -36.731178 0.636707 0.550677 -0.018878 -0.539446
1540820253.318252 -129.763128 -11.980415 -38.131351 0.646307 0.544900 -0.024847 -0.533623
1540820253.405959 -133.362556 -12.678280 -39.543896 0.651362 0.539172 -0.009273 -0.533793
1540820253.493665 -137.018701 -13.396699 -40.970387 0.646037 0.534815 0.013183 -0.544458
1540820253.581371 -140.734977 -14.130342 -42.420742 0.634055 0.538214 0.039912 -0.553812
1540820253.669078 -144.518357 -14.875938 -43.905886 0.619533 0.546612 0.061785 -0.559979
1540820253.756784 -148.378868 -15.636424 -45.437477 0.596914 0.566883 0.069719 -0.563451
1540820253.844490 -152.316856 -16.420077 -47.027687 0.573871 0.593739 0.057276 -0.561128
1540820253.932197 -156.319857 -17.236434 -48.678764 0.555449 0.621249 0.035235 -0.551620
1540820254.019903 -160.370864 -18.094034 -50.384888 0.547431 0.642095 0.004301 -0.536670
1540820254.107609 -164.459409 -18.997552 -52.135746 0.554848 0.648910 -0.033450 -0.519558
1540820254.195315 -168.582436 -19.947582 -53.917718 0.573442 0.645583 -0.054583 -0.501405
1540820254.283021 -172.744683 -20.937920 -55.715580 0.590749 0.638259 -0.049996 -0.491062
1540820254.370728 -176.959568 -21.959117 -57.523423 0.599025 0.628017 -0.027194 -0.496008
1540820254.458434 -181.238850 -23.007505 -59.356245 0.590565 0.630513 0.008432 -0.503602
1540820254.546140 -185.582786 -24.079046 -61.239511 0.581067 0.634073 0.024699 -0.509610
1540820254.633847 -189.990438 -25.174806 -63.183999 0.573953 0.636552 0.012118 -0.515007
1540820254.809260 -199.002163 -27.463322 -67.234598 0.577265 0.644761 -0.054366 -0.498089
1540820254.896966 -203.607313 -28.670631 -69.311244 0.567559 0.660699 -0.091764 -0.482631
1540820254.984672 -208.268926 -29.923819 -71.410052 0.553180 0.681130 -0.117837 -0.464939
1540820255.072379 -212.979316 -31.227427 -73.526226 0.527120 0.705181 -0.141955 -0.452453
1540820255.160085 -217.727494 -32.575918 -75.662834 0.508473 0.724025 -0.146907 -0.442335
1540820255.247786 -222.515511 -33.969420 -77.821981 0.486907 0.739000 -0.143795 -0.442859
1540820255.335454 -227.338144 -35.405909 -80.009592 0.470079 0.751197 -0.124671 -0.446303
1540820255.423076 -232.192238 -36.885743 -82.230543 0.455044 0.762071 -0.099317 -0.449800
1540820255.510698 -237.078299 -38.406766 -84.491526 0.443304 0.768119 -0.072087 -0.456374
1540820255.598393 -242.000578 -39.966924 -86.800795 0.440120 0.765238 -0.047397 -0.467395
1540820255.686099 -246.958408 -41.564186 -89.164048 0.446061 0.758359 -0.032703 -0.474186
1540820255.773805 -251.958821 -43.198613 -91.580639 0.458968 0.743671 -0.041452 -0.484338
1540820255.861511 -257.007585 -44.871213 -94.046779 0.475171 0.725030 -0.055982 -0.495388
1540820256.036924 -267.276725 -48.352797 -99.109305 0.490872 0.712393 -0.102531 -0.490946
1540820256.124630 -272.494607 -50.164644 -101.686817 0.480123 0.718933 -0.117808 -0.488609
1540820256.212336 -277.757000 -52.026016 -104.292156 0.464578 0.728638 -0.130137 -0.486126
1540820256.300043 -283.058957 -53.937214 -106.926590 0.451926 0.733801 -0.142732 -0.486751
1540820256.387749 -288.398841 -55.898845 -109.591659 0.441642 0.735870 -0.152181 -0.490192
1540820256.475456 -293.775645 -57.911644 -112.292072 0.436647 0.739554 -0.155980 -0.487924
1540820256.563162 -299.189343 -59.976964 -115.028045 0.431457 0.746884 -0.157967 -0.480682
1540820256.650868 -304.639715 -62.094410 -117.798981 0.423340 0.752562 -0.164622 -0.476796
1540820256.738575 -310.125401 -64.262036 -120.605681 0.420831 0.753504 -0.173445 -0.474394
1540820256.826281 -315.646826 -66.482032 -123.447275 0.418653 0.754510 -0.181613 -0.471658
1540820256.913987 -321.203697 -68.755319 -126.322595 0.413882 0.759353 -0.183168 -0.467476
1540820257.001694 -326.794295 -71.081739 -129.230881 0.409880 0.763321 -0.183283 -0.464484
1540820257.089400 -332.417881 -73.463549 -132.171597 0.404659 0.763500 -0.188921 -0.466505
1540820257.264812 -343.760931 -78.398631 -138.164092 0.398155 0.769533 -0.204439 -0.455518
1540820257.352518 -349.479301 -80.950889 -141.212827 0.395584 0.772778 -0.211667 -0.448915
1540820257.440225 -355.228128 -83.560881 -144.294338 0.392347 0.776049 -0.217773 -0.443156
1540820257.527931 -361.005594 -86.229855 -147.408312 0.387423 0.781813 -0.223269 -0.434537
1540820257.615637 -366.810105 -88.957279 -150.552915 0.381352 0.785972 -0.229262 -0.429252
1540820257.703344 -372.640177 -91.743660 -153.728549 0.374370 0.789176 -0.234383 -0.426747
1540820257.791050 -378.493816 -94.588798 -156.936324 0.369886 0.790985 -0.239483 -0.424471
1540820257.878757 -384.370153 -97.493607 -160.176475 0.365608 0.791978 -0.244437 -0.423501
1540820257.966463 -390.268479 -100.458470 -163.449265 0.360421 0.793603 -0.248894 -0.422306
1540820258.054169 -396.188362 -103.484723 -166.754185 0.354731 0.795330 -0.255792 -0.419745
1540820258.229582 -408.089413 -109.722477 -173.460279 0.341932 0.800403 -0.263209 -0.416123
1540820258.317288 -414.068498 -112.934673 -176.861363 0.334255 0.804173 -0.266014 -0.413298
1540820258.404995 -420.065049 -116.208683 -180.294313 0.326187 0.807572 -0.269165 -0.411071
1540820258.492701 -426.076945 -119.544125 -183.759432 0.318592 0.810708 -0.271105 -0.409577
1540820258.580407 -432.103083 -122.942094 -187.256779 0.309660 0.813562 -0.273675 -0.409059
1540820258.668113 -438.141896 -126.402849 -190.786530 0.299262 0.817286 -0.276399 -0.407541
1540820258.755819 -444.192630 -129.925435 -194.349007 0.289854 0.820394 -0.278568 -0.406619
1540820258.843526 -450.253098 -133.511529 -197.945015 0.276817 0.825971 -0.278830 -0.404226
1540820258.931232 -456.325476 -137.160789 -201.571223 0.268110 0.829663 -0.283021 -0.399593
1540820259.018939 -462.407031 -140.872293 -205.229657 0.259904 0.833195 -0.285550 -0.395850
1540820259.194351 -474.592230 -148.484277 -212.644892 0.243260 0.839549 -0.291281 -0.388765
1540820259.282058 -480.693884 -152.384721 -216.401277 0.236215 0.842560 -0.293399 -0.384984
1540820259.369764 -486.800273 -156.348613 -220.190232 0.227973 0.845331 -0.297202 -0.380939
1540820259.457470 -492.909676 -160.375595 -224.011866 0.220715 0.848177 -0.300150 -0.376551
1540820259.545177 -499.021722 -164.465907 -227.865882 0.212768 0.850745 -0.303566 -0.372571
1540820259.632883 -505.134761 -168.619563 -231.752670 0.205420 0.853077 -0.307369 -0.368221
1540820259.720589 -511.249115 -172.837106 -235.674084 0.197740 0.857383 -0.308286 -0.361596
1540820259.808296 -517.362585 -177.117758 -239.626375 0.190134 0.859498 -0.311978 -0.357465
1540820259.896002 -523.474124 -181.461798 -243.611185 0.182478 0.861701 -0.315537 -0.353002
1540820259.983708 -529.582032 -185.868728 -247.628766 0.172963 0.866158 -0.320279 -0.342454
1540820260.159121 -541.782947 -194.870832 -255.758800 0.158161 0.867171 -0.329446 -0.338327
1540820260.246827 -547.874149 -199.465801 -259.871052 0.150491 0.868365 -0.333613 -0.334660
1540820260.334533 -553.956023 -204.122479 -264.014999 0.142047 0.867963 -0.340820 -0.332122
1540820260.422240 -560.027885 -208.840411 -268.189288 0.133676 0.868076 -0.347333 -0.328535
1540820260.509946 -566.088749 -213.619554 -272.393484 0.126867 0.867312 -0.352348 -0.327911
1540820260.597652 -572.138056 -218.459828 -276.628138 0.120969 0.865038 -0.357626 -0.330422
1540820260.685359 -578.173250 -223.359918 -280.892720 0.114793 0.861128 -0.365002 -0.334746
1540820260.773065 -584.193456 -228.319513 -285.186500 0.109539 0.856146 -0.372239 -0.341252
1540820260.860771 -590.197295 -233.338390 -289.509529 0.105075 0.850239 -0.379378 -0.349465
1540820260.948478 -596.184200 -238.416162 -293.861454 0.098829 0.848919 -0.384403 -0.349005
1540820261.036184 -602.153389 -243.552540 -298.242818 0.092464 0.848031 -0.389182 -0.347607
1540820261.123891 -608.103497 -248.747019 -302.653064 0.084567 0.849766 -0.393415 -0.340544
1540820261.211597 -614.033551 -253.998579 -307.091674 0.077125 0.850238 -0.398039 -0.335726
1540820261.299303 -619.943790 -259.308984 -311.560117 0.071453 0.852785 -0.398525 -0.329895
1540820261.387009 -625.835205 -264.679111 -316.059090 0.068247 0.854402 -0.397115 -0.328084
1540820261.474715 -631.708369 -270.109734 -320.589021 0.064295 0.859290 -0.393076 -0.320902
1540820261.650128 -643.390658 -281.143483 -329.737279 0.052494 0.864703 -0.393941 -0.307155
1540820261.737834 -649.202547 -286.750886 -334.358568 0.047029 0.870262 -0.390525 -0.296517
1540820261.825541 -654.992287 -292.415761 -339.010211 0.040725 0.875549 -0.388075 -0.284873
1540820261.913247 -660.757431 -298.135972 -343.690202 0.033983 0.879108 -0.387897 -0.274864
1540820262.000953 -666.499423 -303.913352 -348.400056 0.027718 0.881744 -0.388209 -0.266558
1540820262.088660 -672.217738 -309.747555 -353.139847 0.021030 0.884667 -0.388365 -0.257087
1540820262.176366 -677.911631 -315.638375 -357.909280 0.014049 0.887756 -0.388366 -0.246706
1540820262.264073 -683.580539 -321.585323 -362.708592 0.007184 0.890429 -0.388577 -0.236841
1540820262.351779 -689.223995 -327.588054 -367.537469 0.000254 0.892764 -0.389077 -0.227137
1540820262.439485 -694.841111 -333.645986 -372.395382 -0.006577 0.894567 -0.389990 -0.218208
1540820262.527192 -700.431860 -339.758948 -377.282360 -0.013389 0.896180 -0.390967 -0.209347
1540820262.614898 -705.995938 -345.927693 -382.199234 -0.020647 0.897831 -0.392025 -0.199472
1540820262.702604 -711.536663 -352.158514 -387.147457 -0.028907 0.899626 -0.392930 -0.188267
1540820262.790310 -717.046772 -358.452822 -392.120119 -0.034899 0.898310 -0.392679 -0.193972
1540820262.878016 -722.525895 -364.787188 -397.125607 -0.040587 0.898045 -0.394762 -0.189818
1540820262.965723 -727.974690 -371.173587 -402.159541 -0.046341 0.897710 -0.396898 -0.185582
1540820263.053429 -733.392491 -377.611396 -407.222024 -0.052022 0.897498 -0.398730 -0.181122
1540820263.141135 -738.779049 -384.100539 -412.312801 -0.057475 0.897569 -0.399942 -0.176388
1540820263.228842 -744.134284 -390.641520 -417.432397 -0.061631 0.898964 -0.398432 -0.171225
1540820263.316548 -749.457544 -397.232801 -422.580382 -0.067131 0.898778 -0.399885 -0.166681
1540820263.404254 -754.747539 -403.873925 -427.756136 -0.072563 0.898577 -0.401249 -0.162151
1540820263.491961 -760.004521 -410.564560 -432.959776 -0.077979 0.898419 -0.402445 -0.157480
1540820263.579667 -765.228047 -417.304803 -438.191501 -0.083453 0.898800 -0.402714 -0.151708
1540820263.667374 -770.417597 -424.094011 -443.450909 -0.088746 0.898807 -0.403406 -0.146742
1540820263.755080 -775.575908 -430.937468 -448.740829 -0.091750 0.901833 -0.398324 -0.140060
1540820263.842786 -780.700625 -437.831600 -454.059129 -0.093618 0.905028 -0.392478 -0.134616
1540820263.930493 -785.792229 -444.776477 -459.406751 -0.097524 0.907652 -0.387968 -0.127036
1540820264.018199 -790.849736 -451.771722 -464.784160 -0.099258 0.907885 -0.386953 -0.127122
1540820264.105905 -795.872966 -458.817006 -470.190500 -0.103139 0.909096 -0.384946 -0.121342
1540820264.193611 -800.861418 -465.911677 -475.625842 -0.107144 0.909536 -0.383897 -0.117845
1540820264.281317 -805.813848 -473.053864 -481.089277 -0.111216 0.909727 -0.383590 -0.113514
1540820264.369024 -810.730893 -480.244825 -486.581760 -0.115798 0.909893 -0.383147 -0.109014
1540820264.544436 -820.458408 -494.774882 -497.654145 -0.123499 0.911550 -0.379419 -0.099329
1540820264.632143 -825.271895 -502.120613 -503.238292 -0.124296 0.913749 -0.374633 -0.096247
1540820264.719849 -830.050464 -509.517288 -508.852887 -0.125367 0.915352 -0.370754 -0.094638
1540820264.807556 -834.793457 -516.964829 -514.498317 -0.126985 0.916036 -0.368835 -0.093351
1540820264.895262 -839.501899 -524.465724 -520.175816 -0.126380 0.916161 -0.367662 -0.097475
1540820264.982968 -844.175210 -532.020319 -525.886102 -0.121644 0.914185 -0.369960 -0.112237
1540820265.070675 -848.814433 -539.630541 -531.629982 -0.116936 0.911958 -0.371989 -0.127607
1540820265.246087 -857.977049 -554.985487 -543.205886 -0.120468 0.910535 -0.373266 -0.130713
1540820265.421500 -866.988053 -570.533091 -554.903883 -0.126365 0.909762 -0.373959 -0.128528
1540820265.596912 -875.847545 -586.276963 -566.726767 -0.131768 0.911666 -0.369172 -0.123349
1540820265.684618 -880.219913 -594.221993 -572.685207 -0.135351 0.911758 -0.368495 -0.120785
1540820265.860031 -888.847802 -610.256770 -584.695928 -0.139966 0.911328 -0.368342 -0.119224
1540820265.947738 -893.102710 -618.346184 -590.748088 -0.143736 0.911688 -0.367034 -0.115978
1540820266.035444 -897.317905 -626.483121 -596.831636 -0.147015 0.911907 -0.366335 -0.112302
1540820266.123150 -901.493411 -634.667546 -602.946681 -0.150924 0.911996 -0.365495 -0.109078
1540820266.210857 -905.628717 -642.899382 -609.093185 -0.155034 0.912437 -0.363776 -0.105312
1540820266.298563 -909.723544 -651.179501 -615.271586 -0.158650 0.913942 -0.359598 -0.101136
1540820266.386269 -913.777851 -659.507406 -621.482466 -0.161556 0.915445 -0.355679 -0.096711
1540820266.473976 -917.792566 -667.883509 -627.725751 -0.163761 0.917815 -0.349933 -0.091345
1540820266.561682 -921.767142 -676.309964 -634.002771 -0.168301 0.920684 -0.341875 -0.084484
1540820266.649388 -925.701080 -684.786933 -640.314512 -0.172685 0.924479 -0.330585 -0.078944
1540820266.737095 -929.593812 -693.315748 -646.661249 -0.177907 0.927190 -0.320969 -0.075147
1540820266.824801 -933.442405 -701.899756 -653.040750 -0.183985 0.927639 -0.317010 -0.071688
1540820266.912507 -937.245307 -710.540616 -659.451850 -0.186336 0.928882 -0.313230 -0.065911
1540820267.000213 -941.003047 -719.236963 -665.894901 -0.186785 0.930833 -0.308419 -0.059487
1540820267.087919 -944.715077 -727.988216 -672.370493 -0.183951 0.933873 -0.302927 -0.047735
1540820267.175626 -948.381573 -736.794627 -678.878064 -0.176009 0.939198 -0.293526 -0.027767
1540820267.263332 -952.008307 -745.652163 -685.419901 -0.158629 0.951366 -0.264009 -0.006193
1540820267.351039 -955.598540 -754.574487 -691.997504 -0.150731 0.959158 -0.238766 0.016913
1540820267.438745 -959.152545 -763.559571 -698.608801 -0.156598 0.959405 -0.232984 0.027152
1540820267.526451 -962.672165 -772.605197 -705.257806 -0.164227 0.959562 -0.226448 0.031492
1540820267.614158 -966.154646 -781.712159 -711.945173 -0.178417 0.957169 -0.225481 0.033941
1540820267.701864 -969.598076 -790.881727 -718.672279 -0.194954 0.954907 -0.221196 0.034915
1540820267.789570 -972.999110 -800.113560 -725.438116 -0.210930 0.952004 -0.219401 0.032570
1540820267.964983 -979.665192 -818.743952 -739.090529 -0.248509 0.944499 -0.209586 0.047317
1540820268.052690 -982.928037 -828.138415 -745.977685 -0.268654 0.939709 -0.204328 0.054973
1540820268.140396 -986.141924 -837.581266 -752.907425 -0.277201 0.941147 -0.181765 0.066057
1540820268.228102 -989.306607 -847.078193 -759.882764 -0.288885 0.941100 -0.154621 0.083481
1540820268.315808 -992.420890 -856.626324 -766.905049 -0.298322 0.940535 -0.123499 0.105571
1540820268.403514 -995.484955 -866.220427 -773.975410 -0.303717 0.941081 -0.082695 0.123626
1540820268.491221 -998.501373 -875.861227 -781.098701 -0.303202 0.942069 -0.030282 0.140204
1540820268.578927 -1001.466604 -885.550443 -788.278650 -0.298652 0.941099 0.019875 0.157305
1540820268.666633 -1004.381264 -895.294028 -795.522113 -0.302696 0.935244 0.050503 0.176476
1540820268.754340 -1007.242685 -905.089699 -802.830711 -0.307272 0.928359 0.066625 0.198230
1540820268.929752 -1012.802376 -924.839392 -817.638669 -0.347871 0.898936 0.070383 0.256800
1540820269.017459 -1015.498738 -934.790223 -825.132023 -0.376976 0.877564 0.069717 0.287941
1540820269.105165 -1018.134967 -944.785874 -832.677504 -0.410149 0.851537 0.059416 0.321143
1540820269.192871 -1020.712987 -954.820494 -840.268441 -0.441302 0.822633 0.051413 0.354802
1540820269.280578 -1023.231349 -964.889585 -847.896132 -0.473064 0.786432 0.037612 0.395374
1540820269.368284 -1025.692100 -974.989728 -855.554995 -0.502102 0.747437 0.029036 0.434038
1540820269.455953 -1028.094641 -985.114268 -863.234717 -0.527991 0.704352 0.019883 0.474044
1540820269.543470 -1030.438313 -995.247169 -870.917797 -0.551341 0.655403 0.013238 0.516037
1540820269.630745 -1032.723733 -1005.376093 -878.587777 -0.572919 0.599973 0.004935 0.558365
1540820269.717762 -1034.957093 -1015.496360 -886.237637 -0.593671 0.534199 -0.004377 0.601803
1540820269.891180 -1039.300478 -1035.720830 -901.465778 -0.610199 0.391647 -0.009361 0.688609
1540820269.977584 -1041.428442 -1045.823891 -909.030936 -0.598740 0.320626 -0.007470 0.733930
1540820270.063516 -1043.530990 -1055.898076 -916.538318 -0.576943 0.242786 -0.017302 0.779674
1540820270.148717 -1045.613344 -1065.914505 -923.967410 -0.560306 0.159775 -0.039607 0.811764
1540820270.233029 -1047.683297 -1075.862281 -931.309646 -0.541710 0.094074 -0.058254 0.833251
1540820270.316589 -1049.753042 -1085.756725 -938.579812 -0.527608 0.038809 -0.061597 0.846362
1540820270.399551 -1051.830334 -1095.618926 -945.795240 -0.517833 -0.008186 -0.050053 0.853977
1540820270.482108 -1053.921489 -1105.473956 -952.977123 -0.524377 -0.039415 -0.011089 0.850501
1540820270.564531 -1056.028522 -1115.355037 -960.148478 -0.539619 -0.045418 0.066113 0.838080
1540820270.647051 -1058.141785 -1125.279563 -967.321678 -0.552996 -0.039661 0.147646 0.819038
1540820270.729716 -1060.251953 -1135.262011 -974.504283 -0.560933 -0.035380 0.218338 0.797766
1540820270.812437 -1062.346596 -1145.281425 -981.686521 -0.565388 -0.047477 0.263418 0.780188
1540820270.895237 -1064.420517 -1155.335081 -988.870527 -0.570161 -0.088620 0.275481 0.768878
1540820270.978297 -1066.483805 -1165.451188 -996.075468 -0.570995 -0.130602 0.286550 0.758154
1540820271.061802 -1068.540612 -1175.647193 -1003.317279 -0.573418 -0.169771 0.288411 0.747789
1540820271.145910 -1070.598377 -1185.945892 -1010.613375 -0.573054 -0.201115 0.275084 0.745312
1540820271.230662 -1072.662897 -1196.354077 -1017.970843 -0.574648 -0.220274 0.250832 0.747223
1540820271.315877 -1074.735963 -1206.851849 -1025.378228 -0.574301 -0.245980 0.221034 0.748876
1540820271.401109 -1076.812187 -1217.386604 -1032.798913 -0.579082 -0.260151 0.207030 0.744395
1540820271.485938 -1078.884043 -1227.906027 -1040.195630 -0.590234 -0.259888 0.213248 0.733898
1540820271.570130 -1080.942841 -1238.372231 -1047.542564 -0.615328 -0.241119 0.242790 0.710131
1540820271.653597 -1082.982622 -1248.774673 -1054.831217 -0.639031 -0.215937 0.274386 0.685364
1540820271.736477 -1085.003921 -1259.124645 -1062.075320 -0.658306 -0.189942 0.298930 0.664226
1540820271.819133 -1087.013517 -1269.461559 -1069.307229 0.668240 0.186121 -0.305875 -0.652116
1540820271.901881 -1089.016039 -1279.822601 -1076.557017 0.669232 0.212986 -0.287954 -0.651036
1540820271.984790 -1091.017477 -1290.217814 -1083.823952 0.665327 0.248654 -0.260704 -0.653869
1540820272.067826 -1093.021398 -1300.648340 -1091.100151 0.664579 0.273494 -0.247389 -0.649873
1540820272.234691 -1097.059201 -1321.675414 -1105.670107 -0.627406 -0.299080 0.282661 0.661072
1540820272.318767 -1099.088602 -1332.309894 -1112.966901 -0.598626 -0.316085 0.306240 0.669294
1540820272.402487 -1101.098686 -1342.934475 -1120.202949 -0.577102 -0.342449 0.323832 0.666945
1540820272.485045 -1103.069091 -1353.446608 -1127.310157 -0.559223 -0.376484 0.335306 0.658103
1540820272.566147 -1104.994934 -1363.808411 -1134.276927 -0.539322 -0.421826 0.338751 0.645323
1540820272.645766 -1106.880434 -1374.017074 -1141.111405 -0.508874 -0.473592 0.340260 0.633231
1540820272.724284 -1108.735121 -1384.120367 -1147.853787 -0.464807 -0.531153 0.325251 0.629320
1540820272.802405 -1110.576115 -1394.214423 -1154.568068 -0.404332 -0.594102 0.293540 0.630391
1540820272.880732 -1112.419518 -1404.390891 -1161.307719 0.335278 0.649976 -0.260543 -0.630268
1540820272.959598 -1114.271425 -1414.710555 -1168.104976 0.263610 0.698941 -0.240672 -0.619732
1540820273.119458 -1117.987845 -1435.893071 -1181.934685 0.142685 0.775788 -0.235144 -0.567891
1540820273.200611 -1119.839926 -1446.787849 -1188.992803 0.094020 0.810046 -0.240013 -0.526668
1540820273.282759 -1121.683399 -1457.908553 -1196.167899 0.051085 0.842980 -0.241800 -0.477815
1540820273.365992 -1123.516061 -1469.252095 -1203.478892 0.029099 0.875308 -0.248123 -0.414033
1540820273.450375 -1125.340712 -1480.804471 -1210.950951 0.016269 0.913544 -0.249470 -0.320838
1540820273.536084 -1127.162146 -1492.583789 -1218.591022 -0.008807 0.942500 -0.254573 -0.216353
1540820273.623216 -1128.983643 -1504.613762 -1226.399026 -0.054518 0.955048 -0.266896 -0.116955
1540820273.710923 -1130.785654 -1516.775221 -1234.293686 -0.120722 0.951221 -0.280824 -0.041747
1540820273.798629 -1132.554040 -1528.981988 -1242.226851 -0.195716 0.937153 -0.288580 0.012697
1540820273.886335 -1134.283340 -1541.221472 -1250.197949 -0.260713 0.918989 -0.291309 0.051253
1540820274.061748 -1137.616802 -1565.783216 -1266.260627 -0.286569 0.910649 -0.268675 0.128102
1540820274.237161 -1140.791087 -1590.466023 -1282.473274 -0.251952 0.919599 -0.241387 0.180527
1540820274.412573 -1143.817574 -1615.297401 -1298.821120 -0.287269 0.910810 -0.215986 0.203106
1540820274.500280 -1145.271414 -1627.782473 -1307.042337 -0.306155 0.908921 -0.203529 0.196742
1540820274.587986 -1146.671696 -1640.308121 -1315.284320 -0.318304 0.907312 -0.196430 0.192049
1540820274.675693 -1148.018256 -1652.880825 -1323.548732 -0.307760 0.912568 -0.170768 0.208188
1540820274.763399 -1149.308872 -1665.516014 -1331.833229 -0.289302 0.917644 -0.137988 0.234932
1540820274.851105 -1150.546251 -1678.227370 -1340.137046 -0.301374 0.909862 -0.117485 0.259850
1540820275.026517 -1152.852579 -1703.862127 -1356.793781 -0.349277 0.882326 -0.094192 0.301054
1540820275.114224 -1153.921106 -1716.780314 -1365.150063 -0.374404 0.866575 -0.088743 0.317795
1540820275.201930 -1154.932178 -1729.759199 -1373.523169 -0.399980 0.851384 -0.081000 0.329546
1540820275.289636 -1155.881263 -1742.796087 -1381.911210 -0.441577 0.827941 -0.082432 0.335750
1540820275.377343 -1156.770042 -1755.876495 -1390.312589 -0.443795 0.828467 -0.058065 0.336625
1540820275.465049 -1157.598202 -1768.999874 -1398.732335 -0.442278 0.828969 -0.034253 0.340628
1540820275.552755 -1158.364921 -1782.171411 -1407.174644 -0.449564 0.824005 -0.018907 0.344311
1540820275.640462 -1159.075288 -1795.382671 -1415.642180 -0.438841 0.829566 0.009052 0.345190
1540820275.728168 -1159.732472 -1808.627555 -1424.139109 -0.383818 0.847641 0.060764 0.361243
1540820275.815875 -1160.322527 -1821.940821 -1432.671518 -0.349705 0.846298 0.079306 0.393950
1540820275.903581 -1160.847348 -1835.336312 -1441.242745 -0.351849 0.831310 0.074916 0.423691
1540820275.991287 -1161.317205 -1848.810706 -1449.844125 -0.355918 0.823425 0.081065 0.434422
1540820276.078994 -1161.736505 -1862.356035 -1458.474688 -0.342314 0.821531 0.093788 0.446220
1540820276.166700 -1162.102946 -1875.971364 -1467.143827 -0.346639 0.813588 0.102302 0.455467
1540820276.254406 -1162.420605 -1889.641179 -1475.853856 -0.362296 0.795081 0.123035 0.470585
1540820276.342045 -1162.695971 -1903.340322 -1484.597086 -0.406424 0.743216 0.126090 0.516285
1540820276.429398 -1162.932617 -1917.029274 -1493.353062 -0.476185 0.660435 0.096822 0.572450
1540820276.516273 -1163.125085 -1930.685177 -1502.073844 -0.549648 0.556302 0.051568 0.621093
1540820276.602656 -1163.279372 -1944.294887 -1510.740337 -0.612129 0.439159 0.016268 0.657398
1540820276.688859 -1163.404449 -1957.897112 -1519.370556 -0.656367 0.329816 -0.011140 0.678439
1540820276.775229 -1163.517337 -1971.537133 -1527.987518 0.686712 -0.253794 0.007006 -0.681151
1540820276.861823 -1163.624259 -1985.219885 -1536.591075 0.697441 -0.223223 -0.047692 -0.679319
1540820276.948686 -1163.714872 -1998.956958 -1545.175995 0.685223 -0.220567 -0.119906 -0.683697
1540820277.035878 -1163.775917 -2012.762143 -1553.756912 -0.669895 0.210861 0.190035 0.686051
1540820277.123359 -1163.807398 -2026.627483 -1562.354417 -0.666716 0.173574 0.240132 0.683884
1540820277.211044 -1163.811915 -2040.539543 -1570.972348 -0.664846 0.107791 0.255548 0.693582
1540820277.298751 -1163.793326 -2054.470135 -1579.588501 -0.645443 0.043206 0.257027 0.717965
1540820277.473913 -1163.726600 -2082.367136 -1596.807282 -0.577959 -0.093519 0.287632 0.757948
1540820277.561053 -1163.680947 -2096.295626 -1605.381468 -0.528989 -0.181163 0.289113 0.777022
1540820277.647608 -1163.627516 -2110.183633 -1613.891435 -0.458075 -0.276435 0.258089 0.804451
1540820277.733288 -1163.571111 -2124.000462 -1622.312030 -0.376486 -0.376973 0.228435 0.814842
1540820277.817960 -1163.514235 -2137.745193 -1630.640796 -0.293274 -0.473752 0.208709 0.803735
1540820277.901802 -1163.453207 -2151.457560 -1638.903621 -0.214208 -0.558790 0.187711 0.778866
1540820277.985260 -1163.383870 -2165.211599 -1647.160182 -0.149058 -0.630153 0.159902 0.745064
1540820278.068777 -1163.301197 -2179.077105 -1655.468460 -0.132244 -0.685363 0.153170 0.699520
1540820278.152626 -1163.208543 -2193.099641 -1663.851830 0.133231 0.720468 -0.172613 -0.658316
1540820278.236940 -1163.098868 -2207.286652 -1672.321702 0.129419 0.738395 -0.184390 -0.635629
1540820278.406847 -1162.845999 -2236.107808 -1689.532228 0.153779 0.758063 -0.163482 -0.612345
1540820278.492280 -1162.697305 -2250.717610 -1698.259876 0.186327 0.756567 -0.179407 -0.600585
1540820278.578050 -1162.547286 -2265.454272 -1707.069588 0.218714 0.757230 -0.184108 -0.587257
1540820278.664254 -1162.392522 -2280.331205 -1715.968888 0.231248 0.759329 -0.174403 -0.582689
1540820278.750964 -1162.234833 -2295.362506 -1724.967451 0.296150 0.745579 -0.203066 -0.561401
1540820278.838140 -1162.078300 -2310.539343 -1734.052231 0.378608 0.721473 -0.247921 -0.524088
1540820278.925655 -1161.930620 -2325.828058 -1743.192465 0.438876 0.703818 -0.280100 -0.483293
1540820279.013328 -1161.794810 -2341.190298 -1752.364103 0.478940 0.691677 -0.299671 -0.449885
1540820279.100992 -1161.678095 -2356.588147 -1761.536697 0.487014 0.701242 -0.298314 -0.426715
1540820279.188374 -1161.583109 -2371.976023 -1770.681596 0.486355 0.715392 -0.289543 -0.409680
1540820279.361656 -1161.472046 -2402.618919 -1788.806806 0.493282 0.734832 -0.270258 -0.379019
1540820279.447666 -1161.460326 -2417.893296 -1797.802133 0.493634 0.745103 -0.263562 -0.362881
1540820279.533573 -1161.473313 -2433.187824 -1806.795251 0.461588 0.770463 -0.250272 -0.361508
1540820279.619669 -1161.511853 -2448.563393 -1815.817737 0.429730 0.789359 -0.246031 -0.362921
1540820279.705951 -1161.583002 -2464.039276 -1824.850416 0.408147 0.788086 -0.277525 -0.367852
1540820279.792230 -1161.680676 -2479.581400 -1833.862410 0.390593 0.791508 -0.297378 -0.364033
1540820279.878444 -1161.794972 -2495.176927 -1842.850702 0.355500 0.812819 -0.299061 -0.351437
1540820279.964255 -1161.913311 -2510.756299 -1851.804320 0.301966 0.848384 -0.288435 -0.325372
1540820280.048876 -1162.031477 -2526.178625 -1860.645545 0.236834 0.885023 -0.276477 -0.290180
1540820280.131672 -1162.143459 -2541.335656 -1869.301907 0.155490 0.916109 -0.273102 -0.248961
1540820280.212616 -1162.237451 -2556.222961 -1877.764601 0.083569 0.936433 -0.265525 -0.213555
1540820280.291928 -1162.308795 -2570.895126 -1886.063008 0.024088 0.949740 -0.261808 -0.169911
1540820280.448155 -1162.347390 -2600.018673 -1902.420210 -0.120577 0.957470 -0.254892 -0.061168
1540820280.526426 -1162.298878 -2614.702629 -1910.628305 -0.214603 0.941747 -0.258956 0.000237
1540820280.605425 -1162.181486 -2629.584117 -1918.905240 -0.300025 0.909768 -0.276322 0.077155
1540820280.766468 -1161.744052 -2660.037629 -1935.764100 -0.443765 0.828074 -0.266411 0.215383
1540820280.848794 -1161.428774 -2675.626895 -1944.381707 -0.495959 0.774153 -0.265190 0.290492
1540820280.932500 -1161.054833 -2691.481903 -1953.143750 -0.536878 0.715957 -0.264478 0.359471
1540820281.017525 -1160.631825 -2707.586032 -1962.041435 -0.567866 0.661516 -0.247314 0.422800
1540820281.103737 -1160.165477 -2723.907067 -1971.061081 -0.582450 0.616170 -0.207944 0.487694
1540820281.191030 -1159.664610 -2740.428883 -1980.195712 0.581900 -0.579578 0.166040 -0.545814
1540820281.278737 -1159.143229 -2757.027888 -1989.385160 -0.582822 0.547382 -0.129525 0.586443
1540820281.366443 -1158.607309 -2773.622509 -1998.591329 -0.587688 0.515182 -0.095722 0.616480
1540820281.541856 -1157.504184 -2806.814560 -2017.037307 -0.585152 0.438577 -0.058446 0.679582
1540820281.629562 -1156.945520 -2823.415781 -2026.283468 -0.595263 0.412208 -0.038624 0.688661
1540820281.717268 -1156.373138 -2840.035211 -2035.548428 -0.606242 0.388506 -0.015740 0.693748
1540820281.980388 -1154.586277 -2889.948069 -2063.397185 -0.635172 0.287104 0.017697 0.716808
1540820282.068094 -1153.972637 -2906.627968 -2072.672689 -0.627054 0.252774 0.040796 0.735693
1540820282.155800 -1153.341291 -2923.329550 -2081.938867 -0.624705 0.228962 0.061908 0.743967
1540820283.032863 -1145.560952 -3092.366997 -2173.523021 -0.590871 0.064657 0.342313 0.727676
1540820283.120570 -1144.600216 -3109.450235 -2182.621445 -0.565491 0.058201 0.357057 0.741176
1540820283.997066 -1133.201681 -3283.096185 -2274.027338 -0.353521 -0.506580 0.379550 0.688724
1540820284.084366 -1131.959238 -3300.752639 -2283.230060 -0.351342 -0.538072 0.421517 0.639813
1540820284.931299 -1118.407528 -3474.636809 -2374.364070 -0.200178 0.872902 -0.341047 -0.285758
1540820285.097264 -1115.159808 -3509.349284 -2392.661342 -0.329486 0.876468 -0.316143 -0.152630
1540820285.931718 -1094.555023 -3685.571683 -2485.860931 -0.534250 0.763988 -0.141894 0.332814
1540820286.016091 -1092.138203 -3703.488322 -2495.343027 -0.521010 0.773144 -0.114063 0.343200
1540820286.867471 -1064.969230 -3886.302756 -2592.919256 -0.368844 0.802768 0.154874 0.442190
1540820286.952156 -1062.022691 -3904.709326 -2602.882531 -0.407311 0.775388 0.141130 0.461468
1540820287.781320 -1030.227251 -4087.332393 -2702.495281 -0.412337 0.578399 0.263427 0.652716
1540820287.863117 -1026.718088 -4105.650832 -2712.500548 -0.401373 0.513056 0.250503 0.716185
1540820288.657151 -991.439595 -4287.428428 -2810.495910 -0.251422 -0.287890 0.020682 0.923839
1540820288.740568 -987.825904 -4306.935656 -2820.961360 -0.237228 -0.388060 0.057744 0.888706
1540820289.262505 -965.315814 -4430.666112 -2887.579790 0.080871 0.823589 -0.202162 -0.523728
1540820289.613330 -949.890973 -4515.236583 -2933.478779 -0.074323 0.844451 -0.164917 -0.504163
1540820289.701036 -945.961762 -4536.508875 -2945.141264 -0.116012 0.845481 -0.133267 -0.503927
1540820289.788742 -941.988999 -4557.848723 -2956.886679 -0.139220 0.849524 -0.109435 -0.496941
1540820289.964155 -933.882340 -4600.799494 -2980.627662 -0.128074 0.869924 -0.086402 -0.468363
1540820290.139568 -925.563815 -4644.141985 -3004.682735 -0.108339 0.893934 -0.066536 -0.429787
1540820290.490393 -908.456766 -4731.887823 -3053.653725 0.074344 0.975076 -0.083378 -0.191700
1540820290.665806 -899.834132 -4776.351450 -3078.424170 0.117010 0.978675 -0.104935 -0.132259
1540820290.753512 -895.523822 -4798.737909 -3090.859868 0.103155 0.984366 -0.096221 -0.105472
1540820291.192044 -873.687258 -4911.891698 -3153.675636 -0.292528 0.926519 -0.129301 0.198171
1540820291.455061 -859.956816 -4980.505527 -3191.602934 -0.420070 0.832063 -0.094855 0.349592
1540820291.629758 -850.565506 -5026.222995 -3216.850282 -0.419078 0.790307 -0.024977 0.446279
1540820291.716839 -845.799150 -5049.051690 -3229.443617 -0.402545 0.763219 -0.013467 0.505245
1540820292.313877 -812.287212 -5206.980815 -3316.029579 -0.462928 0.228390 -0.178377 0.837686
1540820292.478681 -803.115071 -5250.910002 -3339.876740 -0.475682 0.044758 -0.124300 0.869639
1540820292.561074 -798.585266 -5272.937573 -3351.796705 -0.476672 -0.031601 -0.074492 0.875349
1540820292.643962 -794.055998 -5295.140923 -3363.788806 -0.465723 -0.099407 -0.031567 0.878763
1540820292.811869 -784.968037 -5340.299946 -3388.084547 -0.421972 -0.180101 0.076910 0.885205
1540820292.981913 -775.814942 -5386.313557 -3412.677593 -0.410578 -0.188080 0.228346 0.862502
1540820293.151818 -766.599008 -5432.489078 -3437.200113 -0.427590 -0.198149 0.334259 0.816195
1540820293.321007 -757.295199 -5478.593038 -3461.559659 -0.410756 -0.279457 0.230586 0.836668
1540820293.489532 -748.015822 -5524.798700 -3485.940705 -0.409838 -0.335987 0.164801 0.831857
1540820293.573228 -743.419548 -5547.821672 -3498.095540 -0.427541 -0.350068 0.153220 0.819258
1540820293.739902 -734.293079 -5593.808456 -3522.389574 -0.468518 -0.378201 0.150116 0.784168
1540820293.990098 -720.688948 -5663.193248 -3559.011616 -0.502814 -0.430353 0.217427 0.717426
1540820294.074004 -716.149064 -5686.561297 -3571.317910 -0.516452 -0.438814 0.268419 0.684595
1540820294.242051 -707.061959 -5733.460595 -3595.983805 -0.527170 -0.461371 0.311055 0.642241
1540820294.899077 -671.624766 -5918.270937 -3692.870392 0.428322 0.612982 -0.281813 -0.601145
1540820294.979967 -667.275267 -5941.227761 -3704.863801 0.428211 0.627538 -0.283971 -0.584972
1540820295.223692 -654.196585 -6010.660993 -3741.053510 0.393064 0.690864 -0.308271 -0.522663
1540820295.464621 -641.286099 -6079.746653 -3776.864435 0.317750 0.764528 -0.337454 -0.447947
1540820295.697418 -628.754294 -6146.998295 -3811.467127 0.100543 0.849047 -0.366578 -0.366920
1540820295.774254 -624.565047 -6169.323168 -3822.909361 0.026482 0.862647 -0.376571 -0.336650
1540820295.851544 -620.308254 -6191.828652 -3834.418875 -0.043566 0.870828 -0.384617 -0.303035
1540820296.088424 -606.950901 -6261.104824 -3869.731030 -0.161192 0.880031 -0.409082 -0.179483
1540820296.334644 -592.531710 -6333.469388 -3906.515857 -0.290303 0.873913 -0.388951 0.026788
1540820296.504809 -582.335605 -6383.511357 -3932.081680 -0.522834 0.737194 -0.355583 0.238224
1540820296.679866 -571.716759 -6434.900970 -3958.507119 0.646875 -0.592605 0.260683 -0.403010
1540820296.767572 -566.335738 -6460.601703 -3971.772796 0.678642 -0.542484 0.210579 -0.448121
1540820297.118397 -544.436708 -6563.316925 -4024.831242 0.628981 -0.523469 0.111264 -0.563900
1540820297.469222 -521.907739 -6666.304367 -4077.620127 -0.448525 0.626609 -0.017786 0.637079
1540820297.644635 -510.435351 -6718.059121 -4104.027892 -0.423071 0.627437 0.030471 0.652997
1540820297.732341 -504.650801 -6744.011099 -4117.273685 -0.425846 0.616315 0.047432 0.660727
1540820297.907754 -492.974296 -6796.060627 -4143.836069 -0.429962 0.593618 0.071244 0.676517
1540820298.083167 -481.154300 -6848.316820 -4170.476724 -0.433087 0.532937 0.084471 0.721996
1540820298.170873 -475.187532 -6874.529854 -4183.818980 -0.443442 0.475285 0.073544 0.756343
1540820298.258579 -469.190669 -6900.802111 -4197.171787 -0.453036 0.415834 0.072019 0.785273
1540820298.433992 -457.115997 -6953.533653 -4223.885861 -0.461823 0.310423 0.119106 0.822296
1540820298.609405 -444.934526 -7006.507734 -4250.593268 -0.475142 0.187973 0.118635 0.851371
1540820298.959943 -420.483400 -7113.099714 -4303.970463 -0.469890 -0.063309 0.051517 0.878944
1540820299.134613 -408.375004 -7166.550250 -4330.643780 -0.477214 -0.151777 0.076809 0.862167
1540820299.221853 -402.358284 -7193.332798 -4343.977650 -0.485477 -0.205000 0.127138 0.840311
1540820299.396139 -390.368531 -7247.006389 -4370.659425 -0.479948 -0.326121 0.172734 0.795901
1540820299.658145 -372.410209 -7328.058333 -4410.948040 -0.518278 -0.374162 0.323327 0.697747
1540820299.833150 -360.413850 -7382.380179 -4437.985441 -0.503936 -0.418854 0.362953 0.662476
1540820300.008023 -348.404755 -7436.807677 -4465.086494 -0.400141 -0.525956 0.329274 0.674415
1540820300.095312 -342.400799 -7464.056755 -4478.639438 -0.333806 -0.579925 0.312535 0.674228
1540820300.182362 -336.399022 -7491.301229 -4492.181038 -0.260420 -0.635230 0.292249 0.665773
1540820301.024645 -276.184941 -7758.688227 -4625.441951 -0.390254 0.861226 -0.318090 -0.069348
1540820301.106275 -270.004750 -7784.851195 -4638.574278 -0.413545 0.859486 -0.300437 0.001666
1540820301.852546 -210.750459 -8025.757907 -4759.197356 -0.332475 0.881670 -0.139627 0.304339
1540820301.937051 -203.813769 -8053.286036 -4772.943424 -0.371808 0.865381 -0.135890 0.307258
1540820302.021893 -196.801781 -8080.958394 -4786.769490 -0.408771 0.848877 -0.135714 0.306425
1540820302.851065 -125.973800 -8353.299264 -4923.354828 -0.290848 0.847338 0.074633 0.438014
1540820302.932807 -118.753074 -8380.437995 -4937.024003 -0.290655 0.842631 0.050482 0.450493
1540820303.343598 -81.979986 -8517.763225 -5006.095803 -0.370896 0.696117 0.010761 0.614607
1540820303.423098 -74.765611 -8544.512701 -5019.530727 -0.400787 0.640746 -0.023153 0.654429
1540820304.214710 -3.227462 -8813.334020 -5152.638897 -0.406874 -0.073930 -0.036602 0.909752
1540820304.298705 4.222327 -8842.132322 -5166.753255 -0.396001 -0.152514 -0.021350 0.905244
1540820305.172823 80.758470 -9145.891106 -5315.986185 0.266213 0.737447 -0.190861 -0.590656
1540820305.260529 88.417170 -9176.705555 -5331.282377 0.269274 0.755981 -0.200716 -0.561870
1540820306.137593 164.949125 -9488.526003 -5486.310358 0.126983 0.879497 -0.242270 -0.389443
1540820306.225299 172.613942 -9520.113992 -5501.866487 0.138382 0.886717 -0.256654 -0.358764
1540820307.102351 250.473119 -9840.666234 -5658.372379 -0.139092 0.955950 -0.256048 0.035375
1540820307.190058 258.449380 -9873.018938 -5674.080326 -0.106736 0.961543 -0.239618 0.081401
1540820307.627494 298.730179 -10035.237626 -5752.996819 -0.384313 0.827064 -0.259714 0.317518
1540820307.714527 306.862606 -10067.602740 -5768.701992 -0.438946 0.771933 -0.275364 0.368266
1540820308.547587 385.264565 -10377.882912 -5918.636063 -0.596587 0.090602 -0.186870 0.775212
1540820308.627678 392.692447 -10407.749338 -5932.983539 -0.591261 0.032474 -0.145349 0.792609
1540820309.447611 467.855494 -10715.337419 -6079.461113 -0.567354 -0.166129 0.193500 0.782987
1540820309.532033 475.588020 -10747.223870 -6094.537761 -0.572288 -0.175048 0.201122 0.775496
1540820310.365887 552.361579 -11063.681529 -6243.421924 -0.568818 -0.311078 0.302520 0.698683
1540820310.447345 559.900632 -11094.749901 -6257.966830 -0.568678 -0.311792 0.301570 0.698889
1540820311.249821 634.853808 -11403.093014 -6401.188082 -0.171874 -0.636075 0.367096 0.656588
1540820311.327907 642.272366 -11433.380839 -6415.181959 0.116593 0.669538 -0.357287 -0.640680
1540820311.812404 689.257036 -11622.636447 -6502.765269 -0.105504 0.872350 -0.359069 -0.314552
1540820311.982639 706.178097 -11689.595051 -6533.817754 -0.182441 0.897490 -0.351027 -0.194956
1540820312.157512 723.775606 -11758.552241 -6565.855258 -0.351091 0.864814 -0.340122 -0.114668
1540820312.245219 732.694683 -11793.167701 -6581.990507 -0.397883 0.861015 -0.310537 -0.062531
1540820312.420631 750.737117 -11862.464892 -6614.393101 -0.434709 0.859919 -0.253258 0.086185
1540820312.596044 769.048815 -11931.897582 -6646.947544 -0.448853 0.824017 -0.228995 0.259013
1540820312.683751 778.282588 -11966.635335 -6663.236862 -0.442138 0.807143 -0.216498 0.325825
1540820312.771457 787.556048 -12001.399608 -6679.541855 -0.432347 0.791227 -0.211037 0.377490
1540820312.946870 806.216428 -12071.008992 -6712.200002 -0.390917 0.787747 -0.168315 0.445319
1540820313.122282 825.002476 -12140.747493 -6744.920917 -0.397605 0.758385 -0.152033 0.493609
1540820313.297695 843.904988 -12210.615356 -6777.705795 -0.438019 0.704177 -0.165687 0.533687
1540820313.473107 862.907420 -12280.611726 -6810.526962 -0.455858 0.668784 -0.127515 0.573290
1540820313.648520 882.016512 -12350.741755 -6843.350360 -0.460524 0.630064 -0.085817 0.619332
1540820313.736226 891.598769 -12385.854296 -6859.752509 -0.454931 0.608832 -0.069087 0.646210
1540820313.911639 910.842023 -12456.231970 -6892.589457 -0.434859 0.580985 -0.033673 0.687182
1540820313.999345 920.486083 -12491.476016 -6909.009184 -0.434435 0.552547 -0.024780 0.710876
1540820314.087052 930.160797 -12526.794440 -6925.442383 -0.436107 0.524812 -0.008782 0.730962
1540820314.262464 949.586993 -12597.607637 -6958.317440 -0.435289 0.449902 0.011138 0.779736
1540820314.350171 959.332533 -12633.101225 -6974.757682 -0.429311 0.394861 0.006469 0.812241
1540820314.437877 969.086451 -12668.651278 -6991.206900 -0.424383 0.337527 -0.004385 0.840212
1540820314.525583 978.842222 -12704.257913 -7007.663602 -0.419139 0.280648 -0.014301 0.863339
1540820314.613290 988.590911 -12739.921713 -7024.124076 -0.421260 0.222078 0.002774 0.879326
1540820314.700993 998.329896 -12775.636336 -7040.595336 -0.424366 0.167196 0.050943 0.888462
1540820314.788618 1008.055738 -12811.367957 -7057.059700 -0.427058 0.081536 0.086242 0.896402
1540820314.875918 1017.744416 -12847.015801 -7073.468246 -0.416713 -0.003160 0.073819 0.906030
1540820314.962527 1027.345942 -12882.448181 -7089.772865 -0.390369 -0.085473 0.063016 0.914514
1540820315.048147 1036.823189 -12917.542571 -7105.909150 -0.365050 -0.169254 0.053771 0.913893
1540820315.215804 1055.317543 -12986.449273 -7137.587306 -0.310444 -0.316996 0.067270 0.893652
1540820315.297726 1064.324315 -13020.225132 -7153.113910 -0.284300 -0.386378 0.098722 0.871860
1540820315.378274 1073.166498 -13053.501518 -7168.418242 -0.255932 -0.456353 0.131293 0.842023
1540820315.457430 1081.851193 -13086.276083 -7183.491756 -0.216172 -0.526779 0.166928 0.804928
1540820315.535343 1090.400725 -13118.601101 -7198.366625 -0.171695 -0.593529 0.201102 0.760133
1540820315.612256 1098.851100 -13150.576180 -7213.097874 -0.135999 -0.655645 0.225178 0.707763
1540820315.688477 1107.230757 -13182.323124 -7227.734676 0.093344 0.715140 -0.235570 -0.651436
1540820315.764379 1115.596837 -13213.995127 -7242.346427 0.051643 0.768881 -0.245878 -0.587961
1540820315.840321 1123.984510 -13245.741845 -7257.010380 0.010414 0.817297 -0.251871 -0.518149
1540820315.916657 1132.436753 -13277.712415 -7271.794731 -0.032755 0.857466 -0.260047 -0.442782
1540820316.071528 1149.686991 -13342.735169 -7301.891171 -0.122111 0.910081 -0.291485 -0.268101
1540820316.150411 1158.529126 -13375.929600 -7317.279717 -0.159448 0.922780 -0.307605 -0.168622
1540820316.230459 1167.541222 -13409.656314 -7332.915164 -0.198541 0.925666 -0.315929 -0.062547
1540820316.311791 1176.737804 -13443.966121 -7348.822181 -0.233413 0.917463 -0.318175 0.050451
1540820316.394434 1186.117041 -13478.868476 -7364.999005 -0.265712 0.896025 -0.317530 0.160344
1540820316.478236 1195.661623 -13514.297501 -7381.427136 -0.307762 0.861516 -0.304263 0.265512
1540820316.562866 1205.334175 -13550.107837 -7398.027611 -0.352577 0.811102 -0.293022 0.363236
1540820316.647935 1215.081346 -13586.135680 -7414.728619 -0.393984 0.751659 -0.272751 0.453202
1540820316.733231 1224.879830 -13622.284003 -7431.482521 -0.431528 0.685381 -0.244231 0.533280
1540820316.818619 1234.705091 -13658.504649 -7448.265946 -0.460254 0.613595 -0.207870 0.607007
1540820316.903925 1244.542413 -13694.713140 -7465.039354 -0.483299 0.540569 -0.167068 0.668053
1540820316.989036 1254.367471 -13730.872089 -7481.777409 -0.496434 0.470243 -0.122882 0.719253
1540820317.073991 1264.185393 -13766.998020 -7498.491874 -0.494404 0.399851 -0.075040 0.768148
1540820317.158884 1274.010754 -13803.133099 -7515.202868 -0.496432 0.322058 -0.029441 0.805585
1540820317.243830 1283.847719 -13839.322947 -7531.926266 -0.495297 0.235160 0.003293 0.836283
1540820317.328928 1293.706893 -13875.619341 -7548.690826 -0.485600 0.148641 0.030287 0.860919
1540820317.414288 1303.600546 -13912.065676 -7565.519710 -0.479798 0.070552 0.061312 0.872386
1540820317.500118 1313.550384 -13948.749077 -7582.454912 -0.481455 0.008304 0.092340 0.871553
1540820317.586646 1323.579475 -13985.774624 -7599.533897 -0.471964 -0.050839 0.123055 0.871506
1540820317.673996 1333.710794 -14023.188705 -7616.786771 -0.464899 -0.100794 0.150339 0.866665
1540820317.761702 1343.878905 -14060.795726 -7634.116893 -0.455740 -0.162866 0.173712 0.857671
1540820317.849408 1354.051894 -14098.442824 -7651.463018 -0.450559 -0.222992 0.187810 0.843800
1540820317.937114 1364.217027 -14136.135382 -7668.823126 -0.440403 -0.284447 0.205147 0.826468
1540820318.024821 1374.379766 -14173.880237 -7686.212432 -0.427496 -0.340628 0.231050 0.804882
1540820318.112527 1384.540038 -14211.667128 -7703.621896 -0.415464 -0.395601 0.249007 0.780311
1540820318.200233 1394.694489 -14249.498017 -7721.055442 -0.404718 -0.449199 0.261826 0.752244
1540820318.287940 1404.851013 -14287.377605 -7738.513276 -0.394573 -0.498459 0.277291 0.720389
1540820318.375632 1415.002301 -14325.304849 -7755.994639 -0.385506 -0.540310 0.299292 0.685474
1540820318.463170 1425.130692 -14363.210632 -7773.467852 -0.390866 -0.573421 0.328370 0.640769
1540820318.550379 1435.219669 -14401.018798 -7790.896094 0.389627 0.603046 -0.352377 -0.600298
1540820318.637081 1445.249727 -14438.653244 -7808.234099 0.399662 0.622176 -0.381007 -0.554979
1540820318.723137 1455.204041 -14476.047057 -7825.455632 0.412191 0.650841 -0.387595 -0.506235
1540820318.808490 1465.080474 -14513.200362 -7842.409951 0.412079 0.668372 -0.388996 -0.481822
1540820318.893230 1474.886673 -14550.131145 -7859.240906 0.392322 0.688191 -0.401266 -0.459850
1540820318.977430 1484.627756 -14586.851335 -7876.011127 0.381656 0.717620 -0.399061 -0.424395
1540820319.061077 1494.307703 -14623.351233 -7892.736217 0.363436 0.752217 -0.399899 -0.377048
1540820319.144197 1503.930026 -14659.637087 -7909.416435 0.338778 0.793378 -0.395970 -0.314625
1540820319.226791 1513.489055 -14695.763443 -7925.861007 0.312280 0.813062 -0.401629 -0.283030
1540820319.308939 1522.995676 -14731.723925 -7942.226343 0.300156 0.828214 -0.394692 -0.261124
1540820319.390641 1532.459239 -14767.503880 -7958.567720 0.298803 0.839468 -0.387946 -0.235602
1540820319.471923 1541.874456 -14803.118534 -7974.858552 0.303861 0.869643 -0.338176 -0.192420
1540820319.552968 1551.224723 -14838.715057 -7991.037817 0.279366 0.859096 -0.380312 -0.198172
1540820319.714712 1569.880015 -14909.825425 -8023.440905 0.274435 0.887047 -0.338604 -0.152252
1540820319.795345 1579.160334 -14945.349122 -8039.617118 0.261259 0.897695 -0.326158 -0.139669
1540820319.956624 1597.698564 -15016.559817 -8072.043537 0.249754 0.917122 -0.295443 -0.096041
1540820320.118010 1616.183011 -15088.027265 -8104.597315 0.231559 0.933560 -0.268701 -0.051436
1540820320.279414 1634.614797 -15159.719590 -8137.275384 0.210225 0.947573 -0.240489 -0.008723
1540820320.360120 1643.811515 -15195.649895 -8153.664789 0.198270 0.954046 -0.224207 0.014734
1540820320.440826 1652.995698 -15231.640907 -8170.090374 0.186137 0.959960 -0.206368 0.035240
1540820320.521530 1662.165268 -15267.688657 -8186.554112 0.174221 0.965095 -0.187551 0.055347
1540820320.602228 1671.325132 -15303.794963 -8203.059934 0.162856 0.968971 -0.170099 0.075099
1540820320.682925 1680.472379 -15339.959959 -8219.604872 0.151180 0.972298 -0.151663 0.093704
1540820320.763621 1689.613638 -15376.187334 -8236.196762 0.140989 0.974324 -0.135898 0.111115
1540820320.844318 1698.745543 -15412.476949 -8252.836625 0.131824 0.974619 -0.124788 0.131026
1540820320.925022 1707.867235 -15448.832749 -8269.515627 0.123764 0.973638 -0.117896 0.151035
1540820321.005731 1716.982433 -15485.246271 -8286.240579 0.115117 0.972267 -0.109462 0.171648
1540820321.167136 1735.192428 -15558.262290 -8319.825357 0.095624 0.968962 -0.085126 0.211475
1540820321.247842 1744.290912 -15594.867438 -8336.694964 0.086323 0.966351 -0.073901 0.230765
1540820321.328551 1753.387655 -15631.536992 -8353.614392 0.077592 0.963319 -0.063769 0.248858
1540820321.409259 1762.477928 -15668.268888 -8370.579703 0.070498 0.960007 -0.056423 0.265014
1540820321.489976 1771.568304 -15705.066347 -8387.598706 0.063379 0.956947 -0.046873 0.279355
1540820321.570702 1780.657082 -15741.931153 -8404.672363 0.057276 0.954038 -0.037867 0.291714
1540820321.651434 1789.747836 -15778.865375 -8421.797804 0.051151 0.950929 -0.027439 0.303917
1540820321.732151 1798.838028 -15815.856297 -8438.980966 0.044073 0.946843 -0.016184 0.318251
1540820321.812858 1807.928183 -15852.907871 -8456.213059 0.035274 0.941811 -0.003517 0.334269
1540820321.893562 1817.024279 -15890.020970 -8473.504724 0.026729 0.936621 0.009180 0.349204
1540820321.974260 1826.126215 -15927.196569 -8490.850186 0.018100 0.930436 0.021809 0.365357
1540820322.054950 1835.234500 -15964.432765 -8508.256291 0.008426 0.923176 0.035025 0.382687
1540820322.135636 1844.352103 -16001.733406 -8525.720060 -0.001250 0.915214 0.048024 0.400095
1540820322.216321 1853.481488 -16039.096542 -8543.242451 -0.011014 0.906736 0.060879 0.417137
1540820322.297009 1862.623623 -16076.523155 -8560.831285 -0.020829 0.897650 0.073733 0.433997
1540820322.377697 1871.779983 -16114.015198 -8578.476787 -0.030751 0.888016 0.086603 0.450536
1540820322.458388 1880.952030 -16151.567788 -8596.186770 -0.040647 0.877826 0.099555 0.466752
1540820322.539090 1890.142194 -16189.191628 -8613.963180 -0.050101 0.867137 0.112039 0.482711
1540820322.619791 1899.354381 -16226.875991 -8631.799188 -0.059383 0.855857 0.124231 0.498547
1540820322.700495 1908.583250 -16264.625770 -8649.699629 -0.068736 0.844474 0.136243 0.513397
1540820322.781201 1917.838538 -16302.435100 -8667.663569 -0.078022 0.832512 0.148077 0.528119
1540820322.861913 1927.114906 -16340.310706 -8685.693696 -0.086112 0.822717 0.157666 0.539317
1540820322.942632 1936.415227 -16378.246012 -8703.792459 -0.093587 0.809935 0.171219 0.553111
1540820323.023355 1945.741010 -16416.241839 -8721.948811 -0.101569 0.797010 0.184214 0.566148
1540820323.104085 1955.102997 -16454.306998 -8740.178409 -0.109477 0.783754 0.197634 0.578520
1540820323.184824 1964.486522 -16492.428774 -8758.469560 -0.118213 0.769504 0.210359 0.591303
1540820323.265561 1973.906742 -16530.607180 -8776.827109 -0.127179 0.754887 0.223158 0.603466
1540820323.346301 1983.361197 -16568.844146 -8795.249113 -0.135864 0.739838 0.235868 0.615262
1540820323.427045 1992.846495 -16607.139701 -8813.726749 -0.145014 0.724601 0.248660 0.626173
1540820323.507787 2002.362827 -16645.482075 -8832.275852 -0.152111 0.707183 0.262771 0.638518
1540820323.588538 2011.925917 -16683.888926 -8850.891226 -0.161597 0.690202 0.276182 0.649023
1540820323.669284 2021.523426 -16722.344503 -8869.566192 -0.169955 0.672541 0.288331 0.660052
1540820323.750040 2031.165787 -16760.854726 -8888.310466 -0.178432 0.654508 0.299898 0.670703
1540820323.830804 2040.847876 -16799.421553 -8907.115269 -0.186842 0.636022 0.311269 0.680938
1540820323.992337 2060.342449 -16876.703524 -8944.909356 -0.203039 0.598372 0.333454 0.699667
1540820324.153850 2080.015825 -16954.163073 -8982.933836 -0.218912 0.558666 0.355047 0.716876
1540820324.315361 2099.875187 -17031.804090 -9021.185751 -0.234084 0.517252 0.376185 0.732216
1540820324.476848 2119.925907 -17109.597287 -9059.655294 -0.249274 0.474005 0.396427 0.745672
1540820324.557579 2130.029838 -17148.546620 -9078.963800 -0.260057 0.447951 0.407691 0.751996
1540820324.638309 2140.181695 -17187.534884 -9098.322036 -0.267404 0.424265 0.417728 0.757626
1540820324.719041 2150.381726 -17226.558270 -9117.734902 -0.275241 0.399842 0.427798 0.762468
1540820324.799777 2160.637588 -17265.624608 -9137.189689 -0.284887 0.373452 0.438128 0.766431
1540820324.880521 2170.951120 -17304.724070 -9156.698146 -0.294007 0.346267 0.448659 0.769652
1540820324.961273 2181.317284 -17343.858612 -9176.244615 -0.301547 0.320293 0.457926 0.772519
1540820325.042031 2191.737583 -17383.028282 -9195.838826 -0.308761 0.295651 0.466134 0.774581
1540820325.122791 2202.214652 -17422.233063 -9215.477890 -0.316951 0.269284 0.474857 0.775589
1540820325.203556 2212.741510 -17461.461227 -9235.153015 -0.324728 0.242996 0.483030 0.776007
1540820325.284322 2223.321516 -17500.718653 -9254.870055 -0.331858 0.217557 0.490049 0.776138
1540820325.365090 2233.957219 -17540.005282 -9274.619302 -0.338058 0.191174 0.497651 0.775572
1540820325.445867 2244.643893 -17579.315444 -9294.408456 -0.343682 0.169611 0.501840 0.775417
1540820325.526651 2255.386038 -17618.664459 -9314.233775 -0.348980 0.142299 0.508781 0.774019
1540820325.607442 2266.179977 -17658.036889 -9334.089239 -0.355282 0.114677 0.515566 0.771243
1540820325.688241 2277.021471 -17697.428743 -9353.969952 -0.363156 0.085075 0.525105 0.764947
1540820325.769052 2287.920466 -17736.848053 -9373.893413 -0.373321 0.057405 0.531275 0.758342
1540820325.849866 2298.871865 -17776.278830 -9393.826187 -0.391023 0.021475 0.543058 0.742784
1540820325.930684 2309.866612 -17815.723226 -9413.783654 -0.399982 -0.009479 0.550435 0.732766
