1540823052.804905 0.000298 0.005208 -0.000264 -0.665941 0.051520 0.005464 0.744203
1540823052.932025 -0.000924 0.005123 -0.000152 -0.658977 -0.043635 0.084765 0.746097
1540823053.059140 -0.001344 0.005020 -0.000272 -0.664960 -0.071676 0.114407 0.734575
1540823053.186263 -0.001781 0.004859 -0.000504 -0.678771 -0.092757 0.152570 0.712312
1540823053.249826 0.000577 0.005188 -0.000023 -0.646985 0.077371 -0.003997 0.758556
1540823053.313392 -0.002049 0.004735 -0.000629 -0.684864 -0.109856 0.173351 0.699172
1540823053.440512 -0.002364 0.004550 -0.000834 0.695141 0.132184 -0.196974 -0.678607
1540823053.758256 -0.002905 0.004141 -0.001153 0.704862 0.184510 -0.232235 -0.644354
1540823053.948962 -0.003699 0.003573 -0.000829 -0.618070 -0.333866 0.200591 0.682851
1540823054.012542 -0.003305 0.003795 -0.001236 0.688523 0.252808 -0.242789 -0.634884
1540823054.266857 -0.003778 0.003278 -0.001325 0.651907 0.348475 -0.251482 -0.624771
1540823054.584801 -0.004277 0.002538 -0.001398 -0.590058 -0.454545 0.268234 0.610959
1540823054.648391 -0.004465 0.002411 0.000444 -0.489567 -0.374309 0.337543 0.711534
1540823054.711979 -0.004428 0.002222 -0.001463 -0.567682 -0.489237 0.277931 0.600948
1540823054.966392 -0.004777 0.001219 -0.001540 0.476446 0.587574 -0.304730 -0.578702
1540823055.284428 -0.004769 0.000015 -0.002015 0.393692 0.682885 -0.336458 -0.515239
1540823055.348039 -0.004488 0.002370 0.000421 -0.489845 -0.376654 0.340950 0.708475
1540823055.411644 -0.004695 -0.000327 -0.002167 0.372711 0.705467 -0.346997 -0.492946
1540823055.793387 -0.004290 -0.001374 -0.002591 0.266101 0.781948 -0.364094 -0.430330
1540823056.048069 -0.003538 -0.003774 -0.000798 0.015024 0.712646 -0.549713 -0.435575
1540823056.111796 -0.003705 -0.002221 -0.002923 0.167521 0.830351 -0.383043 -0.368418
1540823056.367046 -0.003044 -0.003076 -0.002951 0.075488 0.845012 -0.426799 -0.313206
1540823056.430942 -0.003540 -0.003772 -0.000795 0.015246 0.712452 -0.549756 -0.435829
1540823056.494879 -0.002858 -0.003282 -0.002924 0.050299 0.845229 -0.438917 -0.300681
1540823056.750989 -0.002065 -0.003990 -0.002745 -0.059867 0.834378 -0.482771 -0.259157
1540823057.072169 -0.001474 -0.004281 -0.002705 -0.133651 0.824303 -0.499443 -0.230690
1540823057.136563 -0.003008 -0.004141 -0.001222 0.010124 0.737863 -0.569424 -0.362233
1540823057.201000 -0.001373 -0.004277 -0.002761 -0.137618 0.826905 -0.498418 -0.221062
1540823057.394572 -0.001254 -0.004277 -0.002804 -0.101473 0.832663 -0.508731 -0.193823
1540823057.652990 -0.001124 -0.004270 -0.002854 -0.005348 0.838337 -0.526876 -0.139872
1540823057.846845 -0.002320 -0.003560 -0.002779 -0.002050 0.840854 -0.475574 -0.258439
1540823057.911453 -0.001077 -0.004285 -0.002827 0.030291 0.835395 -0.535512 -0.120102
1540823058.040591 -0.001070 -0.004286 -0.002814 0.036353 0.834238 -0.537611 -0.117046
1540823058.298528 -0.001111 -0.004275 -0.002784 0.027858 0.832955 -0.538144 -0.125745
1540823058.556287 -0.002025 -0.003860 -0.002408 0.079824 0.808917 -0.540146 -0.217999
1540823058.620716 -0.001200 -0.004257 -0.002731 -0.001874 0.831051 -0.535812 -0.149185
1540823058.878380 -0.001261 -0.004173 -0.002792 -0.012554 0.835387 -0.525588 -0.160398
1540823059.071553 -0.001273 -0.004107 -0.002861 -0.009982 0.839832 -0.518555 -0.160264
1540823059.264719 -0.001592 -0.003960 -0.002547 0.066115 0.818773 -0.542313 -0.176455
1540823059.329148 -0.001283 -0.004052 -0.002901 0.001935 0.842312 -0.515781 -0.156453
1540823059.587438 -0.001611 -0.003976 -0.002773 0.048492 0.832906 -0.523340 -0.173293
1540823059.847093 -0.002168 -0.003740 -0.002638 0.130883 0.815074 -0.527612 -0.200372
1540823059.977329 -0.002932 -0.003173 -0.002327 0.187778 0.785564 -0.519681 -0.278495
1540823060.042516 -0.002476 -0.003474 -0.002690 0.190748 0.806189 -0.518579 -0.211546
1540823060.173029 -0.002881 -0.003166 -0.002618 0.227692 0.792147 -0.510159 -0.245758
1540823060.303724 -0.003287 -0.002778 -0.002535 0.266893 0.774615 -0.498601 -0.283083
1540823060.369149 -0.003284 -0.002920 -0.002396 0.194756 0.788616 -0.498742 -0.302343
1540823060.434627 -0.003614 -0.002397 -0.002447 0.299854 0.756811 -0.486890 -0.316643
1540823060.565680 -0.004068 -0.001783 -0.002212 0.342362 0.722674 -0.471394 -0.371913
1540823060.696816 -0.003275 -0.003581 -0.003465 -0.502923 -0.494337 0.334211 0.625302
1540823060.828045 -0.004533 -0.006249 -0.003942 -0.606468 -0.319848 0.233120 0.689600
1540823060.959319 -0.006019 -0.007443 -0.003584 0.694377 0.169653 -0.189173 -0.673255
1540823061.090600 0.002936 0.003191 0.009740 -0.522139 -0.235350 0.229347 0.787007
1540823061.156236 0.004900 0.009345 0.005128 0.665358 0.359574 -0.126336 -0.641907
1540823061.353118 0.005171 0.007886 0.002750 -0.610442 -0.271675 0.270208 0.693210
1540823061.615556 0.004537 0.007583 0.002731 -0.627044 -0.142344 0.234437 0.729104
1540823061.746786 0.004847 0.008363 0.004589 0.703981 0.102062 -0.148218 -0.687041
1540823061.812398 0.004257 0.007497 0.003324 -0.594023 -0.111185 0.310358 0.733793
1540823061.877994 0.003713 0.007226 0.003160 -0.659584 -0.027657 0.192007 0.726166
1540823062.009099 2.140193 1.757089 -0.736732 0.355695 0.603071 -0.567927 -0.432718
1540823062.140025 2.604705 1.902952 -0.855698 0.544363 0.460836 -0.460535 -0.528400
1540823062.336000 3.369118 2.161882 -1.032449 0.746008 0.183476 -0.251287 -0.588781
1540823062.531023 4.131237 2.500919 -1.220630 0.820694 -0.110170 0.020602 -0.560268
1540823062.595684 4.396550 2.646017 -1.295651 0.816445 -0.211335 0.107387 -0.526519
1540823062.788626 5.225713 3.179124 -1.549476 0.712764 -0.481728 0.343740 -0.376495
1540823062.980319 6.199326 3.823050 -1.853745 -0.507337 0.667252 -0.518572 0.168721
1540823063.107536 6.932416 4.245154 -2.083496 -0.328301 0.735312 -0.592623 0.018232
1540823063.234276 7.679541 4.624672 -2.332409 -0.144226 0.755490 -0.620045 -0.154846
1540823063.297454 8.040565 4.806354 -2.472279 -0.068601 0.749406 -0.619350 -0.223808
1540823063.423479 8.821470 5.153522 -2.724381 0.120225 0.707093 -0.596819 -0.359683
1540823063.549357 9.641081 5.448860 -2.981927 0.288525 0.624583 -0.557053 -0.465125
1540823063.612319 10.067357 5.571144 -3.112783 0.366285 0.575317 -0.528095 -0.505926
1540823063.675314 10.520673 5.671256 -3.246253 -0.455042 -0.508502 0.484354 0.547507
1540823063.801394 11.433696 5.857969 -3.514250 0.607443 0.350719 -0.378940 -0.603667
1540823063.927519 12.365905 6.073895 -3.791805 0.737736 0.176852 -0.242397 -0.604742
1540823064.116886 13.842233 6.505469 -4.222016 0.835191 -0.122250 0.027871 -0.535476
1540823064.307182 15.384973 7.157889 -4.710016 0.794498 -0.366548 0.262550 -0.406796
1540823064.370857 15.929798 7.428815 -4.894235 0.760237 -0.426673 0.323603 -0.367793
1540823064.562141 17.707762 8.330511 -5.496783 0.605078 -0.599131 0.478452 -0.214491
1540823064.752945 19.610576 9.311582 -6.118221 -0.389975 0.720421 -0.573336 0.014069
1540823064.879496 20.943207 9.976689 -6.533556 -0.189426 0.757240 -0.604601 -0.158629
1540823065.005755 22.341640 10.610708 -6.964047 0.024726 0.741196 -0.585325 -0.327738
1540823065.068838 23.044675 10.905686 -7.184199 0.124961 0.713237 -0.562746 -0.398740
1540823065.195118 24.468085 11.425468 -7.643546 0.319806 0.621035 -0.501314 -0.510611
1540823065.321787 25.878195 11.877406 -8.102143 -0.463158 -0.493041 0.441216 0.589682
1540823065.448641 27.299501 12.296691 -8.558994 -0.584247 -0.347933 0.356558 0.640676
1540823065.575367 28.759918 12.693413 -9.035352 0.695529 0.185744 -0.242080 -0.650489
1540823065.701856 30.251618 13.089497 -9.515390 0.791020 -0.037905 -0.115551 -0.599582
1540823065.765180 31.006724 13.304726 -9.739794 0.820537 -0.127661 -0.038179 -0.555845
1540823065.828620 31.774197 13.540020 -9.955697 0.830168 -0.217108 0.042720 -0.511722
1540823065.892146 32.558798 13.796067 -10.169140 0.821942 -0.303486 0.124745 -0.465560
1540823066.019357 34.189333 14.365712 -10.609790 0.781162 -0.439617 0.278127 -0.345207
1540823066.146619 35.896180 14.994058 -11.102532 0.702603 -0.528952 0.428492 -0.207253
1540823066.273515 37.654842 15.658831 -11.683730 -0.570912 0.598537 -0.557517 0.070628
1540823066.399637 39.462502 16.335746 -12.346618 -0.378385 0.682346 -0.622606 -0.059913
1540823066.462503 40.397547 16.678269 -12.685227 -0.264684 0.712299 -0.641302 -0.106327
1540823066.588316 42.344513 17.360064 -13.338853 -0.041834 0.722705 -0.653808 -0.220188
1540823066.714573 44.373998 18.026083 -13.946028 0.157055 0.681422 -0.624538 -0.347779
1540823066.841181 46.448523 18.674972 -14.524070 0.317614 0.601224 -0.551340 -0.483399
1540823066.967731 48.532870 19.309913 -15.128422 -0.472708 -0.479518 0.435431 0.597502
1540823067.093849 50.580688 19.938332 -15.768065 -0.606349 -0.318228 0.344510 0.642172
1540823067.156753 51.588020 20.243874 -16.089968 0.658645 0.239289 -0.313391 -0.640869
1540823067.282249 53.607898 20.841813 -16.731157 0.742534 0.075071 -0.242444 -0.619862
1540823067.407114 55.665002 21.452114 -17.375867 0.816395 -0.113727 -0.133213 -0.550291
1540823067.469282 56.717565 21.768481 -17.698449 0.840941 -0.209871 -0.058398 -0.495340
1540823067.531327 57.793102 22.094607 -18.023996 0.852726 -0.301119 0.029454 -0.425814
1540823067.655330 60.032156 22.786076 -18.700926 0.824195 -0.454978 0.220371 -0.255215
1540823067.779723 62.414236 23.537237 -19.438664 0.725015 -0.552961 0.404211 -0.072115
1540823067.904819 64.963948 24.349098 -20.270191 -0.582861 0.589244 -0.553947 -0.078792
1540823068.030426 67.673115 25.205530 -21.211476 0.425889 -0.593164 0.658568 0.181832
1540823068.155933 70.491519 26.095387 -22.232136 0.238990 -0.592571 0.725774 0.254943
1540823068.218515 71.930760 26.556199 -22.759552 0.134830 -0.587478 0.744440 0.287226
1540823068.343268 74.859771 27.513794 -23.836547 -0.085520 -0.572324 0.735581 0.352210
1540823068.467435 77.817738 28.533169 -24.922732 -0.334841 -0.513946 0.666135 0.424270
1540823068.591378 80.786457 29.596314 -26.006365 0.583364 0.399097 -0.541241 -0.455485
1540823068.715863 83.759011 30.682459 -27.050408 0.741618 0.260816 -0.396263 -0.474293
1540823068.841155 86.730839 31.834278 -28.086430 0.836908 0.128058 -0.254796 -0.467189
1540823068.903977 88.226967 32.448778 -28.613450 0.871968 0.066319 -0.171148 -0.453852
1540823069.029634 91.261363 33.750766 -29.694385 0.909890 -0.059841 0.016191 -0.410191
1540823069.154894 94.344285 35.134305 -30.815403 0.897790 -0.173724 0.229102 -0.333625
1540823069.279642 97.459797 36.587232 -31.998530 0.819213 -0.296520 0.429683 -0.237358
1540823069.404104 100.607757 38.127706 -33.269852 0.678882 -0.430145 0.574642 -0.154533
1540823069.528532 103.816563 39.764263 -34.606121 0.488519 -0.547927 0.675240 -0.071943
1540823069.590807 105.448134 40.612416 -35.285355 0.372553 -0.599530 0.707624 -0.032205
1540823069.715728 108.780534 42.354827 -36.640692 0.140419 -0.668770 0.728842 0.042639
1540823069.841418 112.185156 44.133682 -37.970223 -0.082409 -0.681636 0.715679 0.128002
1540823069.967718 115.613527 45.923922 -39.271981 0.269825 0.669849 -0.651976 -0.231138
1540823070.094211 119.018621 47.733879 -40.553955 0.424857 0.632770 -0.538354 -0.359546
1540823070.220283 122.375939 49.558119 -41.846491 0.571402 0.546267 -0.385597 -0.475822
1540823070.283060 124.034818 50.472005 -42.504465 0.635290 0.485183 -0.304778 -0.517798
1540823070.408170 127.307776 52.299402 -43.853000 0.740856 0.330936 -0.146990 -0.565692
1540823070.532896 130.519597 54.144950 -45.240016 0.811124 0.132111 -0.008579 -0.569694
1540823070.595194 132.108071 55.083135 -45.940033 0.829842 0.023953 0.055703 -0.554694
1540823070.657500 133.690936 56.036154 -46.638703 0.833799 -0.087867 0.118595 -0.531972
1540823070.782392 136.866578 58.000138 -48.025027 0.797994 -0.282490 0.256530 -0.466474
1540823070.907838 140.103468 60.036396 -49.415506 0.712791 -0.443369 0.401169 -0.366628
1540823071.033725 143.417681 62.133875 -50.829339 0.585288 -0.580195 0.508566 -0.249343
1540823071.159978 146.792588 64.280158 -52.255833 -0.417852 0.692188 -0.579936 0.099746
1540823071.223218 148.506267 65.371658 -52.968948 -0.319655 0.732931 -0.600443 0.010104
1540823071.286543 150.236292 66.466971 -53.681614 -0.209234 0.763949 -0.604668 -0.083545
1540823071.349988 151.988114 67.559033 -54.390108 -0.098082 0.772878 -0.599784 -0.182480
1540823071.413600 153.762687 68.639972 -55.094782 0.007785 0.759108 -0.590127 -0.274670
1540823071.477420 155.556503 69.705312 -55.799083 0.103450 0.730815 -0.571460 -0.358664
1540823071.541457 157.366167 70.754134 -56.502988 0.184485 0.688577 -0.544535 -0.441938
1540823071.605681 159.184375 71.785150 -57.208473 0.253457 0.633355 -0.515265 -0.518770
1540823071.734324 162.815064 73.807722 -58.644558 -0.376857 -0.510210 0.446967 0.630781
1540823071.798535 164.623090 74.807186 -59.380744 -0.435488 -0.446489 0.417647 0.660733
1540823071.862585 166.427451 75.798922 -60.126997 -0.490517 -0.375703 0.396765 0.678836
1540823071.926419 168.230411 76.781273 -60.880897 -0.546945 -0.301964 0.378268 0.683068
1540823071.989981 170.033561 77.751238 -61.636674 -0.601965 -0.224472 0.360715 0.676118
1540823072.053223 171.840105 78.709256 -62.389817 -0.655289 -0.147528 0.340016 0.658195
1540823072.116109 173.655415 79.659131 -63.139045 0.706081 0.066939 -0.302345 -0.636833
1540823072.178627 175.483355 80.603296 -63.886561 0.752278 -0.021291 -0.248990 -0.609613
1540823072.240818 177.326175 81.543991 -64.636037 0.792207 -0.117686 -0.179355 -0.571306
1540823072.302752 179.183566 82.483795 -65.388699 0.820680 -0.221671 -0.102218 -0.516622
1540823072.426354 182.962021 84.380569 -66.903837 0.824859 -0.426227 0.069490 -0.364842
1540823072.488299 184.900284 85.348781 -67.671670 0.798994 -0.507147 0.161982 -0.279593
1540823072.550482 186.881709 86.332740 -68.454894 0.760026 -0.569939 0.249552 -0.187759
1540823072.612957 188.912219 87.331273 -69.259651 0.710966 -0.614490 0.328822 -0.093843
1540823072.675767 190.995293 88.342941 -70.091045 0.653761 -0.643683 0.397793 -0.005370
1540823072.738903 193.133965 89.364292 -70.950968 -0.588128 0.661032 -0.460681 -0.070101
1540823072.802319 195.326557 90.392729 -71.840361 -0.523569 0.665289 -0.515189 -0.133593
1540823072.865926 197.566102 91.425534 -72.759092 -0.457649 0.665664 -0.556193 -0.195190
1540823072.929594 199.846238 92.460227 -73.704537 -0.389273 0.657817 -0.593221 -0.252649
1540823072.993190 202.155501 93.495028 -74.671672 -0.314571 0.650388 -0.625840 -0.293881
1540823073.119829 206.835783 95.569135 -76.655614 0.137422 -0.626236 0.666842 0.379822
1540823073.182810 209.197721 96.610439 -77.661576 0.038610 -0.609639 0.671209 0.419913
1540823073.245570 211.572028 97.656660 -78.673586 -0.067488 -0.585483 0.665365 0.458196
1540823073.308128 213.955111 98.709221 -79.687569 -0.178876 -0.555802 0.642266 0.496571
1540823073.370551 216.348375 99.765536 -80.700707 -0.298303 -0.504830 0.609827 0.533172
1540823073.432929 218.750997 100.826918 -81.711576 -0.402085 -0.452157 0.565327 0.560614
1540823073.495344 221.160452 101.891403 -82.720138 -0.495202 -0.391972 0.513440 0.580959
1540823073.557852 223.575222 102.961535 -83.727744 -0.581750 -0.320721 0.453135 0.594452
1540823073.620484 225.994401 104.040803 -84.733463 0.650623 0.247111 -0.388695 -0.603773
1540823073.683272 228.420434 105.132069 -85.739701 0.705747 0.172248 -0.322088 -0.607051
1540823073.809249 233.300660 107.359373 -87.763300 0.788785 0.016624 -0.189568 -0.584471
1540823073.872357 235.757325 108.497561 -88.781409 0.816069 -0.063255 -0.123995 -0.560942
1540823073.935500 238.226850 109.653002 -89.804907 0.835679 -0.144469 -0.055683 -0.526943
1540823073.998660 240.711458 110.825262 -90.834689 0.845443 -0.224289 0.014819 -0.484459
1540823074.061839 243.214191 112.014222 -91.871428 0.841691 -0.303972 0.083862 -0.438321
1540823074.125051 245.737899 113.219179 -92.917686 0.827588 -0.380339 0.148887 -0.385062
1540823074.188309 248.286420 114.439254 -93.975310 0.802469 -0.453493 0.211460 -0.325072
1540823074.251625 250.863363 115.672270 -95.044553 0.764627 -0.522558 0.274668 -0.258529
1540823074.315001 253.471312 116.916432 -96.126187 0.714041 -0.584923 0.338048 -0.183669
1540823074.378445 256.111351 118.168382 -97.221150 0.654982 -0.636357 0.392533 -0.109389
1540823074.441968 258.785066 119.426500 -98.330878 -0.586490 0.678256 -0.441574 0.031795
1540823074.505582 261.494314 120.687291 -99.456110 -0.504359 0.712511 -0.485645 -0.045814
1540823074.569296 264.238147 121.947050 -100.597119 -0.414183 0.738203 -0.518675 -0.120356
1540823074.697061 269.831082 124.451408 -102.918951 -0.224679 0.748718 -0.563895 -0.266389
1540823074.825271 275.549703 126.916669 -105.288206 -0.026081 0.714205 -0.571300 -0.403542
1540823074.953912 281.372765 129.332515 -107.695597 0.167444 0.637888 -0.550073 -0.512329
1540823075.082984 287.278370 131.696358 -110.131632 -0.349414 -0.526600 0.497217 0.594456
1540823075.147662 290.252248 132.860717 -111.356606 -0.433748 -0.461078 0.458914 0.623432
1540823075.212422 293.236877 134.017450 -112.584926 -0.515464 -0.385900 0.416761 0.641629
1540823075.342152 299.231136 136.317110 -115.043095 0.654849 0.217683 -0.309773 -0.654085
1540823075.472159 305.254116 138.623365 -117.503678 0.753852 0.034797 -0.185128 -0.629464
1540823075.602439 311.314422 140.965002 -119.967768 0.807461 -0.146228 -0.045463 -0.569700
1540823075.732904 317.422856 143.362836 -122.446135 0.811568 -0.319348 0.099381 -0.479058
1540823075.798186 320.502134 144.585596 -123.694634 0.797287 -0.398750 0.169398 -0.420280
1540823075.863496 323.603548 145.824485 -124.951395 0.772857 -0.470695 0.233574 -0.355783
1540823075.928828 326.730151 147.077176 -126.216725 0.733835 -0.538641 0.298105 -0.287204
1540823076.059517 333.066575 149.617006 -128.782405 -0.625251 0.648678 -0.412164 0.135646
1540823076.190203 339.523952 152.179359 -131.397273 -0.478976 0.719468 -0.502356 -0.024222
1540823076.320852 346.104246 154.734612 -134.062233 -0.300024 0.748338 -0.561557 -0.186090
1540823076.451430 352.793913 157.253780 -136.769055 -0.104614 0.731016 -0.587320 -0.331251
1540823076.581936 359.571723 159.720043 -139.507979 0.097226 0.670532 -0.576609 -0.456570
1540823076.647173 362.986074 160.931831 -140.885989 0.195284 0.626331 -0.557041 -0.509194
1540823076.777600 369.849636 163.315372 -143.649831 -0.380582 -0.511636 0.498312 0.587427
1540823076.908024 376.744944 165.663139 -146.417748 -0.544803 -0.365201 0.408907 0.634517
1540823077.038431 383.658598 167.999165 -149.184014 0.678093 0.195655 -0.295394 -0.643934
1540823077.168811 390.589280 170.352160 -151.948630 0.771160 0.014380 -0.163990 -0.614990
1540823077.233961 394.063027 171.543184 -153.331565 0.800531 -0.076727 -0.093758 -0.586917
1540823077.299041 397.542120 172.744912 -154.715553 0.819207 -0.173645 -0.019415 -0.546233
1540823077.364024 401.030705 173.961869 -156.102129 0.824145 -0.264291 0.054496 -0.497961
1540823077.428898 404.529030 175.193077 -157.491902 0.815963 -0.349880 0.125882 -0.442655
1540823077.493679 408.042670 176.438432 -158.887437 0.795028 -0.429738 0.196395 -0.380375
1540823077.558400 411.575934 177.697606 -160.290624 0.761461 -0.503715 0.262986 -0.311908
1540823077.623104 415.135345 178.969240 -161.704680 0.715131 -0.570660 0.326960 -0.236712
1540823077.687814 418.723461 180.250726 -163.130661 0.659920 -0.625916 0.383009 -0.161367
1540823077.752518 422.341648 181.538424 -164.569031 -0.594636 0.671582 -0.434204 0.082784
1540823077.817224 425.990774 182.829720 -166.020576 -0.520274 0.707377 -0.478457 0.003492
1540823077.881965 429.673810 184.121103 -167.486321 -0.434561 0.732542 -0.517897 -0.079510
1540823077.946790 433.390850 185.409293 -168.965836 -0.339346 0.746944 -0.549164 -0.159181
1540823078.011697 437.139326 186.690416 -170.456962 -0.246498 0.751526 -0.567547 -0.228773
1540823078.141907 444.735420 189.225274 -173.476609 -0.044883 0.726775 -0.580393 -0.364592
1540823078.207165 448.570196 190.472563 -174.998493 0.058480 0.701748 -0.571386 -0.421482
1540823078.272479 452.420606 191.704681 -176.524822 0.151930 0.673837 -0.552089 -0.466968
1540823078.337895 456.282665 192.918059 -178.057451 0.228070 0.662788 -0.523787 -0.484090
1540823078.403351 460.158221 194.108980 -179.602441 0.282304 0.657688 -0.493919 -0.493755
1540823078.468753 464.063279 195.239163 -181.201574 0.305304 0.664882 -0.438218 -0.522193
1540823078.534046 467.955662 196.369477 -182.768072 0.371391 0.623426 -0.417381 -0.546993
1540823078.599197 471.849634 197.482048 -184.334811 0.403327 0.598835 -0.406149 -0.560149
1540823078.664209 475.740427 198.574968 -185.902749 0.433130 0.585213 -0.389622 -0.564020
1540823078.729090 479.623846 199.646860 -187.468907 -0.463589 -0.564667 0.378873 0.568059
1540823078.858377 487.370509 201.739967 -190.595936 -0.518749 -0.525481 0.352836 0.574696
1540823078.922775 491.218711 202.766450 -192.153128 -0.559116 -0.492784 0.332035 0.578192
1540823078.987030 495.094235 203.787627 -193.712011 0.479788 0.602994 -0.400335 -0.495917
1540823079.051157 498.965341 204.782392 -195.268605 0.444131 0.629007 -0.446470 -0.455809
1540823079.115200 502.843633 205.761535 -196.822872 0.394159 0.665526 -0.484136 -0.409056
1540823079.179178 506.685929 206.727081 -198.376386 0.429731 0.644806 -0.473828 -0.418382
1540823079.306966 514.337807 208.635474 -201.477903 0.497260 0.600788 -0.451723 -0.433282
1540823079.434605 521.944179 210.526812 -204.574196 0.559864 0.553573 -0.427533 -0.444212
1540823079.562147 529.502676 212.417216 -207.667060 0.618487 0.502173 -0.400869 -0.452327
1540823079.689603 537.011050 214.322897 -210.758741 0.674225 0.446319 -0.369716 -0.457744
1540823079.816963 544.468261 216.260122 -213.851464 0.725056 0.387288 -0.335917 -0.459850
1540823079.880607 548.178238 217.245461 -215.399278 0.748339 0.356783 -0.318299 -0.459761
1540823080.007849 555.565664 219.259481 -218.501033 0.790898 0.294072 -0.281530 -0.456884
1540823080.135043 562.915374 221.343426 -221.615272 0.827958 0.229272 -0.242530 -0.450665
1540823080.325695 573.884826 224.626045 -226.320301 0.871105 0.132179 -0.186237 -0.434765
1540823080.452736 581.178484 226.934699 -229.488522 0.892551 0.067889 -0.149680 -0.419928
1540823080.516237 584.823902 228.128067 -231.084405 0.900986 0.036505 -0.133347 -0.411229
1540823080.579722 588.470381 229.348169 -232.689372 0.907939 0.006839 -0.120208 -0.401436
1540823080.706664 595.773864 231.875501 -235.929733 0.918559 -0.057977 -0.084348 -0.381802
1540823080.833590 603.105217 234.519998 -239.217166 0.923444 -0.123986 -0.046211 -0.360200
1540823081.023937 614.190079 238.709150 -244.248917 0.918819 -0.224564 0.017886 -0.324072
1540823081.150820 621.661062 241.645419 -247.680583 0.906297 -0.293396 0.063472 -0.297518
1540823081.214257 625.427406 243.154082 -249.420487 0.897358 -0.326942 0.087007 -0.283349
1540823081.277689 629.216297 244.688823 -251.178333 0.885586 -0.362487 0.113387 -0.267365
1540823081.404574 636.873063 247.829249 -254.745041 0.858661 -0.426503 0.159549 -0.235243
1540823081.531514 644.644741 251.055965 -258.384291 0.824508 -0.487091 0.205533 -0.201704
1540823081.594996 648.575992 252.697204 -260.231796 0.802164 -0.517994 0.233349 -0.183748
1540823081.658483 652.539308 254.353900 -262.096897 0.777672 -0.547851 0.260527 -0.164961
1540823081.785488 660.565803 257.705394 -265.879279 0.727202 -0.601166 0.306247 -0.126449
1540823081.912534 668.729084 261.094766 -269.731191 0.671349 -0.648739 0.347719 -0.086714
1540823082.039599 677.030128 264.504922 -273.650186 -0.609253 0.690418 -0.387474 0.044701
1540823082.166679 685.471342 267.919954 -277.635622 -0.537863 0.722803 -0.433840 -0.006439
1540823082.293751 694.041919 271.325004 -281.676780 -0.462668 0.746883 -0.474304 -0.056034
1540823082.357278 698.375043 273.019416 -283.717079 -0.420955 0.753821 -0.497414 -0.084445
1540823082.484338 707.123239 276.389201 -287.827216 -0.341637 0.767664 -0.526884 -0.127946
1540823082.611375 715.976425 279.720606 -291.973802 -0.259535 0.775298 -0.550594 -0.168524
1540823082.738382 724.920817 283.006937 -296.148806 -0.179712 0.779758 -0.565090 -0.200885
1540823082.865377 733.944429 286.241018 -300.346379 -0.105037 0.780727 -0.573138 -0.225710
1540823082.992324 743.039033 289.421589 -304.560764 -0.078880 0.791891 -0.572232 -0.198082
1540823083.055784 747.710979 291.098314 -306.674733 -0.122346 0.781128 -0.596156 -0.139526
1540823083.119232 752.332161 292.696544 -308.789917 -0.155403 0.787821 -0.590377 -0.081509
1540823083.182668 757.046759 294.343761 -310.922405 -0.194379 0.773630 -0.600070 -0.060247
1540823083.246091 761.720896 295.939648 -313.044767 -0.192597 0.776162 -0.599987 -0.022238
1540823083.309507 766.393712 297.526060 -315.162333 -0.187044 0.773784 -0.604964 -0.017094
1540823083.436324 775.786887 300.683936 -319.399988 -0.145092 0.766060 -0.624689 -0.043185
1540823083.499712 780.491369 302.245833 -321.514170 -0.126322 0.763362 -0.631689 -0.047852
1540823083.563066 785.206651 303.799139 -323.624365 -0.106287 0.765018 -0.633369 -0.047891
1540823083.626375 789.923289 305.340192 -325.728494 -0.087346 0.764201 -0.636839 -0.052944
1540823083.689642 794.644030 306.871118 -327.828069 -0.065901 0.762056 -0.641748 -0.055573
1540823083.752857 799.366767 308.392693 -329.922920 -0.046115 0.761064 -0.644279 -0.059665
1540823083.816022 804.090711 309.905208 -332.012631 -0.025480 0.759395 -0.646828 -0.065451
1540823083.879136 808.815275 311.409143 -334.096715 -0.007541 0.758433 -0.648173 -0.067783
1540823083.942195 813.537767 312.904623 -336.174910 0.013767 0.756969 -0.649471 -0.070676
1540823084.005170 818.255644 314.390725 -338.246627 0.033416 0.754747 -0.650996 -0.073784
1540823084.130744 827.662936 317.334523 -342.368381 0.073734 0.748116 -0.654571 -0.080144
1540823084.193289 832.347211 318.791262 -344.415893 0.086155 0.743786 -0.658277 -0.077661
1540823084.255646 837.016177 320.238040 -346.453119 0.095590 0.740421 -0.661553 -0.070621
1540823084.317811 841.667134 321.675520 -348.480507 0.104651 0.737913 -0.663681 -0.063718
1540823084.379757 846.297725 323.103840 -350.496813 0.114404 0.736431 -0.664563 -0.054195
1540823084.441435 850.903140 324.522469 -352.500740 0.122257 0.735404 -0.665058 -0.043961
1540823084.502885 855.485154 325.933154 -354.494225 0.130832 0.738511 -0.660709 -0.030781
1540823084.563913 860.028282 327.330320 -356.470713 0.136238 0.740959 -0.657334 -0.018190
1540823084.624581 864.535893 328.715006 -358.430901 0.137771 0.740301 -0.657978 -0.006215
1540823084.684873 869.005701 330.087438 -360.374683 0.140837 0.737698 -0.660260 0.004931
1540823084.744787 873.437155 331.448057 -362.303271 0.147608 0.736697 -0.659692 0.017202
1540823084.804338 877.831684 332.797185 -364.217347 0.154782 0.737021 -0.657069 0.033204
1540823084.863554 882.190144 334.135953 -366.118506 0.163982 0.739058 -0.651178 0.053576
1540823084.922471 886.512705 335.464735 -368.007910 0.174354 0.741271 -0.644025 0.073146
1540823084.981147 890.801735 336.784404 -369.887432 0.183854 0.741894 -0.638813 0.087798
1540823085.039589 895.057692 338.094847 -371.758444 0.192056 0.742614 -0.633739 0.100074
1540823085.155891 903.476501 340.690329 -375.483576 0.211796 0.747121 -0.617780 0.123692
1540823085.213887 907.646354 341.977473 -377.342255 0.220672 0.748097 -0.612134 0.130180
1540823085.271821 911.792815 343.257711 -379.200590 0.228653 0.747411 -0.608779 0.135949
1540823085.329717 915.918131 344.531951 -381.060445 0.236393 0.747292 -0.604037 0.144266
1540823085.387580 920.022046 345.800201 -382.922576 0.242720 0.747677 -0.599040 0.152373
1540823085.445399 924.102075 347.062439 -384.787050 0.246502 0.747638 -0.595897 0.158682
1540823085.560855 932.188964 349.566531 -388.522869 0.243291 0.746446 -0.599092 0.157216
1540823085.675930 940.174760 352.042470 -392.265349 0.229147 0.744356 -0.607389 0.156539
1540823085.790484 948.057147 354.489727 -396.012399 0.217730 0.743004 -0.613152 0.156790
1540823085.904442 955.835382 356.908217 -399.759524 0.206560 0.736910 -0.622565 0.163430
1540823085.961196 959.686660 358.107201 -401.633458 0.198105 0.733123 -0.629552 0.164163
1540823086.017791 963.513180 359.300131 -403.508233 0.188475 0.729601 -0.636723 0.163536
1540823086.074216 967.315485 360.487190 -405.383437 0.178789 0.725990 -0.643584 0.163621
1540823086.186551 974.851389 362.844002 -409.133553 0.160678 0.716060 -0.656385 0.174928
1540823086.298318 982.300780 365.183017 -412.883910 0.135043 0.700302 -0.677172 0.181048
1540823086.409634 989.676631 367.511783 -416.635853 -0.103844 -0.680863 0.700503 -0.186919
1540823086.520691 996.995744 369.841951 -420.393910 -0.078484 -0.668152 0.710462 -0.206536
1540823086.631726 1004.269763 372.179560 -424.161320 -0.060143 -0.653300 0.720023 -0.226162
1540823086.687285 1007.892632 373.353290 -426.050440 -0.053760 -0.646956 0.723092 -0.235998
1540823086.798539 1015.112404 375.712761 -429.840255 -0.051126 -0.633604 0.726589 -0.260770
1540823086.910002 1022.294478 378.089670 -433.646622 -0.036209 -0.620627 0.734479 -0.272125
1540823087.021664 1029.437115 380.486898 -437.469364 -0.012668 -0.606721 0.748102 -0.268463
1540823087.133521 1036.545055 382.910326 -441.305976 0.006396 -0.590571 0.760063 -0.271088
1540823087.189543 1040.086410 384.134643 -443.228009 0.012585 -0.580855 0.764692 -0.278737
1540823087.245641 1043.619371 385.368499 -445.152308 0.017457 -0.569083 0.770090 -0.287753
1540823087.301813 1047.142648 386.612576 -447.078309 0.021975 -0.554827 0.777204 -0.296035
1540823087.358050 1050.654944 387.867383 -449.006666 0.025048 -0.538777 0.785588 -0.303222
1540823087.414336 1054.155344 389.133642 -450.937510 0.026331 -0.522250 0.793625 -0.310998
1540823087.470636 1057.639607 390.411840 -452.870024 0.027744 -0.504348 0.802871 -0.316640
1540823087.526924 1061.107490 391.702490 -454.803795 0.029590 -0.486309 0.811409 -0.322868
1540823087.639422 1067.983997 394.322920 -458.672148 0.036263 -0.445529 0.830434 -0.332518
1540823087.695626 1071.391526 395.654554 -460.610193 0.036287 -0.423865 0.841279 -0.333573
1540823087.751810 1074.779164 397.003415 -462.551954 0.036964 -0.403742 0.851415 -0.332743
1540823087.807982 1078.146836 398.370348 -464.499356 0.035723 -0.387655 0.857963 -0.335181
1540823087.864146 1081.493796 399.756336 -466.452891 0.033420 -0.375027 0.863320 -0.336031
1540823087.976530 1088.129922 402.590210 -470.382046 0.030554 -0.353539 0.869133 -0.344507
1540823088.032819 1091.421283 404.037977 -472.360940 0.025576 -0.344447 0.872448 -0.345742
1540823088.089241 1094.700886 405.510893 -474.353585 0.017390 -0.337992 0.872363 -0.352762
1540823088.145852 1097.967895 407.012265 -476.365125 0.004793 -0.339404 0.867767 -0.362992
1540823088.202674 1101.222930 408.538615 -478.393606 -0.012921 -0.338591 0.863090 -0.374519
1540823088.259705 1104.464774 410.090636 -480.440830 -0.036559 -0.336007 0.852910 -0.397878
1540823088.316905 1107.690058 411.670178 -482.506569 -0.058190 -0.332169 0.839338 -0.426368
1540823088.374252 1110.894156 413.271432 -484.592995 -0.078166 -0.330916 0.819566 -0.461190
1540823088.431730 1114.073803 414.891499 -486.699959 -0.098098 -0.329815 0.797161 -0.496118
1540823088.489331 1117.223446 416.526678 -488.828099 -0.119983 -0.329334 0.777861 -0.521609
1540823088.547036 1120.340711 418.174947 -490.978248 -0.139879 -0.327789 0.762109 -0.540535
1540823088.604830 1123.423772 419.835184 -493.152241 -0.155162 -0.326672 0.751036 -0.552409
1540823088.662700 1126.470843 421.506510 -495.350544 -0.169291 -0.324772 0.741384 -0.562329
1540823088.720628 1129.481449 423.186369 -497.573803 -0.190027 -0.324713 0.728597 -0.572361
1540823088.778602 1132.454757 424.873544 -499.824763 -0.206919 -0.325736 0.719308 -0.577647
1540823088.836600 1135.390267 426.567948 -502.103075 -0.220182 -0.324862 0.714665 -0.578998
1540823088.952651 1141.157160 429.975301 -506.745132 -0.246878 -0.327105 0.703963 -0.580077
1540823089.010699 1143.991012 431.687923 -509.110264 -0.259194 -0.328300 0.699001 -0.580030
1540823089.068773 1146.793654 433.405197 -511.505930 -0.273718 -0.330332 0.692812 -0.579630
1540823089.185066 1152.305682 436.859711 -516.394781 -0.298879 -0.336889 0.686370 -0.571028
1540823089.243338 1155.018353 438.600030 -518.890933 -0.305313 -0.335243 0.687570 -0.567137
1540823089.301759 1157.705058 440.349975 -521.424521 -0.317350 -0.337813 0.685022 -0.562065
1540823089.360355 1160.367457 442.111125 -523.997519 -0.328828 -0.341118 0.680172 -0.559354
1540823089.419153 1163.007333 443.885138 -526.611617 -0.339775 -0.345706 0.672205 -0.559625
1540823089.478176 1165.623941 445.671639 -529.268646 -0.352316 -0.348441 0.662807 -0.561381
1540823089.597035 1170.792269 449.287498 -534.721367 -0.382014 -0.347814 0.643176 -0.565168
1540823089.656935 1173.348764 451.118488 -537.523481 -0.391423 -0.352230 0.631418 -0.569239
1540823089.717195 1175.887867 452.966256 -540.379504 -0.399709 -0.358637 0.617732 -0.574473
1540823089.777865 1178.407197 454.832082 -543.292293 -0.405615 -0.352692 0.612290 -0.579815
1540823089.838993 1180.908035 456.716349 -546.266977 -0.419653 -0.344566 0.603771 -0.583632
1540823089.900592 1183.390374 458.620423 -549.306702 -0.439462 -0.346564 0.586705 -0.585273
1540823089.962643 1185.853332 460.543039 -552.413630 0.460717 0.347441 -0.568386 0.586483
1540823090.025125 1188.294310 462.484101 -555.588822 0.483529 0.348984 -0.548804 0.585853
1540823090.151140 1193.098638 466.415055 -562.139527 0.533278 0.353573 -0.498994 0.584471
1540823090.278163 1197.782791 470.400704 -568.958624 0.588602 0.358322 -0.435967 0.578866
1540823090.405979 1202.346701 474.438240 -576.050382 0.641495 0.351848 -0.358229 0.579965
1540823090.534338 1206.792796 478.522952 -583.424482 0.684514 0.357819 -0.278606 0.570775
1540823090.598622 1208.971505 480.580485 -587.217823 0.703567 0.369109 -0.245155 0.555563
1540823090.727302 1213.242056 484.728081 -595.012185 0.739827 0.385674 -0.168908 0.524768
1540823090.856081 1217.401715 488.925647 -603.086593 0.771759 0.404985 -0.082548 0.483282
1540823090.984889 1221.454396 493.181210 -611.440546 0.800387 0.420288 0.012562 0.427295
1540823091.113563 1225.403789 497.502495 -620.059578 0.822281 0.411384 0.122958 0.373494
1540823091.177780 1227.339586 499.690894 -624.465185 0.831794 0.400383 0.177897 0.340830
1540823091.241872 1229.249941 501.901720 -628.931834 0.837221 0.390602 0.230256 0.305735
1540823091.305786 1231.133754 504.135937 -633.454223 0.839706 0.378334 0.282085 0.268671
1540823091.369444 1232.989716 506.393032 -638.024441 0.840135 0.360645 0.333490 0.229983
1540823091.432776 1234.816768 508.672955 -642.635324 0.836163 0.341281 0.386268 0.187501
1540823091.495731 1236.614142 510.976463 -647.279288 0.828432 0.317816 0.439806 0.138794
1540823091.558265 1238.380882 513.306149 -651.947499 0.818298 0.292301 0.485871 0.094223
1540823091.620338 1240.117923 515.659818 -656.633613 0.801271 0.268804 0.532424 0.047267
1540823091.681968 1241.824238 518.039978 -661.333271 0.779959 0.251522 0.573063 -0.000028
1540823091.743135 1243.499371 520.444083 -666.038077 0.749255 0.237803 0.616223 -0.048336
1540823091.803762 1245.138107 522.867776 -670.738719 0.715180 0.227034 0.654272 -0.094345
1540823091.863764 1246.737873 525.307500 -675.425484 0.679505 0.221827 0.686054 -0.135631
1540823091.923068 1248.296066 527.756758 -680.090697 0.639780 0.216557 0.716170 -0.175742
1540823092.039397 1251.271687 532.660955 -689.324701 0.562000 0.180931 0.764567 -0.258569
1540823092.096486 1252.693820 535.114408 -693.897823 0.521554 0.163603 0.782924 -0.297061
1540823092.152946 1254.072632 537.567751 -698.442724 0.474137 0.143949 0.801563 -0.334618
1540823092.208859 1255.412390 540.020219 -702.969666 0.431786 0.121686 0.813709 -0.369637
1540823092.264305 1256.688078 542.467947 -707.404864 0.288033 0.082250 0.838099 -0.455919
1540823092.319370 1257.930534 544.906108 -711.890866 0.241590 0.059666 0.842721 -0.477383
1540823092.374146 1259.136643 547.349082 -716.379779 0.202094 0.040412 0.843082 -0.496728
1540823092.428722 1260.307275 549.798446 -720.876672 0.161676 0.017492 0.841502 -0.515198
1540823092.483164 1261.441601 552.255509 -725.386106 0.124510 -0.005194 0.838532 -0.530409
1540823092.537524 1262.539050 554.721889 -729.911568 0.093474 -0.026084 0.833418 -0.544056
1540823092.646197 1264.627385 559.688128 -739.028789 0.024377 -0.066375 0.821065 -0.566439
1540823092.700541 1265.617508 562.186602 -743.623849 -0.007125 -0.084839 0.812260 -0.577049
1540823092.809231 1267.488828 567.208819 -752.889593 -0.074490 -0.122221 0.786263 -0.601085
1540823092.863603 1268.369649 569.730060 -757.563685 -0.108289 -0.138137 0.769940 -0.613502
1540823092.918009 1269.215031 572.257594 -762.267882 -0.143412 -0.154619 0.751943 -0.624586
1540823093.081563 1271.542655 579.866637 -776.587089 -0.244048 -0.194290 0.688728 -0.654481
1540823093.300678 1274.205398 590.053442 -796.234492 0.363014 0.235178 -0.588500 0.683066
1540823093.466572 1275.910914 597.731255 -811.512040 0.447781 0.266181 -0.503693 0.689154
1540823093.522310 1276.426541 600.302504 -816.730505 0.475949 0.271860 -0.474060 0.689080
1540823093.690896 1277.821996 608.053581 -832.798776 0.558045 0.280250 -0.374973 0.685158
1540823093.861551 1279.005175 615.867160 -849.534592 0.622629 0.281068 -0.285766 0.672065
1540823094.034113 1280.002586 623.752126 -866.961188 0.651950 0.300629 -0.239507 0.653621
1540823094.092003 1280.294366 626.395551 -872.921333 0.660738 0.305406 -0.221276 0.648992
1540823094.150081 1280.564647 629.047575 -878.960647 0.669378 0.309617 -0.205675 0.643248
1540823094.384795 1281.434298 639.772204 -903.978662 0.693024 0.325958 -0.163193 0.621962
1540823094.444317 1281.595827 642.496600 -910.482993 0.695361 0.332286 -0.160798 0.616607
1540823094.504307 1281.731647 645.244538 -917.103082 0.695999 0.334355 -0.163947 0.613932
1540823094.687318 1281.980788 653.646739 -937.701267 0.691600 0.343604 -0.195997 0.604326
1540823095.000655 1281.774504 668.120845 -974.341273 0.695232 0.335480 -0.233339 0.591320
1540823095.127021 1281.448122 674.000982 -989.598903 0.696685 0.327234 -0.242299 0.590626
1540823095.190101 1281.234808 676.946552 -997.315699 0.697079 0.323991 -0.250201 0.588651
1540823095.378533 1280.399622 685.787213 -1020.749505 0.697780 0.309972 -0.292692 0.575631
1540823095.624458 1278.864114 697.445422 -1052.164210 0.691952 0.303589 -0.362431 0.545601
1540823095.803294 1277.416547 706.031976 -1075.567955 0.687348 0.308139 -0.413332 0.511625
1540823095.862065 1276.879670 708.877646 -1083.356398 0.685424 0.308956 -0.429766 0.500041
1540823096.037264 1275.092054 717.439126 -1106.842158 0.681470 0.289320 -0.456029 0.493892
1540823096.212146 1273.024892 726.118580 -1130.701405 0.687360 0.219890 -0.459539 0.517696
1540823096.387316 1270.686546 734.958544 -1155.057483 0.681811 0.163278 -0.482258 0.525264
1540823096.445873 1269.848299 737.948293 -1163.306130 0.678841 0.149769 -0.492260 0.523856
1540823096.504595 1268.980674 740.964800 -1171.632651 0.676066 0.139539 -0.505303 0.517815
1540823096.681727 1266.199551 750.175587 -1197.070428 0.666122 0.103132 -0.536148 0.508125
1540823096.918680 1262.109791 762.783634 -1231.875787 0.651512 0.026868 -0.563333 0.507412
1540823097.095089 1258.811044 772.396386 -1258.393582 0.630515 -0.002158 -0.607479 0.483131
1540823097.153447 1257.674589 775.621206 -1267.279023 0.622099 -0.012422 -0.621628 0.475833
1540823097.269512 1255.350274 782.104530 -1285.116530 -0.607030 0.040312 0.645895 -0.461205
1540823097.442241 1251.737651 791.937400 -1312.079710 -0.587307 0.090735 0.677513 -0.433375
1540823097.612999 1248.004937 801.889762 -1339.240645 -0.559353 0.139422 0.704992 -0.413125
1540823097.725890 1245.460992 808.593517 -1357.473357 -0.541962 0.162423 0.728610 -0.386037
1540823097.782149 1244.173855 811.971793 -1366.639984 -0.529854 0.174307 0.741324 -0.373244
1540823097.894536 1241.567335 818.796864 -1385.114476 -0.506463 0.197331 0.764488 -0.346576
1540823098.007002 1238.914124 825.727999 -1403.814158 -0.477042 0.228510 0.781418 -0.331058
1540823098.063311 1237.570876 829.236473 -1413.258213 -0.460315 0.247621 0.786076 -0.329968
1540823098.119659 1236.216997 832.771941 -1422.764425 -0.444989 0.264923 0.790293 -0.327473
1540823098.288934 1232.094997 843.536262 -1451.664824 -0.406259 0.307788 0.803175 -0.308431
1540823098.514992 1226.483525 858.236515 -1491.073669 -0.353417 0.364899 0.819360 -0.265695
1540823098.685081 1222.204799 869.531651 -1521.352370 -0.314899 0.416113 0.821647 -0.229314
1540823098.741881 1220.769135 873.344303 -1531.585612 -0.302365 0.429507 0.823083 -0.215949
1540823098.969203 1215.012441 888.798324 -1573.158013 -0.260733 0.464364 0.832045 -0.155194
1540823099.253787 1207.827937 908.566728 -1626.603402 -0.211852 0.497555 0.836323 -0.090118
1540823099.310967 1206.392842 912.592275 -1637.532037 -0.201844 0.503419 0.836198 -0.081247
1540823099.368317 1204.956447 916.647546 -1648.557433 -0.193537 0.506804 0.836516 -0.077033
1540823099.599527 1199.194117 933.167842 -1693.670370 -0.169741 0.523215 0.828717 -0.103259
1540823099.830985 1193.426088 949.949036 -1739.909087 -0.147099 0.554153 0.792732 -0.207007
1540823099.946372 1190.520787 958.380759 -1763.367746 -0.140116 0.565520 0.770193 -0.259535
1540823100.004121 1189.054539 962.610773 -1775.211527 -0.137538 0.569456 0.757943 -0.286924
1540823100.119960 1186.080950 971.110566 -1799.174893 -0.129414 0.576602 0.730383 -0.342524
1540823100.236407 1183.041631 979.662285 -1823.544296 -0.122176 0.582403 0.701484 -0.392174
1540823100.353622 1179.919283 988.262339 -1848.353765 -0.117339 0.583677 0.679688 -0.428458
1540823100.412629 1178.323627 992.585927 -1860.948427 -0.115074 0.582503 0.670175 -0.445324
1540823100.471935 1176.702621 996.926398 -1873.676865 -0.117099 0.581039 0.663277 -0.456885
1540823100.531574 1175.054548 1001.284374 -1886.545083 -0.120485 0.579193 0.656506 -0.467995
1540823100.591576 1173.380332 1005.662636 -1899.559825 -0.124217 0.576629 0.650367 -0.478635
1540823100.651967 1171.679953 1010.062556 -1912.726897 -0.127839 0.572273 0.645096 -0.489910
1540823100.712771 1169.949867 1014.484102 -1926.051897 -0.133676 0.567961 0.639146 -0.501042
1540823100.774056 1168.189822 1018.933165 -1939.551829 -0.142025 0.562959 0.632895 -0.512201
1540823100.835895 1166.395658 1023.413320 -1953.244182 -0.153274 0.556510 0.626797 -0.523382
1540823100.898339 1164.568973 1027.929518 -1967.142020 -0.165237 0.548959 0.622154 -0.533166
1540823100.961406 1162.706773 1032.481443 -1981.250920 -0.178792 0.540574 0.617790 -0.542355
1540823101.025070 1160.809923 1037.067917 -1995.566495 -0.192987 0.531235 0.611526 -0.553699
1540823101.153986 1156.924334 1046.329814 -2024.774096 -0.211310 0.508934 0.591438 -0.588673
1540823101.284696 1152.922789 1055.678561 -2054.682465 0.229277 -0.482740 -0.556590 0.636084
1540823101.417090 1148.802445 1065.088298 -2085.276821 0.244233 -0.450730 -0.501303 0.697057
1540823103.173402 1100.485876 1170.380268 -2513.436422 0.174286 0.152688 0.454427 0.860120
1540823103.405767 1095.424067 1182.640514 -2573.659362 0.136974 0.356728 0.567421 0.729395
1540823103.463279 1094.286748 1185.684397 -2588.730627 0.129639 0.380452 0.584084 0.705193
1540823103.520584 1093.179565 1188.710526 -2603.804564 0.122907 0.402802 0.599176 0.680906
1540823104.025335 1084.318498 1215.323185 -2739.157614 0.182892 0.622246 0.695228 0.309868
1540823104.080126 1083.404118 1218.226038 -2754.145757 0.191689 0.643579 0.695198 0.256440
1540823104.134788 1082.491137 1221.123538 -2769.159831 0.197632 0.663739 0.692336 0.202639
1540823104.462880 1076.820455 1238.557573 -2860.585941 0.181349 0.744318 0.636958 -0.085949
1540823104.683477 1072.665219 1250.203102 -2923.298807 0.143760 0.762253 0.582799 -0.242173
1540823104.738866 1071.566313 1253.100690 -2939.194661 0.129742 0.762773 0.572959 -0.270300
1540823105.073085 1064.476335 1270.264860 -3036.367018 0.041315 0.779604 0.546628 -0.302836
1540823105.302031 1059.220870 1281.638119 -3104.226028 -0.001855 0.794446 0.533698 -0.289859
1540823105.360588 1057.838214 1284.491503 -3121.756011 -0.012516 0.798037 0.532194 -0.282402
1540823105.479556 1054.991128 1290.218855 -3157.591595 -0.026523 0.807485 0.524956 -0.267743
1540823105.600756 1052.048351 1295.957634 -3194.394321 -0.040849 0.818133 0.517538 -0.247272
1540823105.968456 1043.005733 1312.837839 -3307.778460 -0.047368 0.856045 0.495112 -0.140739
1540823106.029020 1041.512092 1315.549309 -3326.685967 -0.046693 0.863211 0.490026 -0.112074
1540823106.447513 1031.300894 1333.770419 -3459.049952 -0.085000 0.885795 0.433558 0.142018
1540823106.627339 1027.067082 1341.281065 -3516.827034 -0.080593 0.882135 0.391675 0.248865
1540823106.687548 1025.680997 1343.742634 -3536.290179 -0.078036 0.878077 0.375498 0.286169
1540823106.988523 1019.011524 1355.555388 -3634.433990 -0.022463 0.846584 0.262955 0.462218
1540823107.048330 1017.736513 1357.790386 -3654.096987 -0.019481 0.831237 0.227418 0.506899
1540823107.226327 1014.014640 1364.188242 -3712.885891 -0.000691 0.776996 0.145710 0.612409
1540823107.519374 1008.050410 1373.859611 -3810.490056 0.078754 0.678724 0.073528 0.726447
1540823107.636186 1005.694324 1377.410530 -3849.680869 0.094563 0.643467 0.040874 0.758510
1540823107.694612 1004.514842 1379.120229 -3869.340261 0.099054 0.625083 0.025619 0.773824
1540823107.870234 1000.946925 1383.999513 -3928.680574 0.107590 0.584586 -0.023894 0.803811
1540823108.046229 997.314990 1388.488904 -3988.499105 0.143548 0.550313 -0.034219 0.821815
1540823108.280638 992.344387 1393.855476 -4068.752142 0.172167 0.485529 -0.079261 0.853427
1540823108.339162 991.074496 1395.093468 -4088.893100 0.173540 0.463610 -0.102237 0.862842
1540823108.514590 987.183776 1398.581210 -4149.509899 0.168157 0.403122 -0.171858 0.882995
1540823108.689628 983.146927 1401.741451 -4210.344865 0.163858 0.366636 -0.228655 0.886818
1540823108.806049 980.360451 1403.673076 -4250.996697 0.166685 0.352648 -0.255891 0.884520
1540823108.922422 977.482983 1405.472510 -4291.779127 0.174069 0.344374 -0.271423 0.881723
1540823108.980653 976.008095 1406.325772 -4312.242173 0.182297 0.349980 -0.271826 0.877720
1540823109.097476 972.973138 1407.943030 -4353.406996 0.190882 0.314386 -0.286727 0.884598
1540823109.214850 969.824425 1409.444804 -4394.930350 0.200327 0.298478 -0.301933 0.882959
1540823109.391394 964.892824 1411.485783 -4457.700568 0.223854 0.269633 -0.280308 0.893652
1540823109.568122 959.740248 1413.275314 -4520.937516 0.254428 0.249231 -0.257261 0.898313
1540823109.627190 957.973910 1413.818913 -4542.168482 0.264524 0.242947 -0.244509 0.900677
1540823109.745892 954.363666 1414.832845 -4584.980093 0.284250 0.227380 -0.208724 0.907708
1540823109.926330 948.747793 1416.176739 -4650.457040 0.327751 0.211590 -0.149628 0.908527
1540823109.987378 946.818281 1416.577449 -4672.725245 0.343698 0.208100 -0.131211 0.906283
1540823110.173979 940.848102 1417.643501 -4741.180180 0.397758 0.206918 -0.031576 0.893295
1540823110.432177 932.509112 1418.792847 -4836.919006 0.476191 0.240613 0.160272 0.830458
1540823110.631524 926.102817 1419.516738 -4911.739175 0.532499 0.270156 0.332119 0.730176
1540823110.698862 923.959540 1419.752197 -4937.207167 0.548491 0.281776 0.390438 0.683607
1540823110.903246 917.533874 1420.540568 -5015.128057 0.580915 0.320949 0.546764 0.510468
1540823111.109785 911.118667 1421.615905 -5094.829048 0.590014 0.361991 0.655182 0.302626
1540823111.314889 904.671851 1423.127202 -5174.867918 0.555259 0.402510 0.722738 0.085568
1540823111.382323 902.501358 1423.731500 -5201.357950 0.529129 0.426650 0.733394 0.011223
1540823111.449078 900.314462 1424.375070 -5227.659823 0.490843 0.457277 0.739740 -0.052499
1540823111.644044 893.669796 1426.464525 -5304.919374 0.357053 0.497053 0.768506 -0.186683
1540823112.073849 877.502768 1431.804824 -5477.573311 0.085488 0.432058 0.799220 -0.408980
1540823112.133663 875.092575 1432.597778 -5501.850087 0.057273 0.417065 0.796707 -0.433630
1540823112.713150 849.971042 1440.185945 -5739.826712 0.107070 -0.247421 -0.523047 0.808542
1540823112.769067 847.373281 1440.839504 -5763.047120 0.122178 -0.232405 -0.484646 0.834373
1540823112.880278 842.128650 1442.057387 -5809.362943 0.144065 -0.199785 -0.403747 0.881090
1540823112.991169 836.811054 1443.142564 -5855.729323 0.167655 -0.172194 -0.318993 0.916779
1540823113.102217 831.421928 1444.085909 -5902.347647 0.186626 -0.141947 -0.235441 0.943180
1540823113.213680 825.974386 1444.878036 -5949.327738 0.205395 -0.108780 -0.183586 0.955131
1540823113.325708 820.473109 1445.518183 -5996.740343 0.223041 -0.074467 -0.140182 0.961799
1540823113.381980 817.703550 1445.783378 -6020.629944 0.229947 -0.062469 -0.115258 0.964333
1540823113.495115 812.131644 1446.199417 -6068.815290 0.245144 -0.046676 -0.084379 0.964679
1540823113.666952 803.670785 1446.559898 -6142.393479 0.268844 -0.029772 -0.091884 0.958329
1540823113.725113 800.807400 1446.617687 -6167.403580 0.276257 -0.023685 -0.102565 0.955302
1540823113.843277 794.983180 1446.644776 -6218.380819 0.289292 -0.015096 -0.130596 0.948170
1540823113.964416 788.993021 1446.554137 -6270.875477 0.306954 -0.012360 -0.169382 0.936449
1540823114.151647 779.660421 1446.192366 -6352.499683 0.349355 -0.014031 -0.256943 0.900963
1540823114.278676 773.239116 1445.810939 -6408.240076 0.385609 -0.020178 -0.336092 0.859035
1540823114.342210 769.990138 1445.588576 -6436.235945 0.403024 -0.021860 -0.382084 0.831327
1540823114.405408 766.728111 1445.352781 -6464.161499 0.419139 -0.026731 -0.429289 0.799574
1540823114.530469 760.165004 1444.869437 -6519.665538 0.455934 -0.049666 -0.527000 0.715491
1540823114.963785 736.328130 1443.869962 -6714.503803 -0.497133 0.242787 0.785305 -0.277866
1540823115.026216 732.813105 1443.910047 -6742.898865 -0.486519 0.296635 0.793752 -0.212754
1540823115.088625 729.304415 1444.002604 -6771.367309 -0.470837 0.343759 0.799185 -0.146447
1540823115.698038 696.569346 1446.944448 -7053.642030 -0.060603 0.554365 0.785338 0.268796
1540823115.758847 693.492120 1447.371464 -7082.266403 -0.023221 0.568400 0.763244 0.306335
1540823116.299207 667.593208 1450.817465 -7340.250732 0.042968 0.586856 0.439345 0.678771
1540823125.765738 667.594184 1450.817710 -7340.250732 0.042968 0.586856 0.439345 0.678771
1540823125.941401 659.697762 1451.514420 -7425.317707 0.031005 0.570591 0.460420 0.679322
1540823125.999804 657.123495 1451.701508 -7453.713726 0.037454 0.570980 0.466792 0.674303
1540823126.174108 649.575613 1452.141063 -7538.789157 0.056148 0.575790 0.470744 0.666118
1540823126.347323 642.268691 1452.406380 -7623.831785 0.084854 0.580889 0.475534 0.655160
1540823126.462141 637.519628 1452.494155 -7680.479036 0.103048 0.582926 0.475219 0.650957
