1540821816.431411 -0.000023 -0.015879 0.000280 -0.655252 -0.017072 -0.014775 0.755073
1540821816.522685 -0.002363 -0.016401 0.000190 -0.654601 0.041816 -0.070659 0.751503
1540821816.750858 -0.000020 -0.015880 0.000277 -0.655191 -0.017090 -0.014709 0.755127
1540821816.796501 -0.002364 -0.016401 0.000192 -0.654646 0.041857 -0.070671 0.751460
1540821817.252941 -0.000020 -0.015880 0.000278 -0.655200 -0.017077 -0.014703 0.755119
1540821817.298591 -0.002362 -0.016402 0.000193 -0.654663 0.041948 -0.070487 0.751458
1540821817.755295 -0.000022 -0.015879 0.000277 -0.655176 -0.017039 -0.014713 0.755141
1540821817.800990 -0.002363 -0.016401 0.000194 -0.654685 0.041898 -0.070635 0.751427
1540821818.258362 -0.000019 -0.015880 0.000274 -0.655111 -0.017010 -0.014575 0.755201
1540821818.304142 -0.002362 -0.016401 0.000193 -0.654665 0.041906 -0.070588 0.751449
1540821818.762343 -0.000019 -0.015879 0.000272 -0.655088 -0.016969 -0.014538 0.755222
1540821818.808206 -0.002364 -0.016401 0.000195 -0.654712 0.041898 -0.070650 0.751402
1540821819.037621 -0.000023 -0.015879 0.000271 -0.655070 -0.016958 -0.014691 0.755235
1540821819.083512 -0.002365 -0.016401 0.000192 -0.654628 0.041968 -0.070640 0.751472
1540821819.542683 -0.000023 -0.015880 0.000271 -0.655075 -0.016933 -0.014661 0.755232
1540821819.588636 -0.002365 -0.016401 0.000195 -0.654706 0.041949 -0.070681 0.751402
1540821820.048338 -0.000021 -0.015879 0.000271 -0.655077 -0.016936 -0.014593 0.755232
1540821820.094292 -0.002366 -0.016401 0.000195 -0.654689 0.041961 -0.070694 0.751415
1540821820.552954 -0.000022 -0.015879 0.000267 -0.655000 -0.016922 -0.014628 0.755298
1540821820.598720 -0.002367 -0.016401 0.000196 -0.654702 0.042029 -0.070675 0.751401
1540821821.055695 -0.000020 -0.015879 0.000268 -0.655022 -0.016934 -0.014541 0.755280
1540821821.101357 -0.002370 -0.016401 0.000195 -0.654671 0.041990 -0.070790 0.751419
1540821821.557773 -0.000022 -0.015880 0.000269 -0.655046 -0.016997 -0.014673 0.755255
1540821821.603412 -0.002366 -0.016402 0.000192 -0.654629 0.041782 -0.070798 0.751467
1540821821.831800 -0.000015 -0.015879 0.000270 -0.655051 -0.017024 -0.014441 0.755255
1540821821.877510 -0.002371 -0.016401 0.000198 -0.654738 0.042035 -0.070796 0.751358
1540821822.334759 -0.000334 -0.015715 0.000193 -0.654713 -0.014204 -0.021294 0.755444
1540821822.380491 -0.001913 -0.016584 0.000237 -0.655740 0.032918 -0.066297 0.751350
1540821822.837874 -0.000376 -0.015643 0.000142 -0.654451 -0.013324 -0.022370 0.755656
1540821822.883608 -0.002066 -0.016539 0.000218 -0.655551 0.033446 -0.069096 0.751239
1540821823.340982 -0.000303 -0.015651 0.000135 -0.654329 -0.013694 -0.021207 0.755789
1540821823.386733 -0.002108 -0.016510 0.000191 -0.655249 0.033240 -0.070315 0.751398
1540821823.752770 -0.001910 -0.016556 0.001733 -0.663537 0.010128 -0.079338 0.743856
1540821823.844270 -0.000268 -0.015654 0.000137 -0.654344 -0.013998 -0.020773 0.755782
1540821823.890016 -0.001612 -0.016769 0.004907 -0.698467 -0.001730 -0.066386 0.712555
1540821823.981504 -0.000823 -0.016356 0.009554 0.750829 0.006993 0.034858 -0.659539
1540821824.072992 0.008896 -0.016451 0.013306 -0.653875 -0.093205 0.104869 0.743481
1540821824.118740 0.010091 -0.017112 0.019449 -0.653300 -0.097380 0.109175 0.742831
1540821824.164499 0.010466 -0.018332 0.028269 -0.648543 -0.108740 0.120123 0.743733
1540821824.347794 0.019297 -0.024891 0.076078 -0.642392 -0.110786 0.129011 0.747272
1540821824.485889 0.026757 -0.029348 0.121035 -0.646447 -0.131143 0.124769 0.741176
1540821824.624664 0.030841 -0.019250 0.156983 -0.643119 -0.146472 0.121888 0.741678
1540821824.671092 0.027684 -0.007140 0.166516 -0.639999 -0.149901 0.120432 0.743927
1540821824.810956 0.007842 0.035716 0.192270 -0.618043 -0.181299 0.133719 0.753175
1540821824.952158 -0.003050 0.050993 0.200206 -0.608941 -0.211921 0.154517 0.748601
1540821825.046899 0.006284 0.032961 0.193120 -0.619692 -0.221532 0.162539 0.735178
1540821825.141760 0.031750 0.000377 0.182413 -0.636090 -0.212474 0.153891 0.725646
1540821825.189134 0.051341 -0.018157 0.176814 -0.648241 -0.208640 0.146661 0.717456
1540821825.236421 0.043246 -0.048630 0.169257 -0.660596 -0.208081 0.140382 0.707536
1540821825.283577 0.048560 -0.068259 0.162951 -0.671751 -0.205331 0.135412 0.698751
1540821825.330571 0.089477 -0.064182 0.161877 -0.679546 -0.198934 0.133240 0.693462
1540821825.377412 0.095966 -0.067805 0.159385 -0.682201 -0.195771 0.132329 0.691928
1540821825.470650 0.094624 -0.049495 0.159215 -0.681002 -0.197128 0.135137 0.692181
1540821825.517112 0.084182 -0.033520 0.158699 -0.676192 -0.202347 0.142549 0.693902
1540821825.563507 0.072556 -0.011566 0.158959 -0.667764 -0.208890 0.153879 0.697694
1540821825.609857 0.058112 0.010699 0.161698 -0.655554 -0.215447 0.167737 0.704057
1540821825.656211 0.050847 0.040335 0.161629 -0.641888 -0.221431 0.183482 0.710833
1540821825.702609 0.097803 0.124233 0.146046 -0.632590 -0.222094 0.195785 0.715662
1540821825.749093 0.029554 0.103511 0.161189 -0.621054 -0.239369 0.212801 0.715339
1540821825.795687 0.022715 0.120015 0.160000 -0.614815 -0.248985 0.224564 0.713849
1540821825.842393 0.009092 0.128641 0.158024 -0.611526 -0.257887 0.234207 0.710406
1540821825.936083 0.024004 0.146620 0.143765 -0.613948 -0.262545 0.242947 0.703644
1540821825.983019 0.039145 0.152517 0.135216 -0.618055 -0.260997 0.243543 0.700411
1540821826.076941 0.061642 0.157482 0.119544 -0.626890 -0.258699 0.240792 0.694337
1540821826.123876 0.073889 0.157230 0.112363 -0.631734 -0.257330 0.237882 0.691452
1540821826.170770 0.120967 0.184740 0.108745 -0.637054 -0.253773 0.235391 0.688732
1540821826.217612 0.135273 0.176369 0.108746 -0.641398 -0.253832 0.235346 0.684682
1540821826.311136 0.149472 0.207209 0.091817 -0.639238 -0.257394 0.232364 0.686389
1540821826.404479 0.187093 0.260830 0.088859 -0.634052 -0.261769 0.229760 0.690409
1540821826.497805 0.222578 0.312913 0.088050 -0.627464 -0.264804 0.230301 0.695075
1540821826.591271 0.232060 0.358854 0.084964 -0.615225 -0.274202 0.238194 0.699697
1540821826.685006 0.214267 0.394908 0.074222 -0.612335 -0.287202 0.245714 0.694396
1540821826.731982 0.270543 0.384279 0.079504 -0.610112 -0.286326 0.254456 0.693565
1540821826.826047 0.233191 0.423283 0.045794 -0.611980 -0.283345 0.268587 0.687791
1540821826.920169 0.214663 0.454540 0.020354 -0.614508 -0.286549 0.282269 0.678671
1540821826.967202 0.203644 0.469655 0.005445 -0.618437 -0.286446 0.290074 0.671819
1540821827.014181 0.208080 0.495662 -0.007974 -0.622249 -0.284873 0.296800 0.666006
1540821827.107959 0.229654 0.573655 -0.025540 -0.623757 -0.278990 0.307800 0.662080
1540821827.201498 0.283832 0.656845 -0.038015 -0.621591 -0.285097 0.303941 0.663298
1540821827.294914 0.324300 0.747096 -0.040197 -0.614867 -0.291723 0.295175 0.670602
1540821827.388349 0.372777 0.838954 -0.042999 -0.603940 -0.298889 0.294428 0.677668
1540821827.482009 0.375950 0.914078 -0.051757 -0.594276 -0.313932 0.299680 0.677108
1540821827.528956 0.365124 0.931583 -0.057164 -0.592627 -0.320964 0.304839 0.672940
1540821827.623018 0.366816 0.993297 -0.082311 -0.590662 -0.323248 0.319861 0.666572
1540821827.717173 0.374508 1.064247 -0.114306 -0.593985 -0.315196 0.339314 0.657798
1540821827.858315 0.377171 1.186686 -0.158326 -0.597926 -0.317042 0.360328 0.641975
1540821827.952200 0.393443 1.288606 -0.173635 -0.594958 -0.322320 0.366953 0.638342
1540821827.999091 0.401747 1.341230 -0.177293 -0.590678 -0.326875 0.369577 0.638487
1540821828.045960 0.410535 1.394777 -0.179222 -0.587018 -0.329862 0.373603 0.637982
1540821828.139686 0.431175 1.505736 -0.175285 -0.580389 -0.330316 0.382950 0.638271
1540821828.186600 0.433047 1.553709 -0.164070 -0.576015 -0.333503 0.384357 0.639729
1540821828.233587 0.445612 1.612349 -0.155628 -0.573609 -0.339077 0.383591 0.639420
1540821828.327832 0.462636 1.732644 -0.137831 -0.564956 -0.346419 0.384623 0.642560
1540821828.375117 0.476184 1.796534 -0.130010 -0.563629 -0.350345 0.382514 0.642856
1540821828.422507 0.496702 1.868261 -0.126832 -0.563907 -0.356965 0.378120 0.641568
1540821828.517618 0.523565 2.005774 -0.130781 -0.560666 -0.377243 0.361108 0.642605
1540821828.565283 0.530590 2.072049 -0.139214 -0.555967 -0.386217 0.353485 0.645589
1540821828.660696 0.536201 2.208642 -0.178316 -0.547014 -0.391568 0.361112 0.645792
1540821828.756197 0.545281 2.349228 -0.242933 -0.555828 -0.392959 0.377001 0.628100
1540821828.851602 0.554079 2.493011 -0.316500 -0.576265 -0.380651 0.398528 0.603489
1540821828.946582 0.563565 2.639748 -0.381346 0.589290 0.359810 -0.430614 -0.581245
1540821829.040991 0.576147 2.792820 -0.425049 0.592460 0.348785 -0.454662 -0.566235
1540821829.088018 0.578681 2.896514 -0.418704 0.593254 0.349006 -0.458884 -0.561845
1540821829.181782 0.546819 3.053512 -0.439684 0.584801 0.362724 -0.454845 -0.565292
1540821829.275280 0.570925 3.206766 -0.414935 -0.570477 -0.381498 0.440266 0.578948
1540821829.322025 0.581766 3.297316 -0.406084 -0.563130 -0.388742 0.432375 0.587210
1540821829.368810 0.611577 3.393760 -0.395896 -0.553192 -0.394332 0.428446 0.595747
1540821829.462624 0.624502 3.583907 -0.399295 -0.536436 -0.402199 0.424821 0.608276
1540821829.509710 0.626319 3.680403 -0.412337 -0.530488 -0.408603 0.425917 0.608457
1540821829.556913 0.499428 3.815558 -0.386362 -0.530305 -0.414743 0.428264 0.602790
1540821829.651550 0.631385 3.978884 -0.495499 -0.535473 -0.420849 0.451887 0.576153
1540821829.698927 0.662704 4.087412 -0.526716 -0.541482 -0.422810 0.462612 0.560374
1540821829.746258 0.675149 4.179577 -0.558163 0.550453 0.421754 -0.468860 -0.547079
1540821829.793523 0.694316 4.273909 -0.588554 0.559319 0.417317 -0.474536 -0.536493
1540821829.840635 0.719017 4.375028 -0.615171 0.569289 0.410916 -0.473912 -0.531475
1540821829.887630 0.748041 4.483227 -0.639245 0.580308 0.404871 -0.468804 -0.528720
1540821829.934493 0.778474 4.598747 -0.659805 0.588419 0.400593 -0.461696 -0.529268
1540821829.981241 0.807407 4.721624 -0.676897 0.595046 0.396686 -0.454167 -0.531313
1540821830.027839 0.833169 4.850025 -0.690490 0.594599 0.399030 -0.444792 -0.537947
1540821830.074332 0.852538 4.981548 -0.699732 0.586197 0.405698 -0.437058 -0.548418
1540821830.167115 0.860269 5.245022 -0.714424 -0.557610 -0.423393 0.437693 0.564122
1540821830.352811 0.791504 5.741580 -0.745423 -0.477200 -0.465632 0.480309 0.569886
1540821830.399480 0.772812 5.852687 -0.763936 -0.457929 -0.477997 0.501221 0.557313
1540821830.446292 0.759543 5.962622 -0.784778 -0.442294 -0.485798 0.523274 0.542734
1540821830.493233 0.753663 6.071465 -0.809926 -0.430692 -0.491420 0.543750 0.526637
1540821830.540336 0.754785 6.183414 -0.837423 -0.426165 -0.495377 0.558178 0.511295
1540821830.587537 0.763980 6.300195 -0.867314 -0.428719 -0.498951 0.566175 0.496682
1540821830.634784 0.780406 6.422504 -0.897719 -0.436247 -0.499776 0.570798 0.483841
1540821830.682037 0.801971 6.551619 -0.928269 -0.446900 -0.498404 0.570882 0.475361
1540821830.729257 0.827065 6.688669 -0.959022 -0.461252 -0.496166 0.564827 0.471207
1540821830.776414 0.853076 6.833220 -0.989075 -0.477614 -0.491201 0.556780 0.469682
1540821830.823486 0.877247 6.984035 -1.016830 -0.489280 -0.485365 0.550038 0.471683
1540821830.870466 0.896344 7.141603 -1.042342 -0.500230 -0.481411 0.539969 0.475864
1540821830.917364 0.911059 7.303006 -1.065715 -0.505855 -0.480698 0.528906 0.483010
1540821830.964163 0.914116 7.469750 -1.077679 -0.502950 -0.474022 0.514013 0.508070
1540821831.010855 0.896804 7.658448 -1.058283 -0.510041 -0.441987 0.474168 0.565394
1540821831.057484 0.897279 7.836276 -1.057401 -0.490586 -0.437860 0.453642 0.601509
1540821831.104069 0.927180 7.984465 -1.065928 -0.476046 -0.432539 0.446499 0.622036
1540821831.197226 0.985631 8.175934 -1.088995 -0.455689 -0.462900 0.466202 0.600605
1540821831.243851 1.019390 8.252323 -1.102928 -0.443843 -0.472116 0.488400 0.584445
1540821831.290524 1.046211 8.309851 -1.117662 -0.451262 -0.471076 0.492199 0.576359
1540821831.337290 1.060801 8.398504 -1.123656 -0.453095 -0.473875 0.495496 0.569764
1540821831.384146 1.081813 8.502093 -1.131665 -0.453315 -0.484436 0.496569 0.559684
1540821831.431082 1.093692 8.625860 -1.133351 -0.454005 -0.474933 0.471946 0.587865
1540821831.478068 1.122981 8.718812 -1.139758 -0.444458 -0.485413 0.467106 0.590460
1540821831.525110 1.154017 8.831647 -1.143607 -0.430251 -0.495819 0.456135 0.600823
1540821831.572213 1.182599 8.951161 -1.161242 -0.419450 -0.503015 0.437100 0.616426
1540821831.619376 1.214334 9.073546 -1.172655 -0.412455 -0.505379 0.422514 0.629250
1540821831.713878 1.279973 9.315737 -1.212789 -0.400251 -0.507223 0.402605 0.648408
1540821831.761191 1.311725 9.430194 -1.242528 -0.392361 -0.507893 0.398755 0.655051
1540821831.808561 1.342111 9.538175 -1.279607 -0.388541 -0.505332 0.402041 0.657297
1540821831.855970 1.371906 9.639476 -1.324120 -0.393383 -0.500407 0.408654 0.654098
1540821831.903406 1.401286 9.732269 -1.373584 -0.400237 -0.495229 0.418686 0.647503
1540821831.950845 1.431481 9.816858 -1.426164 -0.407965 -0.490810 0.431092 0.637832
1540821831.998272 1.463466 9.894076 -1.480181 -0.418932 -0.484738 0.446877 0.624361
1540821832.045662 1.497605 9.963603 -1.532549 -0.430570 -0.475070 0.467091 0.608888
1540821832.092993 1.534362 10.025963 -1.581008 -0.438242 -0.467430 0.485405 0.594840
1540821832.140256 1.574376 10.082845 -1.624598 -0.443463 -0.463683 0.499696 0.581930
1540821832.187453 1.617529 10.135950 -1.662114 -0.445221 -0.460230 0.512942 0.571714
1540821832.234568 1.663574 10.186238 -1.693763 -0.444735 -0.458965 0.524550 0.562503
1540821832.281622 1.713087 10.235122 -1.719771 -0.443987 -0.460235 0.532562 0.554470
1540821832.328618 1.766834 10.284549 -1.739491 -0.441735 -0.465914 0.531909 0.552148
1540821832.375591 1.825341 10.335162 -1.751941 -0.434592 -0.472797 0.525875 0.557717
1540821832.422555 1.887382 10.387755 -1.758472 -0.421958 -0.481012 0.511118 0.573879
1540821832.469533 1.951818 10.441983 -1.764596 -0.413105 -0.492316 0.489292 0.589545
1540821832.516536 2.017115 10.496592 -1.772676 -0.407468 -0.502814 0.469294 0.600758
1540821832.563549 2.084508 10.549324 -1.782890 -0.396674 -0.511799 0.456234 0.610379
1540821832.610569 2.151011 10.603453 -1.796803 -0.382999 -0.517244 0.442372 0.624562
1540821832.657600 2.221248 10.651571 -1.815669 -0.363660 -0.522560 0.441135 0.632520
1540821832.704656 2.290902 10.697150 -1.840717 -0.351849 -0.523807 0.439892 0.639002
1540821832.751741 2.362562 10.736738 -1.870427 -0.341613 -0.524854 0.441670 0.642461
1540821832.798880 2.436234 10.769245 -1.904637 -0.333198 -0.524749 0.446246 0.643802
1540821832.846053 2.517449 10.790800 -1.939293 -0.318090 -0.520476 0.461167 0.644398
1540821832.893248 2.607815 10.803784 -1.973357 -0.306033 -0.512876 0.476825 0.644933
1540821832.940473 2.692369 10.815481 -2.023286 -0.308803 -0.508757 0.484476 0.641163
1540821832.987716 2.781559 10.817842 -2.078145 -0.310394 -0.509103 0.494790 0.632181
1540821833.034969 2.876149 10.814481 -2.135017 -0.312802 -0.507418 0.505471 0.623843
1540821833.082213 2.976449 10.805418 -2.192808 -0.314891 -0.503480 0.518317 0.615385
1540821833.129430 3.082961 10.791489 -2.250934 -0.316241 -0.499755 0.529315 0.608328
1540821833.176604 3.196354 10.772618 -2.309706 -0.317821 -0.498339 0.538959 0.600143
1540821833.223718 3.318153 10.748811 -2.368746 -0.319075 -0.497655 0.548981 0.590889
1540821833.270746 3.449774 10.721665 -2.427501 -0.321879 -0.494676 0.555945 0.585332
1540821833.317692 3.591606 10.691835 -2.486923 -0.331376 -0.488579 0.559549 0.581709
1540821833.364536 3.745743 10.658943 -2.544823 -0.342404 -0.479024 0.558724 0.584057
1540821833.457900 4.086592 10.582605 -2.655806 -0.364751 -0.455254 0.549250 0.598352
1540821833.643755 4.860329 10.378965 -2.843290 -0.386245 -0.409620 0.506832 0.652800
1540821833.736338 5.274184 10.247903 -2.918084 -0.382759 -0.391073 0.482717 0.683771
1540821833.782541 5.484120 10.171744 -2.951793 -0.370287 -0.395618 0.471337 0.695856
1540821833.828711 5.695219 10.090964 -2.987008 -0.355905 -0.403126 0.457182 0.708382
1540821833.921042 6.119155 9.908454 -3.057360 -0.321522 -0.420044 0.434403 0.729027
1540821834.060121 6.755149 9.589830 -3.186235 -0.256867 -0.447691 0.417098 0.748078
1540821834.106893 6.949542 9.475058 -3.253957 -0.238982 -0.471103 0.415371 0.740551
1540821834.153895 7.162134 9.350823 -3.318126 -0.212497 -0.488448 0.420441 0.734502
1540821834.248634 7.605183 9.090222 -3.474079 -0.182593 -0.522870 0.435262 0.709798
1540821834.296480 7.840340 8.952802 -3.564165 -0.180426 -0.529880 0.445218 0.698896
1540821834.392665 8.341311 8.658754 -3.760768 -0.178836 -0.539948 0.471195 0.674128
1540821834.440925 8.607945 8.502712 -3.865696 -0.185879 -0.539238 0.480925 0.665870
1540821834.489220 8.885039 8.339843 -3.975167 -0.196593 -0.541192 0.487732 0.656186
1540821834.537506 9.173012 8.170092 -4.087833 -0.209108 -0.545758 0.493036 0.644467
1540821834.585748 9.471756 7.993544 -4.201835 -0.221206 -0.547604 0.498179 0.634835
1540821834.633891 9.780776 7.811128 -4.316743 -0.237707 -0.545890 0.503513 0.626078
1540821834.681877 10.099849 7.623726 -4.430245 -0.257048 -0.535651 0.506205 0.625109
1540821834.729684 10.429756 7.430921 -4.542245 -0.278129 -0.520713 0.505305 0.629419
1540821834.777273 10.769761 7.232187 -4.652306 -0.299992 -0.495640 0.500891 0.643003
1540821834.871910 11.478402 6.809358 -4.867594 -0.327698 -0.467456 0.493941 0.655836
1540821834.918979 11.846944 6.587005 -4.971561 -0.338727 -0.444524 0.484250 0.673175
1540821834.965898 12.220798 6.355534 -5.073061 -0.346752 -0.425327 0.473387 0.689032
1540821835.012683 12.600639 6.116952 -5.172932 -0.352457 -0.414154 0.458188 0.703075
1540821835.059337 12.987047 5.871660 -5.272537 -0.365691 -0.395701 0.432598 0.722876
1540821835.105858 13.375674 5.619528 -5.368905 -0.371278 -0.384603 0.409292 0.739400
1540821835.152249 13.769129 5.360701 -5.465499 -0.382428 -0.355675 0.378460 0.764207
1540821835.198532 14.172078 5.092653 -5.559733 -0.404851 -0.276571 0.332005 0.805839
1540821835.244737 14.579400 4.824713 -5.657826 -0.405637 -0.252905 0.304572 0.823853
1540821835.337084 15.419676 4.273072 -5.862413 -0.426166 -0.148647 0.243230 0.858560
1540821835.429646 16.288230 3.716618 -6.100669 -0.397551 -0.141260 0.221148 0.879257
1540821835.476130 16.738824 3.430435 -6.228426 -0.413739 -0.091856 0.174793 0.888724
1540821835.522741 17.177767 3.141994 -6.367871 -0.440194 -0.070415 0.149877 0.882501
1540821835.569565 17.641366 2.847833 -6.523042 -0.439128 -0.060103 0.141403 0.885189
1540821835.616534 18.117918 2.545220 -6.686196 -0.430827 -0.055493 0.150471 0.888069
1540821835.663619 18.603383 2.231565 -6.858056 -0.427525 -0.046423 0.163048 0.887966
1540821835.710794 19.099254 1.907594 -7.035783 -0.424954 -0.037503 0.175444 0.887258
1540821835.852609 20.660508 0.867504 -7.592650 -0.427028 -0.000608 0.184659 0.885182
1540821835.994403 22.327833 -0.274584 -8.179820 -0.431507 0.035572 0.159221 0.887234
1540821836.088698 23.490422 -1.088842 -8.592376 -0.430916 0.036148 0.151523 0.888845
1540821836.135711 24.084216 -1.509977 -8.803743 -0.430395 0.044178 0.146188 0.889628
1540821836.229462 25.298264 -2.383781 -9.239188 -0.431117 0.071493 0.136627 0.889022
1540821836.322809 26.554243 -3.291732 -9.692154 -0.436738 0.121834 0.107530 0.884790
1540821836.415865 27.845521 -4.236579 -10.162086 -0.451165 0.184670 0.074709 0.869923
1540821836.462305 28.504767 -4.725304 -10.405892 -0.470028 0.231477 0.050178 0.850279
1540821836.508678 29.173957 -5.216704 -10.651832 -0.467421 0.240944 0.048930 0.849158
1540821836.554981 29.852144 -5.723205 -10.902840 -0.470955 0.261481 0.038400 0.841638
1540821836.601213 30.539658 -6.238355 -11.158753 -0.471413 0.271232 0.030887 0.838600
1540821836.647381 31.236075 -6.762716 -11.418631 -0.471469 0.284363 0.023257 0.834454
1540821836.693488 31.940769 -7.296443 -11.683871 -0.473012 0.306076 0.013969 0.826064
1540821836.739543 32.649439 -7.839606 -11.952460 -0.480110 0.353042 -0.001007 0.803028
1540821836.785551 33.371001 -8.392424 -12.234946 -0.494012 0.367356 -0.014813 0.787898
1540821836.831525 34.102823 -8.950896 -12.514039 -0.494760 0.387611 -0.010674 0.777725
1540821836.923337 35.606253 -10.091110 -13.084904 -0.494651 0.406111 -0.013521 0.768252
1540821837.015031 37.156805 -11.261788 -13.670955 -0.493932 0.428457 -0.018267 0.756387
1540821837.106612 38.749392 -12.469877 -14.278368 -0.492466 0.452647 -0.026687 0.742884
1540821837.152354 39.560863 -13.088551 -14.590435 -0.491517 0.464365 -0.031217 0.736072
1540821837.243763 41.214533 -14.354745 -15.231554 -0.487431 0.490324 -0.042676 0.721230
1540821837.335078 42.909135 -15.659936 -15.895878 -0.480879 0.511896 -0.049386 0.710126
1540821837.380714 43.772122 -16.326858 -16.237124 -0.479556 0.523780 -0.053898 0.701980
1540821837.426338 44.645525 -17.003386 -16.584464 -0.478467 0.536294 -0.057726 0.692911
1540821837.471945 45.529509 -17.689889 -16.937659 -0.476696 0.548548 -0.062761 0.684045
1540821837.517537 46.424176 -18.386410 -17.296821 -0.473083 0.560080 -0.066519 0.676815
1540821837.563115 47.329641 -19.093469 -17.662283 -0.468426 0.570891 -0.069126 0.670733
1540821837.608677 48.246483 -19.812999 -18.033828 -0.463957 0.579622 -0.075309 0.665666
1540821837.654232 49.173753 -20.542898 -18.412122 -0.460617 0.594889 -0.087090 0.652958
1540821837.699784 50.112893 -21.285648 -18.797891 -0.451915 0.609626 -0.093705 0.644475
1540821837.745337 51.062582 -22.040869 -19.191402 -0.442650 0.622492 -0.103330 0.637094
1540821837.790895 52.020176 -22.808968 -19.591418 -0.432974 0.635547 -0.118746 0.628103
1540821837.836457 52.987817 -23.586498 -19.997644 -0.429057 0.644834 -0.134143 0.618146
1540821837.882021 53.963309 -24.376207 -20.409589 -0.423005 0.653171 -0.151291 0.609545
1540821837.927584 54.949314 -25.177431 -20.828975 -0.418815 0.660879 -0.162452 0.601200
1540821837.973148 55.946215 -25.990652 -21.255159 -0.415422 0.668633 -0.171683 0.592351
1540821838.018711 56.951936 -26.816598 -21.688211 -0.411702 0.676397 -0.180778 0.583359
1540821838.064273 57.965846 -27.654575 -22.126984 -0.408152 0.681442 -0.193699 0.575786
1540821838.109838 58.987905 -28.503777 -22.571196 -0.404679 0.687736 -0.207425 0.565888
1540821838.200975 61.059197 -30.238602 -23.479059 -0.396377 0.704236 -0.226631 0.543668
1540821838.246549 62.101017 -31.121524 -23.937562 -0.395167 0.708639 -0.246901 0.529824
1540821838.292123 63.146325 -32.008825 -24.395851 -0.401055 0.695392 -0.283895 0.524393
1540821838.337695 64.202627 -32.909157 -24.860683 -0.401546 0.698980 -0.306236 0.506367
1540821838.383270 65.267793 -33.819821 -25.330582 -0.390692 0.710717 -0.336755 0.478369
1540821838.428851 66.337376 -34.743778 -25.804239 -0.387770 0.717240 -0.349774 0.461367
1540821838.702407 72.905476 -40.501886 -28.728813 -0.359211 0.750293 -0.415519 0.367929
1540821838.839200 76.277152 -43.517836 -30.241705 -0.342097 0.765482 -0.450977 0.305984
1540821838.884772 77.415687 -44.546679 -30.756099 -0.333541 0.768503 -0.466357 0.284016
1540821838.930330 78.562958 -45.585415 -31.273613 -0.328240 0.772973 -0.478672 0.256212
1540821838.975878 79.713231 -46.627114 -31.791054 -0.324172 0.774198 -0.487497 0.240576
1540821839.021415 80.870142 -47.676803 -32.311448 -0.319707 0.775405 -0.495551 0.225752
1540821839.066943 82.033364 -48.734996 -32.834680 -0.315611 0.776280 -0.503344 0.210768
1540821839.112461 83.203348 -49.801691 -33.360776 -0.311639 0.776703 -0.511108 0.195912
1540821839.203469 85.563053 -51.958323 -34.421140 -0.302085 0.777343 -0.526616 0.164798
1540821839.248962 86.753226 -53.048684 -34.955380 -0.297016 0.777498 -0.534045 0.148573
1540821839.339946 89.153990 -55.251839 -36.031725 -0.286527 0.776543 -0.548855 0.116796
1540821839.385444 90.365080 -56.364768 -36.573859 -0.280961 0.775589 -0.556283 0.100359
1540821839.430951 91.583615 -57.485063 -37.118695 -0.275364 0.774524 -0.563192 0.084277
1540821839.476472 92.809411 -58.612647 -37.665956 -0.264094 0.770957 -0.574676 0.075021
1540821839.522014 94.042824 -59.748295 -38.215929 -0.256451 0.769262 -0.582013 0.061077
1540821839.613171 96.531230 -62.040981 -39.322960 -0.237149 0.765462 -0.597647 0.025413
1540821839.658778 97.786809 -63.198271 -39.880292 -0.230820 0.763006 -0.603648 0.012376
1540821839.704389 99.049385 -64.362019 -40.439731 -0.222445 0.760352 -0.610222 -0.003329
1540821839.795616 101.594720 -66.708165 -41.564633 -0.202401 0.753538 -0.624194 -0.039946
1540821839.886889 104.169863 -69.078134 -42.698052 -0.186551 0.744146 -0.637097 -0.074517
1540821839.978164 106.773970 -71.468975 -43.839004 -0.169746 0.733405 -0.649173 -0.108986
1540821840.069392 109.406091 -73.877501 -44.986582 -0.153471 0.722255 -0.659601 -0.140433
1540821840.160547 112.065913 -76.301705 -46.140380 -0.135578 0.709323 -0.669513 -0.173874
1540821840.206093 113.406505 -77.519152 -46.719564 -0.126736 0.702474 -0.674013 -0.190198
1540821840.251624 114.754544 -78.740214 -47.300358 -0.118109 0.695202 -0.678190 -0.206888
1540821840.297135 116.110186 -79.964824 -47.882839 -0.110247 0.687287 -0.682401 -0.223184
1540821840.342629 117.473792 -81.192834 -48.467116 0.102665 -0.678696 0.686680 0.239378
1540821840.388107 118.847565 -82.426804 -49.053720 0.099985 -0.668467 0.692411 0.252433
1540821840.479034 121.666577 -84.936349 -50.224430 0.100556 -0.657924 0.672487 0.323706
1540821840.524485 123.114626 -86.240262 -50.823079 -0.093016 0.663868 -0.652402 -0.353551
1540821840.569927 124.546686 -87.512347 -51.432488 -0.099520 0.659879 -0.652395 -0.359216
1540821840.615363 126.006025 -88.806823 -52.043838 -0.135113 0.669959 -0.643570 -0.344553
1540821840.660798 127.468261 -90.102108 -52.658450 -0.164889 0.680641 -0.638476 -0.319199
1540821840.706230 128.946244 -91.414068 -53.280363 -0.185319 0.693447 -0.627687 -0.301324
1540821840.751659 130.435282 -92.728640 -53.909656 -0.181830 0.698989 -0.619867 -0.306784
1540821840.797089 131.935024 -94.044140 -54.547606 -0.165437 0.691047 -0.618460 -0.335549
1540821840.842519 133.443270 -95.360736 -55.191954 -0.160530 0.684242 -0.621190 -0.346650
1540821840.933374 136.496483 -98.005127 -56.496008 -0.149187 0.667147 -0.624614 -0.377511
1540821841.024218 139.600195 -100.668654 -57.819907 -0.137648 0.649118 -0.627173 -0.407864
1540821841.115063 142.756171 -103.351307 -59.165007 -0.125905 0.630198 -0.628873 -0.437626
1540821841.160484 144.353926 -104.699537 -59.845595 0.119688 -0.620761 0.629339 0.451955
1540821841.205904 145.965325 -106.052559 -60.532011 0.113328 -0.610745 0.629653 0.466567
1540821841.251324 147.589662 -107.409625 -61.223590 0.104819 -0.602352 0.630061 0.478757
1540821841.296745 149.227396 -108.771662 -61.920706 0.096322 -0.593107 0.630146 0.491794
1540821841.342166 150.878379 -110.138210 -62.623428 0.085909 -0.583883 0.630151 0.504589
1540821841.433005 154.215607 -112.886200 -64.043033 0.058595 -0.569200 0.629128 0.526095
1540821841.523841 157.584721 -115.654317 -65.470857 0.026195 -0.568679 0.630724 0.527357
1540821841.660107 162.699155 -119.842714 -67.627389 -0.034356 -0.556571 0.635695 0.533798
1540821841.705531 164.409843 -121.239473 -68.342790 -0.073641 -0.546893 0.638684 0.536253
1540821841.841813 169.619344 -125.473119 -70.517069 -0.101931 -0.538305 0.633539 0.546321
1540821841.932669 173.151930 -128.318111 -71.986665 -0.121380 -0.517761 0.628781 0.567296
1540821842.023523 176.727322 -131.180607 -73.470286 -0.135415 -0.501851 0.625061 0.582329
1540821842.114381 180.345962 -134.060830 -74.968143 -0.150623 -0.483573 0.620697 0.598502
1540821842.159808 182.174438 -135.508670 -75.724229 -0.155565 -0.471629 0.618858 0.608589
1540821842.250654 185.860783 -138.414952 -77.245288 -0.172190 -0.448212 0.613682 0.626779
1540821842.296074 187.721981 -139.873903 -78.012046 -0.175500 -0.441196 0.613365 0.631134
1540821842.341494 189.596043 -141.337274 -78.783375 -0.178328 -0.433256 0.613007 0.636169
1540821842.386915 191.479479 -142.804257 -79.557682 -0.187033 -0.422591 0.609787 0.643891
1540821842.432335 193.374183 -144.275246 -80.335849 -0.195705 -0.411814 0.606390 0.651460
1540821842.523176 197.198509 -147.229319 -81.904194 -0.211764 -0.390568 0.599781 0.665489
1540821842.568597 199.130267 -148.712899 -82.695624 -0.216363 -0.379530 0.598222 0.671769
1540821842.614017 201.075157 -150.200905 -83.491787 -0.222730 -0.364351 0.600673 0.675893
1540821842.659436 203.031770 -151.689864 -84.291592 -0.237612 -0.346125 0.598557 0.682252
1540821842.704853 204.999511 -153.180752 -85.094532 -0.250115 -0.328931 0.595630 0.688819
1540821842.750271 206.982940 -154.674636 -85.904028 -0.251960 -0.315802 0.596426 0.693585
1540821842.795687 208.975755 -156.171194 -86.716969 -0.263314 -0.305991 0.592528 0.697098
1540821842.886520 212.997607 -159.173075 -88.354820 -0.280664 -0.282199 0.584329 0.707213
1540821842.977349 217.068572 -162.186404 -90.009703 -0.297381 -0.257930 0.575576 0.716763
1540821843.068171 221.188044 -165.210303 -91.681483 -0.309842 -0.238859 0.570461 0.722162
1540821843.158993 225.358195 -168.244399 -93.371248 -0.325862 -0.214307 0.560920 0.730243
1540821843.204401 227.462116 -169.765230 -94.222785 -0.333737 -0.201948 0.555930 0.734016
1540821843.249809 229.578770 -171.288595 -95.078895 -0.340867 -0.190092 0.551250 0.737427
1540821843.340617 233.850077 -174.342468 -96.804808 -0.356171 -0.165181 0.540623 0.744033
1540821843.386023 236.006296 -175.873788 -97.675456 -0.354912 -0.153038 0.540320 0.747444
1540821843.431429 238.175994 -177.407349 -98.551664 -0.357518 -0.144972 0.538725 0.748958
1540821843.522229 242.554990 -180.481347 -100.319074 -0.367073 -0.122198 0.531630 0.753455
1540821843.613021 246.988836 -183.564202 -102.107951 -0.373914 -0.104843 0.525419 0.757054
1540821843.658419 249.227133 -185.109775 -103.011102 -0.374646 -0.094424 0.523354 0.759490
1540821843.703815 251.479649 -186.657748 -103.920243 -0.380001 -0.081411 0.518086 0.761944
1540821843.749209 253.745811 -188.208056 -104.834847 -0.385493 -0.066354 0.511896 0.764824
1540821843.794600 256.026017 -189.761356 -105.755343 -0.389537 -0.051689 0.507254 0.766996
1540821843.839995 258.320926 -191.317074 -106.682111 -0.393991 -0.038808 0.502525 0.768592
1540821843.885389 260.631181 -192.875557 -107.615657 -0.397113 -0.024898 0.497063 0.771109
1540821843.930782 262.956057 -194.437075 -108.555677 -0.398895 -0.011811 0.493186 0.772989
1540821844.021567 267.653396 -197.569322 -110.458354 -0.404301 0.019458 0.481810 0.777188
1540821844.066961 270.024631 -199.140162 -111.420064 -0.407477 0.032962 0.476729 0.778207
1540821844.112355 272.411649 -200.714711 -112.389619 -0.412138 0.049664 0.469659 0.779164
1540821844.157749 274.814274 -202.292414 -113.366614 -0.413563 0.063151 0.464856 0.780312
1540821844.203143 277.232344 -203.872689 -114.350828 -0.419397 0.078865 0.456256 0.780844
1540821844.248535 279.665823 -205.455782 -115.342396 -0.423565 0.091835 0.449605 0.781035
1540821844.293927 282.114715 -207.042201 -116.341357 -0.427803 0.104697 0.442859 0.780960
1540821844.384707 287.058487 -210.225179 -118.361254 -0.437225 0.128165 0.429723 0.779580
1540821844.475491 292.063766 -213.421385 -120.410497 -0.446474 0.151312 0.416808 0.777198
1540821844.657051 302.264841 -219.855893 -124.604121 -0.461165 0.201525 0.388017 0.772112
1540821844.702443 304.854970 -221.474059 -125.672756 -0.464697 0.214148 0.380541 0.770316
1540821844.747835 307.460983 -223.096293 -126.749489 -0.465814 0.223512 0.376222 0.769101
1540821844.793222 310.082871 -224.722325 -127.834691 -0.466348 0.232251 0.372644 0.767929
1540821844.838611 312.721311 -226.353069 -128.928913 -0.463297 0.236486 0.373595 0.768021
1540821844.929394 318.047592 -229.626314 -131.143696 -0.465089 0.255411 0.364154 0.765408
1540821844.974783 320.735261 -231.269493 -132.264480 -0.462886 0.259493 0.364321 0.765291
1540821845.020174 323.440839 -232.918427 -133.396312 -0.457702 0.261911 0.367617 0.766008
1540821845.065564 326.162332 -234.570637 -134.536365 -0.453376 0.266984 0.368228 0.766537
1540821845.110955 328.902441 -236.228874 -135.688414 -0.442823 0.267849 0.374868 0.769180
1540821845.156347 331.658579 -237.891625 -136.849636 -0.436540 0.273144 0.377556 0.769595
1540821845.201739 334.432499 -239.559676 -138.021868 -0.426667 0.278291 0.381993 0.771097
1540821845.292516 340.034780 -242.913248 -140.404074 -0.405371 0.284008 0.394078 0.774414
1540821845.337903 342.875562 -244.608078 -141.634918 -0.334604 0.261215 0.441960 0.790240
1540821845.383289 345.743722 -246.317998 -142.903316 -0.270289 0.269586 0.471203 0.795132
1540821845.428675 348.620342 -248.022235 -144.168329 -0.262743 0.273930 0.472707 0.795284
1540821845.474059 351.515130 -249.743784 -145.452392 -0.249739 0.297989 0.460196 0.798156
1540821845.519441 354.428169 -251.468810 -146.751860 -0.253421 0.322103 0.446727 0.795275
1540821845.564823 357.360667 -253.199452 -148.068801 -0.248206 0.331718 0.443345 0.794860
1540821845.610206 360.311706 -254.938534 -149.402617 -0.243295 0.342019 0.439829 0.793966
1540821845.655588 363.280886 -256.686109 -150.753446 -0.238851 0.352358 0.436140 0.792828
1540821845.700972 366.268421 -258.442641 -152.121491 -0.234040 0.362910 0.432358 0.791573
1540821845.791736 372.297474 -261.983310 -154.909127 -0.226949 0.386561 0.419947 0.789119
1540821845.837116 375.339036 -263.767713 -156.330064 -0.222836 0.396268 0.415198 0.787989
1540821845.882496 378.400589 -265.563086 -157.768921 -0.218126 0.405440 0.409309 0.787722
1540821845.927870 381.483690 -267.370637 -159.226409 -0.214454 0.414109 0.398392 0.789815
1540821845.973240 384.589560 -269.193008 -160.702239 -0.211895 0.422084 0.390802 0.790076
1540821846.018614 387.722634 -271.033503 -162.197760 -0.209756 0.428473 0.384511 0.790294
1540821846.064001 390.885873 -272.894883 -163.713568 -0.205269 0.435475 0.378551 0.790523
1540821846.109413 394.079313 -274.778603 -165.250343 -0.202971 0.439615 0.377436 0.789357
1540821846.154916 397.309136 -276.688441 -166.811675 -0.206238 0.440476 0.377943 0.787785
1540821846.246287 403.883478 -280.590505 -170.009152 -0.228489 0.423408 0.396695 0.781762
1540821846.338101 410.594857 -284.582576 -173.302533 -0.263988 0.388065 0.441801 0.764544
1540821846.430417 417.428572 -288.636264 -176.691766 -0.310782 0.354206 0.480702 0.739512
1540821846.476762 420.888356 -290.678364 -178.422060 -0.324662 0.346359 0.487768 0.732606
1540821846.523196 424.369627 -292.725988 -180.173486 -0.329653 0.345150 0.488764 0.730281
1540821846.616554 431.401186 -296.844792 -183.751658 -0.337763 0.352872 0.476503 0.730987
1540821846.710705 438.528495 -301.000452 -187.434622 -0.326973 0.376287 0.465231 0.731476
1540821846.853825 449.429014 -307.327569 -193.177898 -0.300276 0.407579 0.450083 0.735621
1540821846.950588 456.847417 -311.617835 -197.164037 -0.292397 0.410797 0.445071 0.740041
1540821846.999351 460.604866 -313.785841 -199.204477 -0.287312 0.410429 0.435650 0.747802
1540821847.048352 464.395933 -315.970244 -201.275900 -0.282218 0.408517 0.418624 0.760408
1540821847.147017 472.079335 -320.394123 -205.510084 -0.267565 0.400738 0.388411 0.785465
1540821847.246524 479.901965 -324.902968 -209.862125 -0.236128 0.391312 0.381679 0.803393
1540821847.296515 483.862975 -327.189925 -212.080669 -0.219638 0.383255 0.371042 0.816825
1540821847.346720 487.861177 -329.502911 -214.331194 -0.205535 0.370940 0.353468 0.833798
1540821847.498132 500.034634 -336.601487 -221.244546 -0.150677 0.300650 0.313703 0.887973
1540821847.701452 516.648016 -346.490651 -230.842639 -0.082089 0.200336 0.221321 0.950865
1540821847.803377 525.072332 -351.638123 -235.790709 -0.056342 0.164174 0.161518 0.971486
1540821847.854355 529.301187 -354.264917 -238.299248 -0.047036 0.143150 0.122876 0.980916
1540821847.905362 533.537368 -356.927971 -240.831513 -0.038871 0.115051 0.081728 0.989228
1540821848.007586 542.028351 -362.366126 -245.974522 -0.021179 0.046062 0.019324 0.998527
1540821848.058896 546.286267 -365.143575 -248.591546 -0.012168 0.007971 0.004393 0.999885
1540821848.110374 550.554935 -367.961365 -251.242056 -0.003888 -0.028132 -0.006648 0.999575
1540821848.213922 559.131184 -373.729089 -256.651271 0.019828 -0.089467 -0.039232 0.995019
1540821848.266019 563.437344 -376.682855 -259.414221 0.031661 -0.116113 -0.057557 0.991061
1540821848.318331 567.752995 -379.684370 -262.218081 0.043374 -0.141908 -0.075000 0.986081
1540821848.370864 572.077314 -382.733470 -265.064736 0.056442 -0.165192 -0.102351 0.979311
1540821848.423603 576.407437 -385.825614 -267.952886 0.070968 -0.198237 -0.137146 0.967914
1540821848.476528 580.741187 -388.954633 -270.884254 0.083958 -0.236021 -0.173861 0.952375
1540821848.529577 585.072765 -392.112628 -273.856878 0.093641 -0.277180 -0.210200 0.932855
1540821848.582788 589.404374 -395.300394 -276.874471 0.098510 -0.315495 -0.244266 0.911643
1540821848.636116 593.731343 -398.517221 -279.936086 0.106862 -0.352505 -0.279654 0.886631
1540821848.689512 598.046154 -401.761082 -283.040342 0.116507 -0.378122 -0.307940 0.865230
1540821848.796497 606.636984 -408.331673 -289.386667 0.111429 -0.433082 -0.315668 0.836886
1540821848.903634 615.164739 -415.019990 -295.924782 0.098879 -0.484357 -0.309107 0.812449
1540821849.011033 623.635206 -421.839294 -302.661070 0.112873 -0.542365 -0.318156 0.769335
1540821849.064849 627.855231 -425.297691 -306.110049 0.126171 -0.568708 -0.332200 0.741819
1540821849.172692 636.265978 -432.305078 -313.177787 0.157717 -0.614326 -0.364668 0.681723
1540821849.334876 648.807252 -443.003644 -324.189039 -0.202032 0.654008 0.412996 -0.600742
1540821849.443053 657.124072 -450.214906 -331.801214 -0.246479 0.663951 0.461344 -0.534396
1540821849.551081 665.403899 -457.454568 -339.627401 -0.268155 0.665847 0.518931 -0.464167
1540821849.604991 669.527689 -461.079705 -343.622907 -0.276540 0.660959 0.547664 -0.432116
1540821849.658815 673.639978 -464.705046 -347.676750 -0.298395 0.654116 0.568754 -0.399514
1540821849.712558 677.741049 -468.326341 -351.788901 -0.313326 0.653313 0.587974 -0.359577
1540821849.766219 681.835526 -471.942257 -355.959961 -0.320266 0.655542 0.601836 -0.324788
1540821849.819793 685.924456 -475.551076 -360.190529 -0.329830 0.660299 0.607815 -0.292880
1540821849.873280 690.008999 -479.151627 -364.479095 -0.332874 0.668649 0.610445 -0.263554
1540821849.980044 698.178083 -486.329724 -373.229192 -0.317579 0.682542 0.622269 -0.214619
1540821850.033369 702.267337 -489.911349 -377.690192 -0.301213 0.686632 0.633552 -0.190836
1540821850.086685 706.362128 -493.489520 -382.208821 -0.281110 0.690520 0.645350 -0.166379
1540821850.140019 710.464418 -497.066888 -386.788273 -0.261507 0.695160 0.654163 -0.142956
1540821850.193389 714.575502 -500.644303 -391.433699 -0.252783 0.701827 0.656804 -0.110216
1540821850.246787 718.696119 -504.221677 -396.146656 -0.257523 0.710441 0.651417 -0.067908
1540821850.300214 722.830083 -507.799567 -400.925147 -0.268067 0.715441 0.644692 -0.025614
1540821850.353675 726.980565 -511.378353 -405.769805 -0.282232 0.716468 0.637802 0.015057
1540821850.460684 735.346326 -518.535220 -415.648669 -0.312901 0.707986 0.623569 0.109597
1540821850.514217 739.565280 -522.112344 -420.673816 -0.330580 0.695588 0.615779 0.166405
1540821850.567756 743.810384 -525.688136 -425.751106 -0.347644 0.677407 0.608030 0.224861
1540821850.728367 756.730133 -536.406042 -441.256227 -0.375336 0.592779 0.580416 0.413344
1540821850.942333 774.439403 -550.688468 -462.442446 -0.380805 0.470129 0.548267 0.577383
1540821851.102969 788.142866 -561.440909 -478.648411 -0.362875 0.364821 0.530429 0.673700
1540821851.156730 792.809736 -565.050546 -484.116898 -0.350338 0.335380 0.520484 0.702766
1540821851.318892 807.137311 -575.999141 -500.723968 -0.298694 0.260453 0.465076 0.791612
1540821851.427708 816.944993 -583.423985 -511.952025 -0.274457 0.215162 0.429449 0.833038
1540821851.537050 826.944921 -590.967979 -523.293370 -0.253914 0.181323 0.391545 0.865645
1540821851.646774 837.108395 -598.640014 -534.731801 -0.241835 0.151182 0.344823 0.894292
1540821851.701726 842.240198 -602.523683 -540.478921 -0.238066 0.123598 0.325174 0.906813
1540821851.756702 847.399364 -606.437488 -546.242383 -0.236490 0.094917 0.305520 0.917453
1540821851.866640 857.785398 -614.361096 -557.799395 -0.214877 0.025335 0.242127 0.945812
1540821851.976538 868.232792 -622.422808 -569.395317 -0.179110 -0.065142 0.135357 0.972293
1540821852.086268 878.681800 -630.633095 -581.026917 -0.135901 -0.183832 -0.003539 0.973511
1540821852.195691 889.068667 -638.982564 -592.702342 -0.082142 -0.311800 -0.171832 0.930864
1540821852.304920 899.363971 -647.448167 -604.468441 -0.023962 -0.416933 -0.330004 0.846576
1540821852.359435 904.465571 -651.713683 -610.395089 0.000718 -0.457885 -0.390858 0.798481
1540821852.468175 914.563411 -660.291922 -622.345559 0.068218 -0.512201 -0.489829 0.702186
1540821852.576479 924.511592 -668.908552 -634.441774 0.101913 -0.530698 -0.512749 0.667129
1540821852.684553 934.335503 -677.576924 -646.733396 0.127863 -0.549362 -0.497174 0.659295
1540821852.738574 939.208596 -681.938721 -652.964989 0.157779 -0.559005 -0.506316 0.637387
1540821852.792615 944.062488 -686.316841 -659.260626 0.192818 -0.570868 -0.529814 0.596848
1540821852.846683 948.903574 -690.703963 -665.619935 -0.217548 0.598006 0.559801 -0.530739
1540821852.900796 953.739231 -695.097954 -672.041743 -0.233079 0.631767 0.587650 -0.448566
1540821852.954975 958.576908 -699.498363 -678.529060 -0.240003 0.672674 0.606758 -0.348931
1540821853.009230 963.422324 -703.906542 -685.084520 -0.242205 0.714805 0.611305 -0.238111
1540821853.063482 968.275635 -708.317459 -691.699687 -0.234498 0.754311 0.603503 -0.108676
1540821853.117644 973.133861 -712.729107 -698.364221 -0.230615 0.778074 0.583371 0.033095
1540821853.171582 977.992120 -717.133603 -705.061475 -0.228778 0.784795 0.547101 0.180107
1540821853.225049 982.834056 -721.515891 -711.755268 -0.222803 0.773614 0.496872 0.324033
1540821853.277770 987.633791 -725.855899 -718.401643 -0.227608 0.736184 0.437867 0.463142
1540821853.329851 992.400609 -730.163867 -725.005407 -0.239807 0.676409 0.367603 0.591466
1540821853.381036 997.109454 -734.420374 -731.526594 -0.251448 0.603795 0.289703 0.698769
1540821853.431844 1001.805254 -738.669876 -738.023676 -0.257926 0.524947 0.210381 0.783354
1540821853.482565 1006.511459 -742.937712 -744.530259 -0.260509 0.449042 0.136649 0.843696
1540821853.584691 1016.031233 -751.614282 -757.679548 -0.255679 0.345243 0.091517 0.898365
1540821853.687921 1025.713071 -760.511011 -771.021539 -0.241635 0.271919 0.141169 0.920730
1540821853.792073 1035.568916 -769.627239 -784.538776 -0.205168 0.256438 0.215345 0.919659
1540821853.844411 1040.563768 -774.261260 -791.357520 -0.182162 0.268058 0.245750 0.913547
1540821853.896901 1045.601636 -778.939195 -798.218893 -0.164658 0.282516 0.258439 0.909000
1540821853.949546 1050.682560 -783.661103 -805.126103 -0.153281 0.310945 0.258037 0.901796
1540821854.055301 1060.963729 -793.230440 -819.085602 -0.124049 0.399715 0.279874 0.864008
1540821854.161688 1071.399602 -802.970971 -833.254096 -0.082854 0.472800 0.320566 0.816599
1540821854.215096 1076.676308 -807.903055 -840.425592 -0.058881 0.508676 0.344331 0.786904
1540821854.268634 1081.986668 -812.869508 -847.657289 -0.033971 0.544385 0.371969 0.751086
1540821854.376119 1092.694590 -822.888398 -862.298872 0.030780 0.581802 0.440340 0.683125
1540821854.430092 1098.087860 -827.937745 -869.712517 0.078890 0.577705 0.508088 0.633940
1540821854.649444 1120.151953 -848.519711 -900.451039 0.218083 0.586530 0.632857 0.455977
1540821854.762474 1131.586054 -859.125542 -916.737452 0.254822 0.601779 0.641915 0.401090
1540821854.820129 1137.424345 -864.525683 -925.185190 0.239405 0.634657 0.610740 0.408526
1540821854.878530 1143.342691 -869.997675 -933.842551 0.223216 0.668260 0.578425 0.411130
1540821854.937447 1149.315525 -875.528147 -942.679871 0.221488 0.706046 0.540057 0.400976
1540821854.996734 1155.323277 -881.112487 -951.680005 0.225177 0.755567 0.480077 0.384630
1540821855.056403 1161.358198 -886.765732 -960.841720 0.223437 0.802534 0.413317 0.367673
1540821855.116409 1167.409296 -892.496660 -970.154775 0.211201 0.842350 0.348662 0.352527
1540821855.176605 1173.455719 -898.307842 -979.595439 0.219830 0.873315 0.284398 0.328806
1540821855.236793 1179.472062 -904.180492 -989.116292 0.243857 0.886801 0.257534 0.296300
1540821855.296854 1185.440061 -910.098605 -998.693903 0.285909 0.890201 0.249997 0.251596
1540821855.416650 1197.242466 -922.001431 -1017.971487 0.425031 0.857326 0.275569 0.091665
1540821855.476299 1203.067911 -927.948639 -1027.641087 0.480116 0.827899 0.288694 -0.026999
1540821855.535553 1208.823400 -933.859905 -1037.281425 0.529121 0.768895 0.313697 -0.174430
1540821855.594150 1214.484049 -939.709782 -1046.848699 0.551767 0.693100 0.322913 -0.333006
1540821855.651875 1220.019088 -945.477012 -1056.298966 0.544554 0.613039 0.309095 -0.481772
1540821855.708732 1225.430527 -951.169506 -1065.620501 -0.536146 -0.502047 -0.273008 0.621258
1540821855.764865 1230.730749 -956.803171 -1074.817855 -0.512738 -0.372270 -0.243085 0.734455
1540821855.820440 1235.945996 -962.399486 -1083.916157 -0.469339 -0.260837 -0.222397 0.813772
1540821855.875662 1241.099921 -967.994824 -1092.943412 -0.401848 -0.192641 -0.198717 0.872880
1540821855.930697 1246.212506 -973.614837 -1101.934565 -0.318849 -0.171258 -0.197622 0.911017
1540821856.040528 1256.325218 -984.948057 -1119.887521 -0.239681 -0.161947 -0.237556 0.927304
1540821856.095322 1261.332532 -990.667643 -1128.859437 -0.245864 -0.188641 -0.255928 0.915678
1540821856.149974 1266.280269 -996.366140 -1137.827960 -0.279507 -0.201296 -0.260022 0.902078
1540821856.204442 1271.193170 -1002.076057 -1146.775616 -0.287211 -0.197282 -0.259297 0.900752
1540821856.258690 1276.068824 -1007.792646 -1155.708531 -0.328267 -0.218927 -0.246527 0.885176
1540821856.312687 1280.918296 -1013.495658 -1164.626022 -0.356690 -0.212471 -0.215367 0.883881
1540821856.366397 1285.736282 -1019.166230 -1173.501839 -0.401580 -0.191513 -0.166258 0.880009
1540821856.419807 1290.520818 -1024.814768 -1182.340979 -0.437681 -0.175786 -0.130144 0.872122
1540821856.472934 1295.274858 -1030.445777 -1191.139455 -0.456617 -0.178256 -0.129131 0.862004
1540821856.525767 1299.995744 -1036.058732 -1199.893538 -0.471314 -0.184300 -0.135831 0.851731
1540821856.578292 1304.678328 -1041.655081 -1208.593759 -0.467256 -0.188949 -0.136878 0.852780
1540821856.630512 1309.320411 -1047.237450 -1217.238131 -0.442980 -0.196930 -0.131691 0.864664
1540821856.682449 1313.924611 -1052.810937 -1225.831189 -0.395402 -0.201798 -0.121572 0.887781
1540821856.734133 1318.497713 -1058.381463 -1234.384062 -0.349581 -0.205259 -0.113700 0.907047
1540821856.785596 1323.044582 -1063.953999 -1242.905180 -0.315842 -0.199292 -0.109529 0.921157
1540821856.836868 1327.567673 -1069.534418 -1251.401122 -0.294842 -0.188476 -0.107717 0.930560
1540821856.989935 1341.047413 -1086.336625 -1276.826097 -0.275040 -0.076360 -0.097206 0.953453
1540821857.091708 1350.001943 -1097.599184 -1293.804604 -0.260095 0.056686 -0.028628 0.963493
1540821857.142675 1354.488366 -1103.271394 -1302.327454 -0.249244 0.110926 -0.011071 0.962003
1540821857.193753 1358.989543 -1108.986909 -1310.878681 -0.225111 0.154420 -0.005951 0.962000
1540821857.296355 1368.049425 -1120.582575 -1328.088904 -0.152110 0.210954 -0.002955 0.965584
1540821857.399645 1377.197937 -1132.426715 -1345.485223 -0.091980 0.245983 0.000573 0.964900
1540821857.555596 1391.074713 -1150.583022 -1371.952099 -0.056873 0.389439 0.099194 0.913927
1540821857.713266 1405.219806 -1169.262424 -1399.019152 -0.025338 0.592068 0.217809 0.775482
1540821857.766507 1410.029208 -1175.647071 -1408.243224 -0.017231 0.638128 0.256057 0.725900
1540821858.038328 1434.864083 -1208.755904 -1456.148264 0.048555 0.761440 0.398666 0.508838
1540821858.150355 1445.187900 -1222.574990 -1476.330013 0.061916 0.795799 0.482688 0.360392
1540821858.264305 1455.722249 -1236.706483 -1497.141611 0.109415 0.775789 0.583815 0.212932
1540821858.322030 1461.059152 -1243.881983 -1507.808222 0.121443 0.765327 0.613095 0.153753
1540821858.380258 1466.436675 -1251.125627 -1518.657107 0.113342 0.770824 0.616105 0.115751
1540821858.498008 1477.287624 -1265.790686 -1540.849916 0.105747 0.772597 0.624003 0.050315
1540821858.616953 1488.205287 -1280.631821 -1563.619037 0.119475 0.780285 0.613903 0.001976
1540821858.796912 1504.588100 -1303.155025 -1598.719876 0.129704 0.784099 0.603064 -0.068401
1540821858.917157 1515.438513 -1318.250112 -1622.555396 0.159530 0.759304 0.610987 -0.157170
1540821858.977167 1520.822847 -1325.792885 -1634.550225 0.187267 0.738296 0.608852 -0.221698
1540821859.037051 1526.169555 -1333.324943 -1646.580215 0.205892 0.717436 0.599125 -0.289730
1540821859.156153 1536.721372 -1348.324662 -1670.663037 0.241596 0.650517 0.570146 -0.439764
1540821859.273720 1547.007325 -1363.167271 -1694.617079 -0.281151 -0.549633 -0.514447 0.595149
1540821859.331858 1552.041747 -1370.524631 -1706.516119 -0.303900 -0.488946 -0.468851 0.669892
1540821859.389614 1557.007854 -1377.852166 -1718.362775 -0.329705 -0.420536 -0.413081 0.737433
1540821859.447004 1561.907492 -1385.152063 -1730.152011 -0.348556 -0.347165 -0.352252 0.796181
1540821859.503989 1566.740259 -1392.424125 -1741.868712 -0.364814 -0.272347 -0.284384 0.843720
1540821859.560539 1571.510670 -1399.670672 -1753.498351 -0.381927 -0.207940 -0.219332 0.873376
1540821859.616693 1576.226358 -1406.893414 -1765.042780 -0.389339 -0.141939 -0.153692 0.897021
1540821859.728022 1585.546322 -1421.318486 -1787.904187 -0.388243 -0.043417 -0.058561 0.918669
1540821859.783223 1590.164541 -1428.525178 -1799.222360 -0.383556 -0.004800 -0.024148 0.923189
1540821859.838116 1594.759891 -1435.731437 -1810.466335 -0.378214 0.035052 0.024617 0.924727
1540821859.947027 1603.920712 -1450.156212 -1832.738579 -0.337753 0.102172 0.109077 0.929293
1540821860.001090 1608.502073 -1457.380809 -1843.782147 -0.309397 0.126114 0.122930 0.934482
1540821860.108620 1617.687407 -1471.885210 -1865.753209 -0.267109 0.167894 0.149263 0.937115
1540821860.215628 1626.939442 -1486.507593 -1887.640963 -0.191724 0.218874 0.162225 0.942878
1540821860.322409 1636.283646 -1501.299291 -1909.553077 -0.105246 0.283991 0.141220 0.942512
1540821860.429324 1645.720365 -1516.280888 -1931.621051 -0.095172 0.403938 0.205763 0.886249
1540821860.537250 1655.318095 -1531.529369 -1954.065567 -0.096546 0.622541 0.305104 0.714166
1540821860.592237 1660.224754 -1539.333984 -1965.568173 -0.092866 0.729081 0.353298 0.578789
1540821860.986160 1695.471139 -1596.014577 -2049.643136 0.074971 0.838550 0.435090 -0.319234
1540821861.148388 1709.785970 -1619.763570 -2085.256974 0.225267 0.747236 0.517148 -0.351356
1540821861.202665 1714.511714 -1627.742788 -2097.288215 0.262969 0.718933 0.543722 -0.344020
1540821861.369720 1728.776764 -1652.359870 -2134.696339 0.290781 0.698587 0.580722 -0.300308
1540821861.543750 1743.208263 -1678.056783 -2174.275652 0.302950 0.711887 0.561510 -0.293504
1540821861.662896 1752.938253 -1695.663090 -2201.659366 0.310488 0.723566 0.539272 -0.298723
1540821861.783405 1762.725237 -1713.469895 -2229.533590 0.305213 0.730932 0.520940 -0.318126
1540821861.843861 1767.610061 -1722.404861 -2243.583807 0.301193 0.727374 0.500060 -0.360762
1540821861.964342 1777.285182 -1740.232393 -2271.700575 0.267120 0.660468 0.438706 -0.547691
1540821862.082428 1786.690919 -1757.759132 -2299.410254 -0.206651 -0.552840 -0.373603 0.715601
1540821862.197194 1795.757607 -1774.870970 -2326.481561 -0.182606 -0.442608 -0.299447 0.825279
1540821862.309536 1804.547454 -1791.736912 -2353.093352 -0.189815 -0.363941 -0.201209 0.889400
1540821862.420303 1813.139108 -1808.525874 -2379.406031 -0.227822 -0.313636 -0.066225 0.919426
1540821862.475194 1817.382901 -1816.915555 -2392.457937 -0.244054 -0.293901 0.002974 0.924149
1540821862.529821 1821.607681 -1825.310016 -2405.449203 -0.255976 -0.273486 0.067079 0.924760
1540821862.638520 1830.044066 -1842.140346 -2431.296332 -0.261362 -0.226264 0.162784 0.924119
1540821862.692726 1834.276975 -1850.590240 -2444.183682 -0.250443 -0.206348 0.167497 0.930937
1540821862.746892 1838.525197 -1859.070611 -2457.064496 -0.242026 -0.189799 0.155286 0.938768
1540821862.801024 1842.786083 -1867.581136 -2469.942701 -0.237918 -0.172734 0.136522 0.946002
1540821862.855112 1847.057392 -1876.118698 -2482.818951 -0.232637 -0.156145 0.113822 0.953175
1540821862.962986 1855.607709 -1893.243941 -2508.532698 -0.211988 -0.115298 0.072054 0.967768
1540821863.070310 1864.140858 -1910.385271 -2534.182481 -0.216236 -0.067381 0.069042 0.971563
1540821863.177155 1872.663785 -1927.541062 -2559.789251 -0.214439 -0.013077 0.067800 0.974294
1540821863.230450 1876.927413 -1936.136810 -2572.588538 -0.208016 0.015403 0.067339 0.975683
1540821863.283724 1881.199340 -1944.757791 -2585.399685 -0.193410 0.046133 0.062385 0.978045
1540821863.337037 1885.485003 -1953.411546 -2598.240031 -0.176268 0.080859 0.046579 0.979909
1540821863.390441 1889.784532 -1962.099920 -2611.126337 -0.161066 0.111375 0.020856 0.980417
1540821863.443948 1894.096023 -1970.820590 -2624.061910 -0.145353 0.136501 -0.009758 0.979870
1540821863.551066 1902.733201 -1988.318124 -2650.038156 -0.125290 0.193332 -0.010780 0.973041
1540821863.658028 1911.378892 -2005.870462 -2676.086070 -0.101860 0.293051 0.095189 0.945878
1540821863.764794 1920.058457 -2023.506746 -2702.206578 -0.070535 0.393510 0.261254 0.878590
1540821863.871587 1928.834460 -2041.264314 -2728.487732 -0.070403 0.467920 0.441924 0.762101
1540821863.925147 1933.290268 -2050.206673 -2741.742621 -0.067920 0.504035 0.500441 0.700639
1540821863.978866 1937.799508 -2059.192420 -2755.093240 -0.066337 0.543325 0.525863 0.651050
1540821864.141093 1951.628311 -2086.412922 -2795.798835 -0.079682 0.652778 0.563157 0.500385
1540821864.358810 1970.584861 -2123.145483 -2851.422348 -0.077052 0.800919 0.518921 0.288640
1540821864.467734 1980.158687 -2141.627381 -2879.672125 -0.010141 0.829134 0.546470 0.117495
1540821864.522257 1984.956010 -2150.902646 -2893.925172 0.023712 0.833664 0.549652 0.048209
1540821864.576865 1989.755058 -2160.207168 -2908.273205 0.052091 0.833468 0.550018 -0.009948
1540821864.686335 1999.339827 -2178.897220 -2937.239545 0.114204 0.822208 0.546523 -0.110652
1540821864.796080 2008.869553 -2197.688845 -2966.548214 0.130239 0.819455 0.531729 -0.169691
1540821865.016142 2027.674751 -2235.579902 -3026.119837 0.107013 0.830047 0.496696 -0.229918
1540821865.126133 2036.926169 -2254.640319 -3056.276885 0.084979 0.845718 0.459330 -0.257983
1540821865.181008 2041.518146 -2264.177482 -3071.400771 0.079159 0.844869 0.455643 -0.268924
1540821865.344867 2055.132616 -2292.760126 -3116.858312 0.076879 0.826884 0.444838 -0.335370
1540821865.453494 2064.072991 -2311.800494 -3147.223067 0.090414 0.787234 0.418733 -0.443566
1540821865.507581 2068.498354 -2321.309518 -3162.405322 0.097123 0.758611 0.402791 -0.502828
1540821865.668699 2081.566527 -2349.768381 -3207.860966 -0.145964 -0.655533 -0.332815 0.661971
1540821865.881895 2098.620548 -2387.733459 -3268.398072 -0.243287 -0.411812 -0.188902 0.857635
1540821865.989016 2107.115976 -2406.934804 -3298.922443 -0.293686 -0.259949 -0.098256 0.914615
1540821866.042854 2111.372727 -2416.623715 -3314.275334 -0.308276 -0.196005 -0.059352 0.928992
1540821866.096878 2115.639877 -2426.377618 -3329.685309 -0.319162 -0.134947 -0.028046 0.937624
1540821866.151046 2119.918208 -2436.187064 -3345.137569 -0.331098 -0.075576 0.008565 0.940526
1540821866.205297 2124.206072 -2446.040423 -3360.615716 -0.340146 -0.022614 0.050945 0.938719
1540821866.259563 2128.504261 -2455.928732 -3376.094937 -0.341494 0.024765 0.094253 0.934818
1540821866.313813 2132.817576 -2465.848035 -3391.567545 -0.333617 0.069880 0.134870 0.930391
1540821866.422096 2141.492952 -2485.745745 -3422.450062 -0.315247 0.139772 0.196912 0.917774
1540821866.529972 2150.245609 -2505.698610 -3453.232093 -0.297968 0.185053 0.220464 0.910146
1540821866.637552 2159.080951 -2525.712811 -3483.964771 -0.258728 0.224148 0.235827 0.909507
1540821866.691279 2163.532477 -2535.751220 -3499.333233 -0.220072 0.247203 0.241732 0.912154
1540821866.798654 2172.502801 -2555.894101 -3530.114078 -0.168386 0.300030 0.253074 0.904202
1540821866.852346 2177.026218 -2566.007451 -3545.546858 -0.155441 0.335678 0.255118 0.893349
1540821866.906080 2181.575954 -2576.156969 -3561.021642 -0.149404 0.374877 0.251868 0.879607
1540821867.013758 2190.756038 -2596.569367 -3592.127980 -0.153030 0.480651 0.256289 0.824544
1540821867.121820 2200.044958 -2617.154695 -3623.483701 -0.135625 0.609902 0.320885 0.711799
1540821867.230425 2209.466391 -2637.946863 -3655.160088 -0.109372 0.709115 0.369102 0.590727
1540821867.284914 2214.223093 -2648.416086 -3671.129361 -0.095507 0.758522 0.391877 0.511815
1540821867.448768 2228.606295 -2680.028504 -3719.485620 0.003795 0.851786 0.485957 0.195682
1540821867.612472 2242.992805 -2711.775536 -3768.367190 0.137038 0.821735 0.545296 -0.092870
1540821867.721860 2252.516091 -2733.059376 -3801.370386 0.160237 0.789002 0.551825 -0.217461
1540821867.831662 2261.963573 -2754.479437 -3834.761015 0.185307 0.755039 0.540801 -0.321111
1540821867.886736 2266.646999 -2765.246754 -3851.605862 0.177764 0.754249 0.529417 -0.345291
1540821867.997141 2275.932232 -2786.886543 -3885.558442 0.151257 0.763330 0.511534 -0.364392
1540821868.107710 2285.112293 -2808.628131 -3919.788136 0.132424 0.778519 0.490062 -0.369069
1540821868.273511 2298.725464 -2841.342915 -3971.488070 0.061619 0.806799 0.471640 -0.350476
1540821868.383767 2307.703197 -2863.180865 -4006.117108 0.056629 0.810440 0.459001 -0.359581
1540821868.438766 2312.149545 -2874.112033 -4023.477748 0.042318 0.818999 0.447945 -0.356084
1540821868.493617 2316.563445 -2885.045769 -4040.853574 0.024114 0.829510 0.434901 -0.349561
1540821868.602348 2325.259983 -2906.824274 -4075.481831 0.010530 0.844025 0.412374 -0.342721
1540821868.709692 2333.780896 -2928.468842 -4109.904406 0.057656 0.849010 0.381133 -0.361380
1540821868.763025 2337.989799 -2939.273331 -4127.086631 0.079785 0.854587 0.362936 -0.362758
1540821868.816214 2342.171585 -2950.082470 -4144.273396 0.081110 0.876532 0.339135 -0.331813
1540821868.975788 2354.637751 -2982.715636 -4196.100611 0.028373 0.932813 0.294812 -0.205281
1540821869.135499 2367.084903 -3015.626468 -4248.337378 -0.100162 0.948611 0.299361 -0.022096
1540821869.242258 2375.441985 -3037.733985 -4283.451892 -0.161602 0.940059 0.289925 0.078213
1540821869.349956 2383.931582 -3060.124785 -4319.033524 -0.217938 0.924066 0.272494 0.156051
1540821869.404219 2388.237491 -3071.440765 -4337.017916 -0.238048 0.916773 0.259722 0.188163
1540821869.513362 2396.962286 -3094.263164 -4373.296841 -0.272319 0.897530 0.245353 0.245119
1540821869.677650 2410.278638 -3128.761917 -4428.147345 -0.360104 0.825054 0.217918 0.376991
1540821869.841689 2423.863694 -3163.398721 -4483.139681 -0.378883 0.736304 0.198101 0.524461
1540821869.950556 2433.041873 -3186.498004 -4519.726530 -0.404150 0.647776 0.161701 0.625221
1540821870.004809 2437.661940 -3198.042755 -4537.973714 -0.416332 0.596317 0.141151 0.671677
1540821870.166960 2451.634027 -3232.691044 -4592.526283 -0.435157 0.439163 0.090548 0.780753
1540821870.328441 2465.742502 -3267.413498 -4646.827708 -0.423629 0.323256 0.047534 0.844858
1540821870.436013 2475.213826 -3290.670572 -4682.974180 -0.398689 0.268415 0.025443 0.876558
1540821870.543937 2484.752175 -3314.111682 -4719.221972 -0.382047 0.211223 -0.017590 0.899508
1540821870.598142 2489.549802 -3325.929649 -4737.419203 -0.375604 0.178972 -0.048616 0.908035
1540821870.707203 2499.193373 -3349.800144 -4774.011369 -0.361198 0.100967 -0.133437 0.917353
1540821870.817086 2508.863954 -3373.973696 -4810.858985 -0.344765 0.016015 -0.217335 0.913042
1540821870.927734 2518.520753 -3398.428865 -4847.959050 -0.336303 -0.041625 -0.257124 0.905016
1540821871.039378 2528.166192 -3423.216437 -4885.402342 -0.323669 -0.070811 -0.244770 0.911214
1540821871.152031 2537.810960 -3448.335082 -4923.210900 -0.309327 -0.088590 -0.219714 0.920975
1540821871.208692 2542.636929 -3461.000514 -4942.246188 -0.303438 -0.101206 -0.216252 0.922452
1540821871.322572 2552.283890 -3486.527382 -4980.544227 -0.286552 -0.147063 -0.235321 0.916997
1540821871.437050 2561.892061 -3512.289027 -5019.107924 -0.285156 -0.220583 -0.234109 0.902897
1540821871.494439 2566.671142 -3525.243094 -5038.467299 -0.289972 -0.270386 -0.210797 0.893517
1540821871.551859 2571.429022 -3538.233784 -5057.851369 -0.280950 -0.304640 -0.195230 0.888902
1540821871.666330 2580.851512 -3564.226209 -5096.558363 -0.264633 -0.426431 -0.199920 0.841521
1540821871.779272 2590.056321 -3589.999367 -5134.838225 -0.220681 -0.528351 -0.246521 0.781903
1540821871.834914 2594.553056 -3602.744152 -5153.738044 -0.193336 -0.555955 -0.279848 0.758433
1540821871.889962 2598.974751 -3615.382078 -5172.471794 -0.162145 -0.583864 -0.317927 0.729201
1540821871.998345 2607.593912 -3640.346564 -5209.482918 0.092433 0.666909 0.394789 -0.625164
1540821872.104921 2615.974195 -3664.993047 -5246.082585 0.032164 0.748128 0.460609 -0.476560
1540821872.210749 2624.221632 -3689.556887 -5282.668304 -0.018141 0.805192 0.503328 -0.313046
1540821872.316886 2632.448118 -3714.276389 -5319.627841 -0.058103 0.833022 0.523090 -0.170516
1540821872.423911 2640.728327 -3739.277518 -5357.177157 -0.085435 0.846574 0.519462 -0.078565
1540821872.477858 2644.904323 -3751.904514 -5376.207359 -0.092168 0.851429 0.513973 -0.049043
1540821872.586521 2653.333464 -3777.395083 -5414.749173 -0.139147 0.855507 0.498180 0.023701
1540821872.695968 2661.873726 -3803.140315 -5453.836253 -0.178436 0.854029 0.479938 0.091951
1540821872.861510 2674.908152 -3842.193851 -5513.392644 -0.069032 0.868546 0.477969 0.111392
1540821872.972514 2683.681067 -3868.431774 -5553.578801 -0.032068 0.891829 0.427969 0.143019
1540821873.028183 2688.089307 -3881.617486 -5573.815627 -0.021659 0.908911 0.383847 0.161474
1540821873.084007 2692.514725 -3894.869182 -5594.166464 -0.031288 0.917953 0.348714 0.186498
1540821873.196192 2701.449059 -3921.626005 -5635.245742 -0.121028 0.913783 0.263527 0.284440
1540821873.309553 2710.569639 -3948.839268 -5676.953178 -0.233617 0.847459 0.180374 0.441250
1540821873.424522 2719.918507 -3976.568300 -5719.366425 -0.310438 0.705581 0.125875 0.624451
1540821873.540680 2729.450959 -4004.706402 -5762.296883 -0.341810 0.531574 0.050533 0.773331
1540821873.657162 2739.088624 -4033.079429 -5805.373004 -0.310937 0.369786 -0.030647 0.875007
1540821873.715022 2743.893714 -4047.237497 -5826.775469 -0.298825 0.310035 -0.077632 0.899197
1540821873.829246 2753.384936 -4075.315173 -5869.030389 -0.291779 0.250283 -0.145993 0.911542
1540821873.942102 2762.746364 -4103.208023 -5910.780910 -0.275200 0.255339 -0.131552 0.917475
1540821874.054455 2772.052178 -4131.129746 -5952.353844 -0.251633 0.261649 -0.135328 0.921904
1540821874.166717 2781.337945 -4159.137899 -5993.938372 -0.227600 0.270851 -0.134406 0.925620
1540821874.279094 2790.624876 -4187.236502 -6035.642525 -0.204596 0.277198 -0.129959 0.929738
1540821874.335344 2795.273503 -4201.323237 -6056.550892 -0.198176 0.276747 -0.149596 0.928309
1540821874.448036 2804.579980 -4229.586534 -6098.503946 -0.185135 0.272742 -0.189862 0.924819
1540821874.561146 2813.901589 -4258.005973 -6140.701338 -0.161631 0.258874 -0.167824 0.937387
1540821874.617826 2818.565855 -4272.273966 -6161.878985 -0.148299 0.240904 -0.147464 0.947749
1540821874.674537 2823.225693 -4286.573577 -6183.088792 -0.132319 0.226161 -0.119896 0.957584
1540821874.787733 2832.511993 -4315.209294 -6225.493428 -0.096183 0.187371 -0.038135 0.976825
1540821874.900088 2841.725554 -4343.767265 -6267.685206 -0.063238 0.150416 0.021312 0.986368
1540821875.011365 2850.865544 -4372.176067 -6309.584982 -0.018106 0.135154 0.035925 0.990008
1540821875.121619 2859.930178 -4400.440849 -6351.221584 0.014013 0.128588 0.027396 0.991221
1540821875.230781 2868.906460 -4428.556447 -6392.573392 0.030598 0.115867 0.000265 0.992793
1540821875.284985 2873.359493 -4442.566675 -6413.155614 0.038126 0.101946 -0.016267 0.993926
1540821875.392768 2882.203030 -4470.514925 -6454.179884 0.045477 0.067612 -0.039385 0.995896
1540821875.499841 2890.969730 -4498.405324 -6495.064868 0.058523 0.038009 -0.056554 0.995958
1540821875.606292 2899.659989 -4526.270636 -6535.850623 0.075517 0.009025 -0.082514 0.993684
1540821875.712247 2908.272618 -4554.136359 -6576.585465 0.088068 -0.033258 -0.113498 0.989068
1540821875.817862 2916.815613 -4582.031657 -6617.332264 0.098558 -0.082385 -0.130317 0.983116
1540821875.870539 2921.059755 -4595.995464 -6637.712898 0.112244 -0.103490 -0.141378 0.978112
1540821875.975496 2929.474558 -4623.926902 -6678.441188 0.151632 -0.143404 -0.164252 0.964087
1540821876.079756 2937.773472 -4651.798435 -6719.072974 0.161365 -0.199851 -0.203348 0.944812
1540821876.183336 2945.958241 -4679.589751 -6759.613380 0.145113 -0.275572 -0.270311 0.911007
1540821876.286221 2954.018995 -4707.279338 -6800.054429 0.128438 -0.370066 -0.358599 0.847326
1540821876.388401 2961.948190 -4734.843104 -6840.403111 0.069324 -0.479658 -0.425080 0.764480
1540821876.439408 2965.877640 -4748.625300 -6860.613687 0.036170 -0.534912 -0.451139 0.713467
1540821876.541824 2973.701693 -4776.347598 -6901.335070 0.001135 0.630494 0.495397 -0.597544
1540821876.645243 2981.521825 -4804.386949 -6942.645536 0.000955 0.699578 0.541173 -0.466605
1540821876.749676 2989.345779 -4832.745189 -6984.568360 -0.015919 0.736286 0.575027 -0.356334
1540821876.854977 2997.172341 -4861.369063 -7027.070279 -0.054498 0.756596 0.596735 -0.261726
1540821876.960875 3004.997717 -4890.179513 -7070.053897 -0.153031 0.754748 0.618574 -0.155894
1540821877.014046 3008.921466 -4904.648912 -7091.730411 -0.216497 0.741589 0.626600 -0.102700
1540821877.120793 3016.820386 -4933.700706 -7135.427948 -0.273877 0.693078 0.662100 -0.079104
1540821877.228124 3024.799682 -4962.894354 -7179.643093 -0.264904 0.625957 0.722966 -0.123786
1540821877.336162 3032.851026 -4992.243814 -7224.456869 -0.253476 0.581769 0.754809 -0.166009
1540821877.445219 3040.975133 -5021.815879 -7269.986427 -0.243417 0.566263 0.763838 -0.191432
1540821877.555267 3049.159122 -5051.611819 -7316.188988 -0.229110 0.565724 0.765166 -0.204905
1540821877.610637 3053.273859 -5066.583012 -7339.536034 -0.195402 0.580688 0.761144 -0.212789
1540821877.722027 3061.528183 -5096.673471 -7386.735568 -0.077145 0.638489 0.722160 -0.254686
1540821877.834207 3069.761267 -5126.985655 -7434.615285 0.032977 0.713455 0.649734 -0.260270
1540821877.890449 3073.842662 -5142.202839 -7458.754950 0.046119 0.760000 0.604493 -0.234224
1540821877.946661 3077.894854 -5157.437045 -7482.965689 0.048202 0.800990 0.560723 -0.204160
1540821878.058780 3085.912734 -5187.927973 -7531.511732 0.037347 0.870461 0.466125 -0.153721
1540821878.170052 3093.804125 -5218.380524 -7580.011024 0.017841 0.909619 0.398990 -0.114375
1540821878.279885 3101.565177 -5248.610598 -7628.129765 0.052735 0.906662 0.396771 -0.133253
1540821878.388725 3109.232137 -5278.667477 -7676.007564 0.056160 0.914714 0.361428 -0.171795
1540821878.497217 3116.857654 -5308.688693 -7723.875717 0.023052 0.918771 0.325811 -0.221757
1540821878.551499 3120.671569 -5323.725769 -7747.872948 -0.007972 0.912991 0.325116 -0.246340
1540821878.660475 3128.325680 -5353.954756 -7796.154246 -0.051871 0.901216 0.313464 -0.294719
1540821878.770571 3136.067282 -5384.552264 -7845.078219 -0.094315 0.895523 0.288511 -0.325432
1540821878.938584 3147.895561 -5431.432610 -7920.037362 -0.021756 0.890004 0.206508 -0.405923
1540821879.108901 3159.862821 -5479.334042 -7996.366450 0.052989 0.850640 0.096129 -0.514162
1540821879.165898 3163.854582 -5495.458760 -8021.963392 0.072387 0.820242 0.054420 -0.564802
1540821879.279526 3171.808853 -5527.739558 -8073.032517 -0.146861 -0.698133 0.045623 0.699257
1540821879.391486 3179.659514 -5559.698068 -8123.363877 -0.274501 -0.462751 0.173411 0.824887
1540821879.556316 3191.318949 -5606.967371 -8197.418775 -0.406568 -0.104289 0.300521 0.856454
1540821879.666465 3199.247998 -5638.679198 -8246.832989 -0.419456 -0.005948 0.284614 0.861984
1540821879.722007 3203.293864 -5654.701908 -8271.728214 -0.406194 0.017505 0.258998 0.876139
1540821879.777816 3207.389609 -5670.827793 -8296.735506 -0.376591 0.039993 0.250922 0.890853
1540821879.889700 3215.681276 -5703.215803 -8346.867212 -0.313230 0.054387 0.252354 0.913918
1540821880.000755 3223.990695 -5735.424744 -8396.671410 -0.275990 0.068265 0.286913 0.914795
1540821880.110149 3232.236733 -5767.194217 -8445.793727 -0.239464 0.109046 0.400564 0.877676
1540821880.217767 3240.440047 -5798.477083 -8494.202949 -0.225630 0.159894 0.461638 0.842861
1540821880.324028 3248.644928 -5829.392296 -8542.093739 -0.224886 0.217528 0.495391 0.810368
1540821880.376883 3252.777205 -5844.785037 -8565.952551 -0.227635 0.239524 0.486267 0.808922
1540821880.482316 3261.132811 -5875.525454 -8613.610982 -0.228465 0.266331 0.455726 0.818038
1540821880.587512 3269.623136 -5906.263384 -8661.257071 -0.218671 0.291451 0.442697 0.819304
1540821880.640031 3273.909835 -5921.632214 -8685.080409 -0.204991 0.302374 0.440233 0.820210
1540821880.692456 3278.214746 -5936.984699 -8708.887283 -0.185987 0.312617 0.438945 0.821588
1540821880.796840 3286.856226 -5967.592587 -8756.371140 -0.123523 0.344289 0.428573 0.826155
1540821880.900469 3295.528179 -5998.040683 -8803.636286 -0.076972 0.381942 0.434872 0.811839
1540821881.003356 3304.240046 -6028.333385 -8850.708836 -0.033955 0.438318 0.455430 0.774150
1540821881.106114 3313.036214 -6058.654399 -8897.886061 -0.015486 0.511748 0.439196 0.738228
1540821881.209153 3321.933797 -6089.128467 -8945.359404 -0.023896 0.567635 0.429424 0.702008
1540821881.260835 3326.427348 -6104.443833 -8969.234134 -0.026699 0.587623 0.424001 0.688629
1540821881.364540 3335.498869 -6135.238159 -9017.275823 -0.039522 0.619038 0.393925 0.678272
1540821881.468511 3344.666426 -6166.197776 -9065.612281 -0.051493 0.636854 0.370381 0.674228
1540821881.572599 3353.914437 -6197.287879 -9114.175695 -0.042776 0.653057 0.362996 0.663265
1540821881.624689 3358.568049 -6212.886512 -9138.546033 -0.038747 0.664436 0.360956 0.653249
1540821881.676818 3363.238815 -6228.515058 -9162.978484 -0.039791 0.679965 0.354906 0.640395
1540821881.728997 3367.924519 -6244.180494 -9187.479621 -0.035283 0.704221 0.343545 0.620327
1540821881.781226 3372.627777 -6259.880852 -9212.049987 -0.026528 0.741229 0.324011 0.587275
1540821881.833525 3377.342868 -6275.623900 -9236.693351 -0.018925 0.779473 0.310356 0.543823
1540821881.885977 3382.074889 -6291.431995 -9261.450489 -0.005451 0.812171 0.318942 0.488492
1540821881.938675 3386.836680 -6307.337597 -9286.367434 0.013871 0.837438 0.339967 0.427699
1540821881.991672 3391.628291 -6323.354372 -9311.473186 0.043119 0.857606 0.360365 0.364405
1540821882.044994 3396.450245 -6339.491192 -9336.785260 0.075817 0.872646 0.377554 0.300321
1540821882.152678 3406.173399 -6372.146321 -9388.066404 0.126501 0.890535 0.401103 0.173380
1540821882.207076 3411.070304 -6388.673471 -9414.056074 0.144790 0.893830 0.410625 0.107190
1540821882.261877 3415.990840 -6405.344183 -9440.295140 0.156403 0.893673 0.418507 0.041699
1540821882.317117 3420.932942 -6422.165205 -9466.807012 0.160733 0.890846 0.424422 -0.020602
1540821882.372825 3425.897553 -6439.149680 -9493.595577 0.160609 0.885249 0.428858 -0.081362
1540821882.429072 3430.889989 -6456.318568 -9520.699870 0.163048 0.875634 0.430951 -0.144783
1540821882.543039 3440.929023 -6491.165499 -9575.791746 0.178032 0.847096 0.421282 -0.270655
1540821882.658690 3451.001587 -6526.616794 -9631.916486 0.179368 0.812937 0.403614 -0.379548
1540821882.834728 3466.093215 -6580.764587 -9717.726242 0.206167 0.747953 0.351632 -0.523848
1540821882.953195 3476.082563 -6617.337063 -9775.694967 0.194606 0.724986 0.336655 -0.568495
1540821883.012631 3481.048918 -6635.724421 -9804.839128 0.184842 0.719936 0.334218 -0.579502
1540821883.072170 3485.995265 -6654.169326 -9834.075630 0.179338 0.718537 0.325081 -0.588103
1540821883.251368 3500.709295 -6709.860317 -9922.312871 0.180926 0.714218 0.276567 -0.616985
1540821883.431399 3515.254045 -6766.090044 -10011.295937 0.208727 0.689213 0.211035 -0.660971
1540821883.551981 3524.876311 -6803.901860 -10071.055348 -0.223929 -0.658193 -0.188635 0.693581
1540821883.673081 3534.458016 -6841.995258 -10131.183328 -0.231519 -0.622844 -0.166471 0.728527
1540821883.733815 3539.229796 -6861.147574 -10161.380683 -0.224605 -0.608687 -0.155431 0.744912
1540821883.855466 3548.732573 -6899.620311 -10221.941694 -0.180155 -0.587990 -0.127017 0.778253
1540821883.976660 3558.139320 -6938.082739 -10282.385490 -0.155457 -0.555979 -0.092071 0.811322
1540821884.036800 3562.793120 -6957.216017 -10312.419179 -0.146262 -0.532639 -0.068725 0.830770
1540821884.096549 3567.411003 -6976.252777 -10342.284017 -0.142790 -0.503873 -0.041172 0.850898
1540821884.214576 3576.526686 -7013.938535 -10401.357742 -0.164697 -0.439515 0.036384 0.882257
1540821884.330640 3585.493156 -7051.104141 -10459.532322 -0.167136 -0.372530 0.099769 0.907377
1540821884.444917 3594.343762 -7087.805110 -10516.882636 -0.148966 -0.311807 0.142322 0.927540
1540821884.557350 3603.089785 -7124.030380 -10573.377379 -0.121249 -0.249345 0.175418 0.944645
1540821884.612855 3607.432517 -7141.962471 -10601.293867 -0.095175 -0.214533 0.181985 0.954882
1540821884.667791 3611.742155 -7159.739318 -10628.942584 -0.070242 -0.178527 0.189796 0.962898
1540821884.722061 3616.020916 -7177.329630 -10656.279488 -0.055077 -0.139275 0.202891 0.967680
1540821884.828454 3624.465136 -7211.897669 -10709.943864 -0.043827 -0.040578 0.256900 0.964591
1540821884.932145 3632.782642 -7245.691544 -10762.344238 -0.048508 0.080112 0.304088 0.948029
1540821885.083846 3645.120342 -7295.291544 -10839.208338 -0.090967 0.249360 0.380091 0.886045
1540821885.183895 3653.386112 -7328.104675 -10890.048302 -0.118417 0.360959 0.401763 0.833230
1540821885.233908 3657.561125 -7344.535986 -10915.510758 -0.132063 0.415511 0.403866 0.804240
1540821885.283982 3661.769810 -7361.005731 -10941.038326 -0.142993 0.471181 0.407280 0.769198
1540821885.384362 3670.284314 -7394.075233 -10992.319169 -0.141449 0.589196 0.417305 0.677272
1540821885.434646 3674.580983 -7410.665010 -11018.063883 -0.142466 0.642068 0.419645 0.625580
1540821885.484990 3678.902566 -7427.290232 -11043.879127 -0.142271 0.688072 0.421817 0.573050
1540821885.586082 3687.636984 -7460.715748 -11095.838531 -0.142522 0.750144 0.437262 0.475156
1540821885.687749 3696.485057 -7494.387094 -11148.260402 -0.136917 0.791124 0.459866 0.379341
1540821885.789969 3705.441514 -7528.290499 -11201.146829 -0.103498 0.816237 0.489369 0.289074
1540821885.841269 3709.954819 -7545.322594 -11227.761224 -0.084026 0.819635 0.509543 0.248000
1540821885.944197 3719.040421 -7579.536840 -11281.327604 -0.059495 0.824918 0.529712 0.188083
1540821886.047331 3728.174402 -7613.868387 -11335.234980 -0.040416 0.836147 0.528730 0.140247
1540821886.150355 3737.315104 -7648.219256 -11389.311899 -0.029456 0.849553 0.516582 0.102635
1540821886.201797 3741.882594 -7665.389390 -11416.402687 -0.033264 0.859460 0.502158 0.089773
1540821886.253203 3746.447914 -7682.563111 -11443.529949 -0.038080 0.875125 0.476349 0.076142
1540821886.356096 3755.589180 -7716.994770 -11497.991218 -0.055236 0.915499 0.395398 0.049705
1540821886.407662 3760.173116 -7734.280983 -11525.359838 -0.066582 0.935555 0.344248 0.042390
1540821886.511082 3769.375126 -7768.999487 -11580.369798 -0.098073 0.954389 0.279845 0.034790
1540821886.615131 3778.644422 -7803.993651 -11635.867546 -0.108648 0.969808 0.216684 0.026758
1540821886.667449 3783.309716 -7821.615962 -11663.824781 -0.109000 0.975158 0.191902 0.018984
1540821886.719933 3787.992106 -7839.316704 -11691.907563 -0.106083 0.977105 0.184276 0.007346
1540821886.825654 3797.433869 -7875.060337 -11748.596854 -0.072934 0.981269 0.175662 -0.030567
1540821886.932063 3806.941507 -7911.161373 -11805.811217 -0.008917 0.979760 0.182237 -0.082341
1540821887.039191 3816.497465 -7947.644237 -11863.577216 0.027899 0.975149 0.177613 -0.129461
1540821887.146958 3826.078142 -7984.483717 -11921.847011 0.052842 0.970226 0.165924 -0.168342
1540821887.255548 3835.700499 -8021.728529 -11980.720346 0.072296 0.964891 0.155202 -0.199174
1540821887.310232 3840.530324 -8040.526478 -12010.424524 0.071573 0.963465 0.146809 -0.212271
1540821887.365157 3845.378762 -8059.430860 -12040.294769 0.069892 0.961641 0.138374 -0.226307
1540821887.420409 3850.242770 -8078.469971 -12070.375939 0.069243 0.959768 0.129094 -0.239552
1540821887.476069 3855.138963 -8097.671186 -12100.715907 0.069671 0.957696 0.119508 -0.252352
1540821887.532122 3860.063750 -8117.030697 -12131.308063 0.069567 0.953520 0.111680 -0.271087
1540821887.645280 3869.966712 -8156.179653 -12193.156031 0.065402 0.930627 0.100980 -0.345629
1540821887.702465 3874.963060 -8176.003707 -12224.462698 0.066648 0.910068 0.095514 -0.397757
1540821887.817779 3885.005984 -8216.068490 -12287.686027 0.095250 0.846452 0.083362 -0.517201
1540821887.875760 3890.047011 -8236.257809 -12319.524007 0.127753 0.805838 0.078110 -0.572890
1540821887.933869 3895.085367 -8256.518804 -12351.462311 0.166350 0.763018 0.074730 -0.620118
1540821888.050117 3905.129969 -8297.136654 -12415.439223 -0.249204 -0.675863 -0.060152 0.691005
1540821888.224080 3920.057796 -8358.134611 -12511.323377 -0.289013 -0.555232 -0.011625 0.779778
1540821888.397834 3934.873617 -8419.302018 -12607.208736 -0.280884 -0.393348 0.018260 0.875242
1540821888.512502 3944.626815 -8459.807769 -12670.547577 -0.295641 -0.265483 0.055001 0.916018
1540821888.569141 3949.446031 -8479.856003 -12701.844825 -0.301933 -0.201034 0.079757 0.928472
1540821888.680846 3958.961849 -8519.471557 -12763.599702 -0.297646 -0.091576 0.111602 0.943698
1540821888.790553 3968.336492 -8558.484665 -12824.281679 -0.276830 -0.021535 0.144106 0.949808
1540821888.951331 3982.169343 -8615.860303 -12913.284829 -0.215141 0.040136 0.145373 0.964868
1540821889.056053 3991.248831 -8653.366399 -12971.309684 -0.192565 0.085082 0.143481 0.967002
1540821889.107699 3995.746383 -8671.906268 -12999.952219 -0.184195 0.115828 0.152723 0.964019
1540821889.158903 4000.218430 -8690.306884 -13028.367825 -0.183133 0.150446 0.161547 0.957983
1540821889.260266 4009.114129 -8726.800675 -13084.671087 -0.184052 0.225251 0.170319 0.941477
1540821889.360714 4017.979025 -8763.050397 -13140.542872 -0.188993 0.302386 0.168159 0.919003
1540821889.460764 4026.860644 -8799.241002 -13196.270673 -0.187421 0.378001 0.158205 0.892726
1540821889.560826 4035.792287 -8835.509586 -13252.090029 -0.185179 0.446071 0.151263 0.862467
1540821889.661212 4044.798451 -8871.969371 -13308.178797 -0.180759 0.508038 0.144589 0.829649
1540821889.711563 4049.332801 -8890.279801 -13336.346310 -0.177960 0.535157 0.142577 0.813394
1540821889.812653 4058.461499 -8927.098223 -13392.968873 -0.176433 0.593167 0.145014 0.772007
1540821889.914145 4067.672243 -8964.134973 -13449.920596 -0.179715 0.644534 0.161451 0.725404
1540821889.965025 4072.311184 -8982.736090 -13478.512471 -0.182259 0.671843 0.175856 0.696049
1540821890.016003 4076.968026 -9001.395985 -13507.188607 -0.183627 0.695461 0.197017 0.666183
1540821890.118346 4086.368077 -9038.917932 -13564.847034 -0.181983 0.736212 0.242400 0.605075
1540821890.221393 4095.901177 -9076.793043 -13623.038459 -0.178296 0.774753 0.247987 0.553598
1540821890.325159 4105.570862 -9115.030845 -13681.785567 -0.168018 0.811949 0.241897 0.503978
1540821890.429492 4115.352237 -9153.577301 -13740.997856 -0.145058 0.847227 0.244897 0.448542
1540821890.534272 4125.225057 -9192.386848 -13800.625574 -0.115537 0.878264 0.259099 0.384931
1540821890.586808 4130.190264 -9211.878692 -13830.578182 -0.099106 0.888567 0.281825 0.348140
1540821890.744728 4145.160276 -9270.588154 -13920.881941 -0.040856 0.901738 0.362115 0.232533
1540821891.008284 4170.218695 -9368.992397 -14072.581371 -0.023800 0.930539 0.357369 0.076275
1540821891.113438 4180.220024 -9408.407781 -14133.454384 -0.035762 0.939018 0.341147 0.024198
1540821891.165867 4185.205243 -9428.089079 -14163.877858 -0.039569 0.941855 0.333680 -0.001366
1540821891.374632 4205.036033 -9506.700973 -14285.476019 -0.049657 0.944457 0.308809 -0.100861
1540821891.530661 4219.831571 -9565.694179 -14376.824976 0.001263 0.940098 0.283612 -0.189150
1540821891.687158 4234.598866 -9625.080065 -14468.817906 0.083836 0.915596 0.267564 -0.288211
1540821891.739660 4239.528067 -9645.052104 -14499.754214 0.125683 0.900943 0.262046 -0.322238
1540821891.845312 4249.394517 -9685.317236 -14562.119118 0.187962 0.868401 0.247102 -0.386640
1540821892.005214 4264.157300 -9746.456453 -14656.743313 0.262939 0.805221 0.213798 -0.486593
1540821892.166949 4278.858521 -9808.533804 -14752.695451 0.287436 0.743609 0.187299 -0.573886
1540821892.275938 4288.644565 -9850.488130 -14817.453809 0.285637 0.697541 0.182930 -0.631177
1540821892.330782 4293.531600 -9871.636576 -14850.073849 0.282029 0.672790 0.180659 -0.659679
1540821892.496438 4308.177255 -9935.653793 -14948.722547 -0.257321 -0.593308 -0.182909 0.740484
1540821892.607468 4317.898979 -9978.688114 -15014.939629 -0.241038 -0.529997 -0.170374 0.794969
1540821892.663064 4322.744962 -10000.274885 -15048.123991 -0.244049 -0.494633 -0.160189 0.818607
1540821892.829667 4337.180553 -10065.116634 -15147.668651 -0.263194 -0.374953 -0.123635 0.880258
1540821892.995425 4351.450785 -10129.854920 -15246.830384 -0.282316 -0.237370 -0.069120 0.926917
1540821893.105317 4360.886901 -10172.893725 -15312.627817 -0.308359 -0.155908 -0.023465 0.938114
1540821893.215018 4370.304037 -10215.955048 -15378.342665 -0.330395 -0.076208 0.019858 0.940551
1540821893.269991 4375.029548 -10237.572573 -15411.283905 -0.339049 -0.041964 0.042877 0.938854
1540821893.380393 4384.543837 -10281.055956 -15477.452941 -0.360275 0.033780 0.089363 0.927942
1540821893.547845 4399.071712 -10347.209408 -15577.852028 -0.353560 0.123542 0.122440 0.919098
1540821893.660514 4408.927756 -10391.841063 -15645.440616 -0.340828 0.181780 0.139291 0.911806
1540821893.830218 4423.915681 -10459.244088 -15747.335921 -0.317748 0.278328 0.167598 0.890775
1540821893.886891 4428.960556 -10481.800625 -15781.397956 -0.309711 0.306071 0.176843 0.882681
1540821894.227570 4459.786657 -10617.916688 -15986.575196 -0.265002 0.466413 0.235378 0.810451
1540821894.454488 4480.817988 -10709.065136 -16123.780969 -0.221286 0.559703 0.287286 0.745139
1540821894.510812 4486.099976 -10731.751454 -16157.918713 -0.202239 0.570128 0.304168 0.735890
1540821894.840760 4517.578482 -10865.118610 -16358.754860 -0.119692 0.720564 0.383298 0.565282
1540821895.054492 4538.355556 -10951.920795 -16489.769369 -0.074819 0.805923 0.396341 0.433364
1540821895.107595 4543.547581 -10973.532146 -16522.439912 -0.063934 0.823066 0.396537 0.401539
1540821895.422959 4574.553414 -11102.296221 -16717.548093 -0.014519 0.904450 0.393672 0.163652
1540821895.629817 4594.919598 -11187.125347 -16846.511355 0.034585 0.920188 0.389895 0.006271
1540821895.681239 4599.972824 -11208.263012 -16878.690948 0.046316 0.920262 0.387232 -0.032011
1540821895.938570 4625.090240 -11314.344467 -17040.432024 0.102451 0.902620 0.357961 -0.215974
1540821895.990394 4630.108197 -11335.769121 -17073.135641 0.110768 0.895379 0.350900 -0.250789
1540821896.252192 4655.171048 -11444.361388 -17238.959063 0.149834 0.847980 0.292987 -0.415497
1540821896.519609 4680.252317 -11555.913867 -17409.221832 0.183017 0.772846 0.208439 -0.570760
1540821896.573915 4685.289214 -11578.648802 -17443.887214 0.189617 0.752652 0.190308 -0.601118
1540821896.794115 4705.492053 -11671.118231 -17584.665162 -0.218580 -0.647548 -0.115402 0.720824
1540821897.075443 4730.945346 -11789.940174 -17764.899303 -0.294390 -0.465870 -0.005521 0.834428
1540821897.132461 4736.072417 -11814.107478 -17801.459125 -0.308346 -0.426780 0.016026 0.850015
1540821897.189740 4741.214170 -11838.416299 -17838.188738 -0.319585 -0.389376 0.038772 0.862988
1540821897.421456 4762.010937 -11937.018071 -17986.814181 -0.346758 -0.215667 0.122333 0.904589
1540821897.714828 4788.549304 -12062.442749 -18175.057849 -0.331151 -0.003619 0.197191 0.922736
1540821897.773599 4793.921628 -12087.647882 -18212.784758 -0.323354 0.033559 0.203662 0.923492
1540821897.832305 4799.308762 -12112.849117 -18250.480235 -0.316583 0.069485 0.213930 0.921510
1540821898.065800 4820.982299 -12213.337792 -18400.561297 -0.285410 0.231716 0.248022 0.896289
1540821898.296274 4842.812940 -12312.923256 -18549.032537 -0.239471 0.399264 0.318708 0.825631
1540821898.409637 4853.721222 -12362.043177 -18622.230856 -0.226035 0.476786 0.348725 0.774580
1540821898.465567 4859.136348 -12386.308392 -18658.385551 -0.225123 0.510010 0.362951 0.746643
1540821898.575796 4869.924208 -12434.178119 -18729.772837 -0.200860 0.585732 0.390395 0.681296
1540821898.684151 4880.627956 -12481.319385 -18800.097229 -0.181702 0.654713 0.408780 0.609289
1540821898.737780 4885.965155 -12504.678160 -18834.970345 -0.173641 0.686123 0.418601 0.569084
1540821898.791143 4891.294895 -12527.931513 -18869.714664 -0.167144 0.714225 0.429632 0.526651
1540821898.897355 4901.966704 -12574.269171 -18939.012239 -0.154272 0.762594 0.449630 0.438730
1540821899.003036 4912.654535 -12620.434774 -19008.170152 -0.135694 0.797541 0.470458 0.352399
1540821899.160491 4928.690735 -12689.337251 -19111.604739 -0.110532 0.838000 0.475136 0.244506
1540821899.316589 4944.679991 -12757.790184 -19214.647596 -0.081461 0.865710 0.471744 0.146177
1540821899.368360 4949.994848 -12780.528172 -19248.933780 -0.077729 0.875551 0.461434 0.120195
1540821899.523178 4965.904519 -12848.639483 -19351.787016 -0.069175 0.898256 0.431799 0.043606
1540821899.677545 4981.771595 -12916.727216 -19454.809026 -0.053910 0.912377 0.403789 -0.040210
1540821899.780578 4992.347585 -12962.273575 -19523.822616 -0.033008 0.913456 0.392488 -0.102284
1540821899.884203 5002.960981 -13008.169120 -19593.421284 0.007009 0.903170 0.392427 -0.173885
1540821899.936298 5008.280276 -13031.275646 -19628.484475 0.030374 0.894937 0.391946 -0.211051
1540821900.306594 5045.621656 -13196.139932 -19878.984598 0.168170 0.801614 0.350097 -0.454496
1540821900.469347 5061.682026 -13268.955944 -19989.676985 0.240287 0.734508 0.289601 -0.564705
1540821900.524408 5067.056458 -13293.642368 -20027.185874 0.264271 0.707291 0.265854 -0.599351
1540821900.692495 5083.285959 -13369.164131 -20141.814703 -0.343204 -0.598166 -0.190269 0.698717
1540821901.041820 5116.318385 -13526.874064 -20380.268909 -0.410336 -0.333334 -0.021767 0.848551
1540821901.101366 5121.892697 -13553.862350 -20420.908772 -0.415321 -0.286563 0.008462 0.863319
1540821901.161158 5127.488377 -13580.985457 -20461.714469 -0.419988 -0.239489 0.038465 0.874515
1540821901.401815 5150.062873 -13690.434733 -20625.877901 -0.413441 -0.053377 0.156175 0.895448
1540821901.582990 5167.251164 -13773.112361 -20749.422399 -0.385752 0.071084 0.219329 0.893329
1540821901.764049 5184.693007 -13855.975160 -20872.936854 -0.343845 0.175553 0.217627 0.896432
1540821901.824116 5190.541677 -13883.525664 -20913.936842 -0.326655 0.216558 0.224561 0.892172
1540821901.883857 5196.391945 -13910.955206 -20954.727502 -0.312030 0.259339 0.236367 0.882899
1540821902.060150 5213.854218 -13992.069958 -21075.243410 -0.283445 0.406397 0.279104 0.822558
1540821902.285542 5236.631208 -14096.150063 -21229.724990 -0.224755 0.587830 0.365384 0.685883
1540821902.394491 5247.828834 -14146.596247 -21304.625896 -0.195609 0.659160 0.412185 0.597786
1540821902.448365 5253.408748 -14171.570453 -21341.731974 -0.182387 0.686574 0.439413 0.549789
1540821902.501931 5258.976101 -14196.420589 -21378.676104 -0.167551 0.710872 0.465023 0.500342
1540821902.555250 5264.549611 -14221.169193 -21415.507046 -0.153692 0.732518 0.490076 0.446790
1540821902.608364 5270.123143 -14245.842486 -21452.248038 -0.146541 0.751890 0.504357 0.398511
1540821902.661289 5275.697633 -14270.436546 -21488.922591 -0.140739 0.770204 0.512401 0.352737
1540821902.766622 5286.847833 -14319.433006 -21562.090287 -0.135121 0.800522 0.519580 0.266352
1540821902.923529 5303.564625 -14392.519793 -21671.540750 -0.116906 0.836298 0.515896 0.144186
1540821903.027721 5314.711744 -14441.137678 -21744.514316 -0.097016 0.851038 0.508876 0.085829
1540821903.079796 5320.290563 -14465.451142 -21781.076794 -0.086181 0.853019 0.511144 0.060525
1540821903.131904 5325.875731 -14489.797837 -21817.725343 -0.074713 0.853470 0.514580 0.034845
1540821903.341124 5348.276323 -14587.714709 -21965.448403 -0.000467 0.852713 0.514527 -0.090236
1540821903.393727 5353.889585 -14612.372814 -22002.737652 0.012632 0.850130 0.511568 -0.124170
1540821903.446473 5359.508849 -14637.109951 -22040.181194 0.024087 0.847142 0.506102 -0.160098
1540821903.605715 5376.382238 -14711.891244 -22153.546540 0.068509 0.838604 0.466904 -0.272122
1540821903.659124 5382.006240 -14737.011005 -22191.671587 0.091336 0.833208 0.447733 -0.311380
1540821904.211615 5438.617670 -14998.215651 -22588.246814 -0.332884 -0.568834 -0.228530 0.716513
1540821904.269072 5444.308821 -15025.536865 -22629.625372 -0.350882 -0.523322 -0.197847 0.750915
1540821904.855636 5501.654057 -15306.219587 -23051.642735 -0.427765 -0.058534 0.125840 0.893172
1540821904.915084 5507.496499 -15334.829923 -23094.354059 -0.424129 -0.024745 0.149517 0.892831
1540821905.212972 5537.164880 -15478.626323 -23308.286001 -0.332605 0.103783 0.253495 0.902410
1540821905.271902 5543.128870 -15507.161343 -23350.617327 -0.298699 0.125902 0.281896 0.903030
1540821905.824357 5600.702155 -15775.679467 -23748.703255 -0.175361 0.446141 0.507780 0.715798
1540821905.877688 5606.394424 -15801.652712 -23787.304030 -0.144915 0.478576 0.502029 0.705642
1540821906.413407 5664.642920 -16063.276267 -24177.669733 0.147753 0.713212 0.439799 0.525428
1540821906.467977 5670.642658 -16090.015952 -24217.755626 0.163304 0.736282 0.440321 0.487174
1540821907.029706 5732.104251 -16366.441862 -24634.165100 0.267860 0.902065 0.293187 0.169028
1540821907.086941 5738.271917 -16394.746090 -24676.956410 0.278038 0.913327 0.280331 0.099714
1540821907.675082 5799.890572 -16687.033011 -25119.340702 0.294804 0.829080 0.197460 -0.432118
1540821907.734808 5805.961828 -16716.863198 -25164.474598 0.286979 0.819395 0.197341 -0.455293
1540821908.031172 5835.760486 -16865.233657 -25388.937845 0.270407 0.771335 0.166494 -0.551545
1540821908.089876 5841.598897 -16894.694235 -25433.492853 0.278432 0.762263 0.148944 -0.565018
1540821908.668088 5898.013050 -17186.193735 -25873.416981 -0.312271 -0.620402 -0.001997 0.719433
1540821908.724702 5903.445846 -17214.857567 -25916.566703 -0.307078 -0.602981 0.008095 0.736241
1540821909.266016 5955.344834 -17490.177455 -26329.633762 -0.346234 -0.152818 0.271753 0.884827
1540821909.317813 5960.356046 -17516.628721 -26369.174245 -0.333506 -0.098577 0.296509 0.889460
1540821909.824907 6010.854721 -17776.453910 -26757.019183 -0.147258 0.414765 0.390560 0.808547
1540821909.875605 6016.060381 -17802.520000 -26795.922385 -0.122290 0.452481 0.392936 0.791143
1540821910.393115 6070.116433 -18069.262962 -27194.997307 0.003345 0.614178 0.416946 0.670023
1540821910.445547 6075.694086 -18096.372278 -27235.668163 0.010895 0.630015 0.411466 0.658528
1540821910.971987 6132.531073 -18369.710333 -27646.585405 0.110848 0.735190 0.276398 0.608943
1540821911.024956 6138.292292 -18397.324276 -27688.178457 0.120515 0.740867 0.248432 0.612269
1540821911.184533 6155.676055 -18480.650633 -27813.735541 0.143217 0.750783 0.169812 0.622075
1540821911.729461 6214.797348 -18767.006719 -28245.230806 0.258234 0.747180 -0.003054 0.612395
1540821911.784847 6220.736995 -18796.263569 -28289.318711 0.265502 0.743656 -0.019351 0.613278
1540821912.337326 6279.228003 -19089.603960 -28731.156545 0.311832 0.635917 -0.251488 0.659640
1540821912.392060 6284.896742 -19118.790573 -28775.130391 0.312063 0.617395 -0.277724 0.666565
1540821912.931350 6339.543669 -19407.366707 -29210.010543 0.314292 0.388625 -0.414425 0.760555
1540821912.984276 6344.765311 -19435.775059 -29252.863090 0.315620 0.365989 -0.421018 0.767581
1540821913.245807 6370.167363 -19576.363720 -29465.094668 0.318278 0.286289 -0.448973 0.784322
1540821913.297580 6375.120683 -19604.235136 -29507.206410 0.315140 0.277615 -0.446651 0.790012
1540821913.655891 6408.767094 -19797.416319 -29799.570272 0.315090 0.193456 -0.462956 0.805584
1540821913.807785 6422.718723 -19879.473583 -29923.991029 0.321182 0.148764 -0.476673 0.804670
1540821913.858245 6427.319838 -19906.753318 -29965.385921 0.318382 0.135117 -0.476495 0.808288
1540821914.361146 6472.065311 -20179.087718 -30379.912874 0.374165 0.024574 -0.501853 0.779448
1540821914.411518 6476.449764 -20206.402193 -30421.627551 0.380437 0.014869 -0.503463 0.775610
1540821914.920043 6519.793205 -20482.440753 -30844.896178 0.452278 -0.050708 -0.525616 0.718750
1540821914.971478 6524.079606 -20510.377811 -30887.938591 0.464321 -0.049459 -0.523416 0.712738
1540821915.386128 6558.089803 -20735.699601 -31236.513506 0.522567 -0.118373 -0.463462 0.705772
1540821915.491173 6566.565271 -20792.799236 -31325.307541 0.535253 -0.137325 -0.451153 0.700790
1540821915.543980 6570.794662 -20821.514077 -31370.021932 0.541686 -0.144850 -0.447325 0.696775
1540821915.703776 6583.533162 -20908.400836 -31505.678629 0.563026 -0.163076 -0.445429 0.676757
1540821915.920298 6600.623397 -21026.155238 -31690.285660 0.592322 -0.193367 -0.447005 0.641834
1540821916.030405 6609.258193 -21086.030626 -31784.514642 0.609895 -0.209802 -0.448873 0.618485
1540821916.085971 6613.592582 -21116.235962 -31832.164521 0.614830 -0.218111 -0.449233 0.610411
1540821916.141907 6617.953300 -21146.640508 -31880.203095 0.619250 -0.226497 -0.448553 0.603348
1540821916.255010 6626.738135 -21208.113574 -31977.528157 0.630328 -0.240943 -0.446755 0.587403
1540821916.369915 6635.638032 -21270.549557 -32076.673958 0.633822 -0.258340 -0.439727 0.581524
1540821916.428101 6640.133316 -21302.166985 -32126.982508 0.630105 -0.269841 -0.432492 0.585751
1540821916.486816 6644.665280 -21334.059739 -32177.817983 0.632724 -0.279786 -0.426259 0.582824
1540821916.727923 6663.239684 -21464.990065 -32387.300936 0.641119 -0.306589 -0.413883 0.568920
1540821916.916720 6677.761688 -21567.476817 -32552.126721 0.664075 -0.325787 -0.402740 0.539136
1540821917.113875 6692.935216 -21674.459746 -32724.969995 0.703282 -0.360909 -0.365684 0.491340
1540821917.181667 6698.155927 -21711.229783 -32784.577613 0.717052 -0.375763 -0.354238 0.468138
1540821917.535181 6725.598707 -21902.812251 -33096.720068 0.785129 -0.450986 -0.288765 0.311126
1540821917.896647 6754.348328 -22098.264993 -33418.139233 0.812830 -0.509107 -0.232907 0.160846
1540821917.967802 6760.109655 -22136.685635 -33481.654447 0.813068 -0.514089 -0.231383 0.145240
1540821918.179362 6777.467587 -22250.805974 -33670.932157 0.806028 -0.518892 -0.251217 0.134013
1540821918.683307 6819.887733 -22522.044034 -34124.538249 0.766579 -0.509872 -0.353728 0.165116
1540821918.759179 6826.403158 -22562.800798 -34193.186499 0.764007 -0.515764 -0.357567 0.149755
1540821918.992288 6846.642417 -22687.868569 -34404.701578 0.762775 -0.520794 -0.374324 0.082643
1540821919.310065 6874.766728 -22858.021440 -34694.362867 0.739868 -0.529284 -0.415146 0.010380
1540821919.548809 6896.352271 -22985.577029 -34912.993331 0.716679 -0.532569 -0.449019 -0.033526
1540821919.627901 6903.598156 -23027.780805 -34985.595186 0.712216 -0.532751 -0.454800 -0.045624
1540821919.861856 6925.311659 -23152.453205 -35200.920119 0.702445 -0.527929 -0.465819 -0.104282
1540821920.014191 6939.697114 -23233.497917 -35341.545578 0.693327 -0.527853 -0.467966 -0.147230
1540821920.089177 6946.836930 -23273.358213 -35410.889540 0.683595 -0.535641 -0.467248 -0.165729
1540821920.808889 7017.966146 -23655.180153 -36079.934954 -0.544015 0.627209 0.373869 0.413374
1540821920.879251 7025.199007 -23692.496635 -36145.661628 -0.531424 0.634984 0.358938 0.430752
1540821921.300623 7069.556719 -23916.168556 -36540.390117 -0.467241 0.654431 0.318499 0.501961
1540821921.440124 7084.586492 -23990.307130 -36671.461331 -0.447153 0.655314 0.309840 0.524039
1540821921.578282 7099.622257 -24063.795211 -36801.477737 -0.427993 0.656901 0.301293 0.542703
1540821921.646595 7107.098199 -24100.150550 -36865.845265 -0.418321 0.658425 0.297548 0.550408
1540821921.781220 7122.069316 -24171.912694 -36992.862167 -0.382065 0.669648 0.340348 0.538295
1540821921.978589 7144.432827 -24277.348536 -37179.472849 -0.373547 0.657623 0.357629 0.547810
1540821922.172595 7166.654940 -24381.068375 -37363.321156 -0.339850 0.666564 0.334507 0.572974
1540821922.301575 7181.483835 -24450.032723 -37485.766941 -0.323874 0.667724 0.322719 0.587454
1540821922.365983 7188.991864 -24484.596872 -37546.989029 -0.274950 0.696446 0.271162 0.604845
1540821922.494950 7204.117660 -24553.910020 -37669.724339 -0.273077 0.686816 0.297044 0.604547
1540821922.688768 7226.943149 -24658.134747 -37854.495549 -0.234527 0.677353 0.262912 0.645807
1540821922.947754 7257.963794 -24797.901584 -38102.063762 -0.176279 0.671598 0.229032 0.682222
1540821923.012497 7265.775947 -24832.916795 -38164.071903 -0.167038 0.669829 0.225369 0.687486
1540821923.077235 7273.613298 -24867.961055 -38226.107351 -0.154462 0.669134 0.217281 0.693678
1540821923.271457 7297.272131 -24973.299022 -38412.518434 -0.119143 0.664722 0.196861 0.710771
1540821923.465681 7321.116695 -25078.949387 -38599.347400 -0.084210 0.659614 0.176002 0.725839
1540821923.595161 7337.104317 -25149.559339 -38724.121376 -0.061280 0.655426 0.161493 0.735242
1540821923.724606 7353.160376 -25220.298166 -38849.055442 -0.038507 0.651373 0.146791 0.743427
1540821923.789313 7361.205034 -25255.715429 -38911.575158 -0.027432 0.649727 0.139260 0.746799
1540821923.983389 7385.425081 -25362.178084 -39099.368775 0.006748 0.642455 0.117201 0.757278
1540821924.112707 7401.620055 -25433.303556 -39224.751959 0.029236 0.637446 0.102300 0.763114
1540821924.177356 7409.721476 -25468.927833 -39287.498190 0.040206 0.635343 0.095122 0.765294
1540821924.371302 7434.080574 -25576.015372 -39476.057367 0.074646 0.625343 0.072873 0.773346
1540821924.565233 7458.486747 -25683.446625 -39665.034475 0.109064 0.613906 0.050479 0.780177
1540821924.823858 7491.057268 -25827.275519 -39917.769492 0.154794 0.596712 0.020720 0.787112
1540821924.888544 7499.197990 -25863.343108 -39981.121167 0.166053 0.592579 0.013392 0.788097
1540821925.535653 7580.309649 -26226.306157 -40617.739427 0.278019 0.538333 -0.061031 0.793208
1540821925.600333 7588.356862 -26262.785900 -40681.680885 0.288950 0.532428 -0.068319 0.792692
1540821926.247249 7668.041031 -26629.515518 -41324.337284 0.394476 0.465359 -0.141173 0.779679
1540821926.311912 7675.904854 -26666.343044 -41388.903652 0.404621 0.458163 -0.148287 0.777418
1540821926.958338 7753.200135 -27035.904373 -42037.773934 0.500846 0.380327 -0.217705 0.746397
1540821927.022991 7760.792617 -27072.995763 -42103.027710 0.509927 0.372137 -0.224384 0.742388
1540821927.346224 7798.346974 -27258.667860 -42430.206645 0.553640 0.329704 -0.257154 0.720174
1540821927.410873 7805.769583 -27295.853123 -42495.850998 0.562063 0.321091 -0.263495 0.715231
1540821928.057282 7878.433451 -27668.171814 -43155.895773 0.639209 0.230554 -0.324196 0.658144
1540821928.121920 7885.539688 -27705.425682 -43222.286151 0.646234 0.221253 -0.329873 0.651623
1540821928.768089 7955.041386 -28077.834764 -43889.760032 0.708424 0.125370 -0.382984 0.579432
1540821928.832690 7961.848748 -28115.038099 -43956.880832 0.713884 0.115687 -0.387801 0.571486
1540821929.478888 8028.562517 -28486.512097 -44632.202058 0.759534 0.016825 -0.432066 0.485946
1540821929.543570 8035.125623 -28523.618006 -44700.197844 0.763259 0.006897 -0.435970 0.476780
1540821930.190640 8099.814444 -28893.584327 -45384.331549 0.791262 -0.092401 -0.470137 0.379917
1540821930.255344 8106.213306 -28930.448231 -45453.139849 0.793180 -0.102239 -0.472955 0.369766
