1504645591.365958 0.015980 0.082656 -0.007240 0.712657 0.103167 0.105650 -0.685795
1504645597.036925 -0.017866 0.055011 0.053274 0.711304 0.095675 0.108360 -0.687860
1504645597.228082 -0.059802 0.045257 0.152979 0.721642 0.092005 0.106567 -0.677799
1504645597.482956 -0.066847 0.040057 0.288718 0.740550 0.094605 0.100177 -0.657724
1504645597.674113 -0.002244 0.069802 0.419963 0.750617 0.107611 0.090191 -0.645647
1504645597.865269 0.102144 0.112672 0.612844 0.769491 0.125733 0.077765 -0.621311
1504645598.056425 0.238951 0.196005 0.842203 0.791995 0.145591 0.058961 -0.589976
1504645598.183862 0.351904 0.301634 1.019725 0.802315 0.167127 0.047480 -0.571056
1504645598.375019 0.509713 0.447458 1.187570 0.815261 0.183738 0.024478 -0.548626
1504645598.566175 0.649216 0.601932 1.301911 0.822521 0.196815 0.001762 -0.533592
1504645598.821050 0.801915 0.786458 1.367796 0.829971 0.211871 -0.023769 -0.515455
1504645599.075925 0.914530 0.976126 1.403102 0.835636 0.223151 -0.048324 -0.499580
1504645599.267081 0.993471 1.156133 1.440891 0.837837 0.237321 -0.065942 -0.487196
1504645599.298940 0.676837 0.643627 1.221341 0.754425 0.161687 0.086766 -0.630216
1504645599.330800 0.687095 0.663285 1.228372 0.754351 0.162698 0.087273 -0.629974
1504645599.362659 0.697140 0.682927 1.234965 0.755107 0.162950 0.087686 -0.628945
1504645599.394519 0.707013 0.702749 1.241024 0.756095 0.163125 0.088255 -0.627632
1504645599.426378 0.716589 0.722910 1.246394 0.757131 0.162787 0.088523 -0.626432
1504645599.458237 0.725857 0.743567 1.251248 0.758009 0.162638 0.088497 -0.625412
1504645599.490098 0.735247 0.765657 1.255312 0.758545 0.162383 0.088299 -0.624855
1504645599.521956 0.661378 0.773739 1.228672 0.765136 0.161508 0.087663 -0.617088
1504645599.553815 0.667300 0.797087 1.230648 0.765283 0.161022 0.087572 -0.617045
1504645599.585675 0.673176 0.821618 1.232172 0.765300 0.161071 0.087884 -0.616967
1504645599.617534 0.678941 0.846449 1.233381 0.765455 0.161509 0.088538 -0.616567
1504645599.649393 0.684346 0.871665 1.234467 0.765658 0.161277 0.089451 -0.616244
1504645599.681252 0.689243 0.897274 1.235340 0.766012 0.161119 0.089634 -0.615818
1504645599.713112 0.683924 0.867190 1.243428 0.762283 0.156704 0.093445 -0.620997
1504645599.744971 0.538867 0.852667 1.140337 0.763125 0.152212 0.099662 -0.620112
1504645599.776831 0.537671 0.876824 1.136238 0.762996 0.151773 0.099626 -0.620385
1504645599.808691 0.536093 0.901239 1.131863 0.762775 0.151138 0.099922 -0.620763
1504645599.840549 0.533953 0.925876 1.127314 0.762496 0.150498 0.100189 -0.621218
1504645599.872409 0.531345 0.950639 1.122588 0.762517 0.149700 0.100102 -0.621399
1504645599.904268 0.572057 1.166378 1.229565 0.767869 0.151355 0.096530 -0.614940
1504645599.936127 0.570075 1.197489 1.228045 0.768322 0.151060 0.096784 -0.614406
1504645599.967987 0.567511 1.229968 1.226387 0.768860 0.150286 0.096870 -0.613910
1504645599.999846 0.564416 1.263871 1.224677 0.769157 0.149851 0.097200 -0.613592
1504645600.031706 0.560677 1.298211 1.223318 0.769070 0.149224 0.097469 -0.613811
1504645600.063565 0.556405 1.333289 1.222289 0.768704 0.148798 0.097241 -0.614409
1504645600.095425 0.673759 1.397052 1.339848 0.765104 0.146745 0.096080 -0.619557
1504645600.127284 0.671572 1.430573 1.341687 0.764694 0.145049 0.094057 -0.620772
1504645600.159143 0.669019 1.465169 1.343477 0.764557 0.143673 0.091683 -0.621615
1504645600.191003 0.666426 1.499742 1.345274 0.764468 0.142406 0.090037 -0.622256
1504645600.222862 0.674555 1.530436 1.351450 0.766986 0.136656 0.089137 -0.620574
1504645600.254722 0.672689 1.564919 1.353883 0.766663 0.136206 0.088222 -0.621202
1504645600.286581 0.670881 1.602171 1.356700 0.765899 0.135747 0.088102 -0.622261
1504645600.318440 0.669061 1.639525 1.359722 0.764939 0.135686 0.088290 -0.623427
1504645600.350299 0.681090 1.668464 1.379556 0.764865 0.129347 0.089531 -0.624688
1504645600.382159 0.680339 1.704434 1.383255 0.764205 0.128843 0.089920 -0.625543
1504645600.414018 0.679678 1.741494 1.387045 0.763589 0.128727 0.090441 -0.626244
1504645600.445877 0.679009 1.778885 1.391026 0.762464 0.128457 0.091254 -0.627551
1504645600.477736 0.680131 1.810409 1.405359 0.762510 0.126678 0.090868 -0.627912
1504645600.509596 0.679801 1.847052 1.409858 0.760841 0.126960 0.091911 -0.629725
1504645600.541455 0.679580 1.885656 1.414057 0.759628 0.127294 0.092834 -0.630986
1504645600.573315 0.679424 1.923732 1.417650 0.759054 0.127591 0.094283 -0.631402
1504645600.605174 0.679068 1.954934 1.441978 0.759944 0.124360 0.095003 -0.630867
1504645600.637033 0.679101 1.991510 1.446022 0.760498 0.124077 0.095721 -0.630146
1504645600.668893 0.679045 2.029307 1.450227 0.761091 0.123465 0.096241 -0.629472
1504645600.700752 0.678941 2.067168 1.454148 0.761741 0.122774 0.096732 -0.628745
1504645600.732612 0.678751 2.103973 1.459023 0.762124 0.122180 0.097421 -0.628290
1504645600.764471 0.678611 2.140697 1.462769 0.762306 0.121448 0.097713 -0.628166
1504645600.796330 0.678451 2.180063 1.466676 0.762223 0.120823 0.098092 -0.628327
1504645600.828190 0.678410 2.219378 1.470470 0.762156 0.119960 0.098845 -0.628456
1504645600.860049 0.678191 2.256510 1.472467 0.762768 0.119318 0.099521 -0.627729
1504645600.891909 0.678266 2.294330 1.474898 0.763566 0.118731 0.100174 -0.626766
1504645600.923768 0.678297 2.333365 1.476800 0.764707 0.118003 0.100508 -0.625457
1504645600.955627 0.678211 2.372517 1.478343 0.765857 0.116940 0.100608 -0.624232
1504645600.987487 0.677730 2.411071 1.480655 0.766682 0.115668 0.100425 -0.623485
1504645601.019346 0.677676 2.449537 1.482195 0.767250 0.114872 0.100220 -0.622967
1504645601.051206 0.677536 2.490751 1.483870 0.767392 0.114498 0.100424 -0.622828
1504645601.083065 0.677463 2.532041 1.485678 0.767497 0.114299 0.100709 -0.622689
1504645601.114924 0.677284 2.571729 1.486372 0.767975 0.114223 0.100471 -0.622151
1504645601.146783 0.677235 2.611863 1.487248 0.768588 0.113593 0.100697 -0.621473
1504645601.178643 0.677181 2.653517 1.487701 0.769269 0.113090 0.100471 -0.620758
1504645601.210502 0.677166 2.695437 1.487848 0.769690 0.112986 0.099993 -0.620333
1504645601.242361 0.670376 2.734864 1.502552 0.770369 0.112176 0.099201 -0.619764
1504645601.274221 0.670683 2.776334 1.503279 0.770200 0.112489 0.099119 -0.619930
1504645601.306080 0.671430 2.819346 1.503905 0.769714 0.113289 0.100159 -0.620221
1504645601.337939 0.672395 2.863833 1.504960 0.768870 0.114206 0.102053 -0.620790
1504645601.369799 0.673028 2.907551 1.505179 0.768358 0.115148 0.103538 -0.621004
1504645601.401658 0.673811 2.951105 1.505031 0.768073 0.115992 0.104357 -0.621063
1504645601.433518 0.674366 2.996208 1.504613 0.767819 0.116863 0.104611 -0.621172
1504645601.465377 0.674633 3.041609 1.503657 0.767529 0.117164 0.103972 -0.621580
1504645601.497236 0.667656 3.084412 1.516264 0.767700 0.116442 0.102774 -0.621704
1504645601.529096 0.667435 3.128716 1.516105 0.767175 0.116464 0.101984 -0.622477
1504645601.560955 0.667347 3.174548 1.515796 0.766601 0.116907 0.101654 -0.623155
1504645601.592815 0.667600 3.221864 1.514980 0.766005 0.117856 0.101960 -0.623659
1504645601.624674 0.668060 3.268383 1.513277 0.765711 0.118555 0.102069 -0.623869
1504645601.656533 0.668263 3.314513 1.512304 0.765269 0.119526 0.102633 -0.624134
1504645601.688393 0.668354 3.362282 1.511889 0.764576 0.120323 0.103412 -0.624702
1504645601.720253 0.668061 3.410166 1.511719 0.763953 0.121172 0.103281 -0.625321
1504645601.752112 0.660696 3.455614 1.521364 0.763943 0.120514 0.102808 -0.625539
1504645601.783971 0.659907 3.501597 1.521321 0.764088 0.120930 0.102130 -0.625392
1504645601.815830 0.658950 3.548744 1.521060 0.764646 0.121283 0.101500 -0.624744
1504645601.847690 0.657857 3.597440 1.520486 0.765356 0.121295 0.101023 -0.623949
1504645601.879549 0.649225 3.644012 1.528947 0.766643 0.120341 0.100994 -0.622556
1504645601.911408 0.648080 3.691594 1.528504 0.766930 0.120748 0.100748 -0.622164
1504645601.943267 0.646862 3.740794 1.528345 0.767142 0.121729 0.100484 -0.621754
1504645601.975127 0.645400 3.790290 1.528075 0.766999 0.122445 0.100131 -0.621848
1504645602.006986 0.643856 3.838016 1.528979 0.766539 0.123355 0.100151 -0.622231
1504645602.038845 0.642261 3.886089 1.528876 0.766501 0.124341 0.099733 -0.622149
1504645602.070705 0.640434 3.935723 1.528646 0.766783 0.124748 0.099107 -0.621819
1504645602.102564 0.638303 3.986811 1.528710 0.767144 0.125158 0.098147 -0.621444
1504645602.134424 0.629806 4.035629 1.535439 0.768189 0.123517 0.097557 -0.620574
1504645602.166283 0.627493 4.085698 1.534512 0.768815 0.123730 0.095798 -0.620030
1504645602.198142 0.625419 4.137678 1.532967 0.769275 0.124076 0.094545 -0.619582
1504645602.230002 0.623703 4.190027 1.530936 0.769463 0.124967 0.094139 -0.619232
1504645602.261861 0.621898 4.239870 1.530858 0.769474 0.125976 0.094569 -0.618948
1504645602.293721 0.620330 4.290647 1.529255 0.769718 0.126781 0.094904 -0.618429
1504645602.325580 0.618553 4.343204 1.527389 0.770144 0.127531 0.094711 -0.617773
1504645602.357439 0.616594 4.396021 1.525319 0.770515 0.128207 0.094009 -0.617277
1504645602.389299 0.608045 4.450250 1.531029 0.771566 0.126933 0.094556 -0.616144
1504645602.421158 0.605788 4.503705 1.528637 0.772004 0.127113 0.093613 -0.615702
1504645602.453018 0.603507 4.559130 1.525658 0.772396 0.127523 0.092801 -0.615248
1504645602.484877 0.601200 4.614949 1.522592 0.772640 0.127827 0.092032 -0.614995
1504645602.516736 0.593500 4.668784 1.526390 0.773429 0.126219 0.092272 -0.614298
1504645602.548596 0.591163 4.723740 1.523471 0.773623 0.126563 0.091312 -0.614126
1504645602.580456 0.589072 4.780838 1.520396 0.773638 0.127266 0.091209 -0.613977
1504645602.612315 0.587155 4.838414 1.517210 0.772986 0.128329 0.091675 -0.614508
1504645602.644174 0.585641 4.897217 1.512876 0.772117 0.129424 0.092258 -0.615284
1504645602.676033 0.584099 4.955798 1.509146 0.770857 0.131023 0.093049 -0.616405
1504645602.707892 0.582525 5.016517 1.505200 0.769527 0.132700 0.093764 -0.617598
1504645602.739751 0.580776 5.077544 1.500746 0.768088 0.134335 0.094493 -0.618923
1504645602.771611 0.573555 5.136186 1.502166 0.766635 0.133644 0.097705 -0.620373
1504645602.803470 0.571441 5.195728 1.497745 0.764783 0.134817 0.098648 -0.622253
1504645602.835330 0.569150 5.256960 1.492797 0.763142 0.136079 0.100146 -0.623753
1504645602.867189 0.566683 5.317884 1.487489 0.762193 0.137287 0.101444 -0.624438
1504645602.899048 0.530776 5.380921 1.514596 0.763983 0.133092 0.104346 -0.622678
1504645602.930908 0.528645 5.442473 1.508393 0.763506 0.134201 0.106140 -0.622722
1504645602.962767 0.525949 5.505913 1.502064 0.763198 0.135113 0.107264 -0.622711
1504645602.994626 0.522929 5.569310 1.495108 0.763167 0.135895 0.108239 -0.622409
1504645603.026486 0.490022 5.631712 1.514798 0.765144 0.132153 0.110533 -0.620381
1504645603.058345 0.486409 5.693885 1.507467 0.764923 0.132803 0.111206 -0.620395
1504645603.090205 0.481973 5.758205 1.500172 0.764318 0.132815 0.111420 -0.621099
1504645603.122064 0.476806 5.822628 1.493014 0.763712 0.132723 0.110247 -0.622073
1504645603.153924 0.444343 5.889662 1.506921 0.764738 0.129193 0.110339 -0.621538
1504645603.185783 0.438438 5.954585 1.499214 0.763905 0.129343 0.109738 -0.622638
1504645603.217642 0.431678 6.021302 1.491424 0.763029 0.129237 0.108721 -0.623910
1504645603.249502 0.423882 6.088042 1.484189 0.762172 0.128117 0.105947 -0.625664
1504645603.281361 0.341888 6.168783 1.563686 0.766113 0.124413 0.100504 -0.622488
1504645603.313221 0.333618 6.235882 1.556734 0.765274 0.123033 0.097292 -0.624302
1504645603.345080 0.325343 6.304771 1.549517 0.764607 0.122239 0.095112 -0.625610
1504645603.376939 0.317185 6.373297 1.542333 0.764024 0.121855 0.093370 -0.626659
1504645603.408799 0.309359 6.442211 1.534544 0.763960 0.120998 0.091049 -0.627244
1504645603.440658 0.301234 6.510235 1.527243 0.763966 0.120423 0.088522 -0.627709
1504645603.472517 0.292754 6.580498 1.519448 0.763511 0.119304 0.085672 -0.628871
1504645603.504376 0.284092 6.650764 1.511603 0.762540 0.118154 0.082763 -0.630652
1504645603.536236 0.234349 6.718613 1.515297 0.763843 0.109219 0.086699 -0.630157
1504645603.568095 0.225701 6.786913 1.507503 0.763001 0.108299 0.084140 -0.631682
1504645603.599954 0.217200 6.856832 1.499307 0.762561 0.107840 0.081905 -0.632584
1504645603.631814 0.209136 6.926117 1.490966 0.762444 0.107331 0.080222 -0.633027
1504645603.663673 0.113942 6.991463 1.484334 0.766405 0.089927 0.096383 -0.628687
1504645603.695533 -0.044081 7.056769 1.493757 0.769424 0.095144 0.093443 -0.624662
1504645603.727392 -0.057550 7.130615 1.480318 0.769894 0.095570 0.093764 -0.623969
1504645603.759251 -0.070803 7.204408 1.466560 0.769827 0.095832 0.094724 -0.623867
1504645603.791111 -0.084159 7.277961 1.453154 0.769552 0.096098 0.095213 -0.624091
1504645603.822970 -0.097475 7.351183 1.440058 0.769391 0.096559 0.094853 -0.624273
1504645603.854829 -0.437147 7.347052 1.455904 0.770246 0.088908 0.114419 -0.621067
1504645603.886689 -0.460650 7.415862 1.440192 0.770475 0.089714 0.114933 -0.620573
1504645603.918548 -0.484447 7.486388 1.423946 0.771253 0.090355 0.116122 -0.619290
1504645603.950408 -0.508628 7.558988 1.407458 0.772219 0.091348 0.117454 -0.617687
1504645603.982267 -0.532762 7.631938 1.390403 0.772615 0.092329 0.118943 -0.616760
1504645604.014126 -0.557175 7.704939 1.373043 0.772666 0.093122 0.120404 -0.616295
1504645604.045986 -1.060512 7.547087 1.519746 0.766694 0.072907 0.160480 -0.617342
1504645604.077845 -1.366079 7.242083 1.739489 0.754768 0.073898 0.167297 -0.629981
1504645604.109705 -1.415897 7.286132 1.725991 0.755210 0.073464 0.165732 -0.629915
1504645604.141564 -1.466193 7.329906 1.712446 0.755138 0.072513 0.164139 -0.630529
1504645604.173423 -1.516871 7.373325 1.699130 0.754567 0.071473 0.162726 -0.631696
1504645604.205283 -1.569329 7.417323 1.685634 0.753921 0.071013 0.161489 -0.632836
1504645604.237142 -1.619372 7.357796 1.676800 0.750452 0.069295 0.160191 -0.637462
1504645604.269001 -1.667428 7.393269 1.663705 0.750439 0.071502 0.157637 -0.637871
1504645604.300860 -1.719517 7.430199 1.649596 0.750648 0.071374 0.157317 -0.637719
1504645604.332720 -1.771842 7.466363 1.635419 0.751383 0.070873 0.156715 -0.637056
1504645604.364579 -1.824227 7.501884 1.620964 0.752315 0.070294 0.155971 -0.636203
1504645604.396438 -1.876581 7.536879 1.606216 0.753172 0.069888 0.155742 -0.635289
1504645604.428298 -1.921197 7.558527 1.590593 0.753269 0.072062 0.153211 -0.635546
1504645604.460157 -1.971729 7.591029 1.575829 0.754072 0.071523 0.152916 -0.634726
1504645604.492018 -2.025591 7.624999 1.559941 0.754655 0.071395 0.153044 -0.634015
1504645604.523876 -2.079532 7.658352 1.544195 0.755302 0.071285 0.153502 -0.633147
1504645604.555735 -2.133486 7.691100 1.528654 0.756091 0.071507 0.154069 -0.632041
1504645604.587595 -2.187614 7.723574 1.512941 0.756937 0.071403 0.154425 -0.630952
1504645604.619454 -2.238569 7.747558 1.497449 0.756200 0.070717 0.155360 -0.631683
1504645604.651314 -2.291626 7.777814 1.482261 0.756831 0.070640 0.155129 -0.630992
1504645604.683173 -2.346611 7.808774 1.466521 0.757255 0.070036 0.155090 -0.630560
1504645604.715032 -2.401484 7.839291 1.450715 0.758048 0.069881 0.155057 -0.629633
1504645604.746892 -2.458014 7.870272 1.434723 0.758768 0.069878 0.155843 -0.628570
1504645604.778751 -2.514755 7.900884 1.418623 0.759566 0.070124 0.156484 -0.627419
1504645604.810611 -2.568725 7.924503 1.397499 0.759241 0.068769 0.155996 -0.628084
1504645604.842470 -2.623409 7.953431 1.380994 0.759844 0.068905 0.156372 -0.627245
1504645604.874329 -2.679774 7.983244 1.363457 0.760364 0.068869 0.156775 -0.626519
1504645604.906189 -2.736193 8.012877 1.345552 0.760924 0.068539 0.157358 -0.625728
1504645604.938048 -2.792709 8.042311 1.327436 0.761494 0.068205 0.157932 -0.624926
1504645604.969907 -2.849284 8.071674 1.309139 0.762052 0.067828 0.158302 -0.624193
1504645605.001767 -2.906485 8.094003 1.287727 0.762281 0.066901 0.157664 -0.624174
1504645605.033626 -2.962972 8.122719 1.268881 0.762806 0.066813 0.157758 -0.623518
1504645605.065485 -3.021222 8.152368 1.248988 0.763294 0.066740 0.157612 -0.622966
1504645605.097344 -3.079351 8.182139 1.228817 0.763638 0.066249 0.157730 -0.622567
1504645605.129204 -3.137426 8.211948 1.208323 0.764116 0.065839 0.157922 -0.621974
1504645605.161063 -3.195595 8.241648 1.187281 0.764888 0.065091 0.157813 -0.621131
1504645605.192923 -3.251832 8.261473 1.164955 0.766086 0.062807 0.156516 -0.620218
1504645605.224782 -3.308658 8.289454 1.143961 0.767922 0.061609 0.154689 -0.618524
1504645605.256641 -3.369154 8.319252 1.121404 0.769784 0.059864 0.152827 -0.616841
1504645605.288501 -3.429606 8.349223 1.098573 0.771357 0.058322 0.150767 -0.615529
1504645605.320360 -3.487137 8.371277 1.072600 0.772571 0.055179 0.147746 -0.615029
1504645605.352220 -3.545284 8.400549 1.049771 0.773463 0.053326 0.144706 -0.614794
1504645605.384079 -3.604725 8.431112 1.025879 0.773953 0.051882 0.141979 -0.614937
1504645605.415938 -3.663609 8.461855 1.001469 0.774621 0.050667 0.139297 -0.614810
1504645605.447798 -3.719793 8.487129 0.974180 0.775666 0.048744 0.136763 -0.614217
1504645605.479657 -3.775735 8.516561 0.950162 0.776738 0.047066 0.134544 -0.613482
1504645605.511517 -3.832916 8.547183 0.924971 0.777816 0.045159 0.132020 -0.612808
1504645605.543376 -3.891246 8.579135 0.898194 0.778795 0.043293 0.129167 -0.612307
1504645605.575235 -3.945197 8.608143 0.867146 0.779356 0.041028 0.126122 -0.612384
1504645605.607095 -3.999461 8.640061 0.840649 0.779684 0.039707 0.124153 -0.612456
1504645605.638954 -4.054209 8.673360 0.813036 0.779739 0.038920 0.122883 -0.612692
1504645605.670814 -4.107849 8.707012 0.785072 0.779952 0.037983 0.122085 -0.612639
1504645605.702673 -4.157864 8.737182 0.754849 0.779955 0.037451 0.120867 -0.612910
1504645605.734532 -4.207720 8.770076 0.727741 0.779949 0.036915 0.120877 -0.612949
1504645605.766391 -4.258413 8.804249 0.699441 0.780284 0.036542 0.120184 -0.612680
1504645605.798251 -4.309790 8.839837 0.669648 0.780632 0.036164 0.119823 -0.612330
1504645605.830110 -4.357159 8.872203 0.635625 0.780906 0.036005 0.118600 -0.612228
1504645605.861969 -4.404746 8.907195 0.605938 0.781002 0.035959 0.118864 -0.612058
1504645605.893829 -4.452921 8.943785 0.575268 0.781041 0.035718 0.118859 -0.612022
1504645605.925688 -4.500311 8.980795 0.544184 0.781166 0.035339 0.118643 -0.611927
1504645605.957547 -4.543785 9.014327 0.511835 0.781219 0.035146 0.117857 -0.612022
1504645605.989407 -4.587713 9.050396 0.481901 0.781445 0.035078 0.117946 -0.611721
1504645606.021266 -4.632183 9.087767 0.450723 0.781993 0.035229 0.117999 -0.611001
1504645606.053125 -4.677166 9.126791 0.417737 0.782463 0.035046 0.118221 -0.610367
1504645606.084985 -4.718662 9.162850 0.383604 0.782433 0.035493 0.117174 -0.610581
1504645606.116844 -4.760572 9.201253 0.351464 0.782564 0.034941 0.116790 -0.610519
1504645606.148704 -4.803041 9.241073 0.318328 0.782295 0.034695 0.116528 -0.610927
1504645606.180563 -4.844820 9.281309 0.285096 0.782083 0.034071 0.115806 -0.611372
1504645606.212423 -4.885729 9.321717 0.251696 0.782063 0.033875 0.114734 -0.611609
1504645606.244282 -4.925597 9.362334 0.218016 0.782215 0.033436 0.114082 -0.611561
1504645606.276141 -4.960431 9.400730 0.182196 0.782497 0.033815 0.112479 -0.611476
1504645606.308001 -4.997869 9.442024 0.147244 0.782904 0.033322 0.112089 -0.611054
1504645606.339860 -5.035529 9.485000 0.111263 0.783134 0.033011 0.111721 -0.610844
1504645606.371720 -5.072168 9.528243 0.075404 0.783348 0.032660 0.111402 -0.610646
1504645606.403579 -5.103751 9.567278 0.038498 0.783554 0.033033 0.110569 -0.610513
1504645606.435438 -5.136870 9.609924 0.002440 0.783692 0.033266 0.110691 -0.610301
1504645606.467298 -5.170094 9.654306 -0.034753 0.783726 0.033515 0.110639 -0.610254
1504645606.499157 -5.202467 9.698994 -0.071989 0.783845 0.033358 0.110608 -0.610114
1504645606.531016 -5.233379 9.741390 -0.110148 0.784144 0.033204 0.109933 -0.609862
1504645606.562876 -5.263180 9.784962 -0.146424 0.784360 0.032513 0.109511 -0.609696
1504645606.594735 -5.294121 9.831556 -0.184862 0.784842 0.032068 0.108435 -0.609292
1504645606.626594 -5.324171 9.878357 -0.223371 0.785197 0.031744 0.107620 -0.608996
1504645606.658453 -5.351835 9.924384 -0.261003 0.785794 0.031798 0.106891 -0.608350
1504645606.690313 -5.378910 9.970510 -0.298205 0.786212 0.032027 0.106660 -0.607839
1504645606.722172 -5.406081 10.018693 -0.336561 0.786411 0.031910 0.106071 -0.607691
1504645606.754032 -5.432435 10.067237 -0.374871 0.786472 0.031713 0.105317 -0.607753
1504645606.785891 -5.456788 10.113710 -0.413274 0.786582 0.031973 0.104155 -0.607798
1504645606.817750 -5.480251 10.161089 -0.450352 0.787146 0.032343 0.103891 -0.607093
1504645606.849610 -5.504255 10.211938 -0.489333 0.787574 0.032285 0.103808 -0.606555
1504645606.881469 -5.527408 10.263281 -0.527876 0.787763 0.032400 0.103299 -0.606390
1504645606.913328 -5.548700 10.312335 -0.564564 0.787644 0.032494 0.103208 -0.606555
1504645606.945188 -5.569367 10.362745 -0.601608 0.787769 0.032770 0.103183 -0.606382
1504645606.977047 -5.590023 10.415214 -0.639403 0.787602 0.032847 0.102809 -0.606658
1504645607.008907 -5.609885 10.468079 -0.676898 0.787530 0.033019 0.102023 -0.606875
1504645607.040766 -5.628025 10.518783 -0.714986 0.787733 0.033698 0.101214 -0.606710
1504645607.072625 -5.645601 10.570182 -0.750797 0.787783 0.033764 0.101054 -0.606668
1504645607.104485 -5.663226 10.625146 -0.789283 0.788125 0.034098 0.100905 -0.606229
1504645607.136344 -5.680067 10.680618 -0.827479 0.788136 0.034312 0.101243 -0.606146
1504645607.168204 -5.695190 10.733711 -0.864403 0.788559 0.034952 0.099370 -0.605870
1504645607.200063 -5.710231 10.788550 -0.900721 0.788673 0.035055 0.098448 -0.605866
1504645607.231923 -5.724704 10.845347 -0.938094 0.789109 0.035376 0.097602 -0.605416
1504645607.263783 -5.738157 10.902476 -0.975459 0.789319 0.036041 0.097776 -0.605076
1504645607.295641 -5.749659 10.957684 -1.010727 0.789783 0.036734 0.098105 -0.604375
1504645607.327500 -5.760981 11.013799 -1.046619 0.790231 0.037515 0.098518 -0.603674
1504645607.359359 -5.772537 11.074096 -1.084554 0.790721 0.037890 0.098448 -0.603019
1504645607.391219 -5.783461 11.134821 -1.122770 0.791373 0.038398 0.097943 -0.602214
1504645607.423078 -5.791682 11.191480 -1.156631 0.792102 0.039447 0.096482 -0.601423
1504645607.454937 -5.800599 11.250797 -1.192636 0.793165 0.039566 0.095882 -0.600109
1504645607.486797 -5.808810 11.312281 -1.229597 0.794899 0.039702 0.095568 -0.597851
1504645607.518656 -5.815964 11.374281 -1.266427 0.796930 0.039779 0.095557 -0.595138
1504645607.550516 -5.821677 11.434363 -1.304330 0.798874 0.041132 0.094424 -0.592615
1504645607.582376 -5.826822 11.495639 -1.340352 0.800719 0.041720 0.094888 -0.590004
1504645607.614234 -5.831591 11.561521 -1.378907 0.802380 0.042130 0.095911 -0.587548
1504645607.646094 -5.835269 11.626391 -1.416384 0.804519 0.042717 0.096720 -0.584439
1504645607.677953 -5.838126 11.692884 -1.453989 0.806317 0.042937 0.097952 -0.581734
1504645607.709813 -5.840096 11.759736 -1.491003 0.807840 0.043564 0.099451 -0.579315
1504645607.741672 -5.840958 11.828976 -1.529316 0.809020 0.045575 0.100406 -0.577345
1504645607.773531 -5.841415 11.898210 -1.566685 0.810235 0.046647 0.101836 -0.575302
1504645607.805391 -5.841129 11.971424 -1.604711 0.811405 0.047225 0.103569 -0.573294
1504645607.837250 -5.840711 12.042695 -1.641351 0.812629 0.047313 0.104519 -0.571377
1504645607.869110 -5.840056 12.119557 -1.680548 0.813477 0.047131 0.105157 -0.570066
1504645607.900969 -5.838978 12.195986 -1.718358 0.814143 0.047193 0.104985 -0.569142
1504645607.932828 -5.837261 12.274520 -1.756388 0.814491 0.047114 0.105176 -0.568614
1504645607.964688 -5.834882 12.353682 -1.793981 0.814503 0.047372 0.105869 -0.568448
1504645607.996547 -5.831537 12.435990 -1.832592 0.814196 0.048539 0.107517 -0.568479
1504645608.028407 -5.827525 12.517603 -1.870436 0.813659 0.049979 0.109688 -0.568709
1504645608.060266 -5.821885 12.603561 -1.909071 0.813279 0.052349 0.112432 -0.568503
1504645608.092125 -5.816034 12.687448 -1.946456 0.812658 0.054977 0.116663 -0.568290
1504645608.123984 -5.809804 12.776860 -1.986583 0.812048 0.057344 0.119710 -0.568295
1504645608.155843 -5.803799 12.865751 -2.025725 0.811565 0.059057 0.122471 -0.568221
1504645608.187703 -5.797520 12.956056 -2.065105 0.811474 0.060380 0.124412 -0.567790
1504645608.219562 -5.791248 13.047032 -2.104498 0.811366 0.061229 0.127371 -0.567197
1504645608.251422 -5.784907 13.140894 -2.144925 0.811638 0.062368 0.128772 -0.566368
1504645608.283281 -5.778982 13.234132 -2.184514 0.811770 0.062886 0.130608 -0.565699
1504645608.315140 -5.773003 13.331591 -2.225367 0.811933 0.063035 0.132435 -0.565024
1504645608.347000 -5.767155 13.430338 -2.266036 0.811945 0.063208 0.134125 -0.564589
1504645608.378859 -5.761602 13.529654 -2.307078 0.811935 0.062561 0.134971 -0.564473
1504645608.410719 -5.756300 13.630765 -2.348222 0.812192 0.062113 0.135035 -0.564139
1504645608.442578 -5.750690 13.736223 -2.391088 0.812331 0.061825 0.135179 -0.563935
1504645608.474437 -5.744655 13.842918 -2.434508 0.812314 0.061682 0.135945 -0.563792
1504645608.506297 -5.738661 13.943937 -2.474333 0.811502 0.062967 0.138776 -0.564129
1504645608.538156 -5.731425 14.049787 -2.516672 0.810314 0.064631 0.143179 -0.564548
1504645608.570016 -5.723621 14.160088 -2.560739 0.808997 0.067446 0.148457 -0.564744
1504645608.601875 -5.716287 14.271376 -2.605368 0.807965 0.069611 0.153028 -0.564738
1504645608.633734 -5.709541 14.383127 -2.649837 0.807479 0.071274 0.155157 -0.564645
1504645608.665594 -5.703461 14.492763 -2.694346 0.807299 0.071599 0.157424 -0.564233
1504645608.697453 -5.697162 14.610204 -2.742412 0.807540 0.072518 0.159956 -0.563057
1504645608.729313 -5.691334 14.728826 -2.791173 0.807954 0.072912 0.162135 -0.561789
1504645608.761172 -5.687166 14.844332 -2.838450 0.808292 0.073214 0.163728 -0.560800
1504645608.793031 -5.682578 14.961681 -2.886997 0.808499 0.073201 0.165218 -0.560066
1504645608.824891 -5.678336 15.083904 -2.937776 0.808527 0.073642 0.166329 -0.559639
1504645608.856750 -5.674602 15.207389 -2.989112 0.808507 0.073881 0.166987 -0.559441
1504645608.888609 -5.671024 15.330584 -3.040249 0.808259 0.074569 0.166638 -0.559812
1504645608.920468 -5.668186 15.452388 -3.091466 0.808121 0.074387 0.166639 -0.560034
1504645608.952328 -5.665521 15.582979 -3.147021 0.808077 0.074516 0.166434 -0.560142
1504645608.984187 -5.662968 15.714572 -3.203477 0.808224 0.074457 0.166473 -0.559926
1504645609.016046 -5.660691 15.847275 -3.260726 0.808469 0.074314 0.166436 -0.559602
1504645609.047906 -5.658778 15.980999 -3.318814 0.808891 0.074039 0.166129 -0.559120
1504645609.079765 -5.659015 16.106578 -3.370105 0.809394 0.073455 0.164796 -0.558863
1504645609.111625 -5.658796 16.238261 -3.426748 0.809948 0.072543 0.162904 -0.558734
1504645609.143484 -5.658796 16.375298 -3.485733 0.810005 0.071681 0.161050 -0.559300
1504645609.175343 -5.659004 16.513357 -3.545156 0.810129 0.070555 0.159267 -0.559775
1504645609.207203 -5.659241 16.656646 -3.607361 0.810308 0.069826 0.157407 -0.560133
1504645609.239062 -5.659360 16.800961 -3.670239 0.810542 0.069246 0.156091 -0.560234
1504645609.270922 -5.659293 16.946245 -3.733552 0.810723 0.069207 0.155345 -0.560185
1504645609.302781 -5.659252 17.092534 -3.797146 0.810836 0.069070 0.155091 -0.560108
1504645609.334641 -5.659223 17.224870 -3.852966 0.811430 0.069396 0.153189 -0.559731
1504645609.366500 -5.659607 17.368421 -3.914618 0.811529 0.069036 0.152523 -0.559814
1504645609.398359 -5.660108 17.517421 -3.978522 0.811766 0.069077 0.151956 -0.559619
1504645609.430219 -5.660735 17.667285 -4.042672 0.812196 0.068736 0.151271 -0.559223
1504645609.462078 -5.661635 17.822891 -4.108830 0.812586 0.068500 0.150722 -0.558834
1504645609.493937 -5.662739 17.979467 -4.174705 0.813155 0.067800 0.149654 -0.558377
1504645609.525797 -5.663873 18.136874 -4.240943 0.813799 0.067381 0.148547 -0.557786
1504645609.557656 -5.664915 18.295452 -4.307470 0.814300 0.067035 0.147496 -0.557375
1504645609.589515 -5.664984 18.436976 -4.369251 0.814172 0.066896 0.146291 -0.557896
1504645609.621375 -5.666250 18.592778 -4.434086 0.813930 0.066201 0.144318 -0.558845
1504645609.653234 -5.667912 18.754470 -4.500889 0.813714 0.064726 0.141745 -0.559990
1504645609.685093 -5.670096 18.916928 -4.567815 0.814110 0.062438 0.137700 -0.560683
1504645609.716952 -5.672366 19.080093 -4.634778 0.815011 0.059543 0.132850 -0.560858
1504645609.748812 -5.674256 19.249120 -4.703888 0.816232 0.056889 0.128451 -0.560384
1504645609.780671 -5.675205 19.419048 -4.773157 0.817098 0.054987 0.125351 -0.560012
1504645609.812531 -5.675046 19.590142 -4.842258 0.817236 0.054186 0.123943 -0.560204
1504645609.844390 -5.673748 19.747708 -4.906097 0.816652 0.054845 0.124690 -0.560824
1504645609.876249 -5.672016 19.915184 -4.972198 0.816137 0.055546 0.125341 -0.561359
1504645609.908109 -5.670109 20.088790 -5.040396 0.815633 0.055775 0.125554 -0.562021
1504645609.939968 -5.668141 20.263148 -5.108472 0.815463 0.055238 0.124920 -0.562462
1504645609.971827 -5.665935 20.438255 -5.176388 0.815620 0.054579 0.123767 -0.562553
1504645610.003687 -5.663489 20.619933 -5.246490 0.815411 0.053803 0.122258 -0.563260
1504645610.035546 -5.660585 20.802657 -5.316209 0.815160 0.052995 0.121204 -0.563929
1504645610.067406 -5.657017 20.986119 -5.385736 0.814743 0.052882 0.120765 -0.564636
1504645610.099265 -5.652933 21.170360 -5.454961 0.814360 0.052878 0.120623 -0.565218
1504645610.131125 -5.648595 21.355509 -5.523720 0.813796 0.052738 0.120177 -0.566138
1504645610.162984 -5.643867 21.519612 -5.584178 0.813198 0.052851 0.119897 -0.567045
1504645610.194843 -5.638768 21.700808 -5.649961 0.811795 0.052899 0.119789 -0.569070
1504645610.226703 -5.633213 21.888453 -5.717850 0.810439 0.053016 0.119121 -0.571128
1504645610.258562 -5.627056 22.082467 -5.788372 0.809297 0.052794 0.118494 -0.572896
1504645610.290422 -5.620122 22.277127 -5.859113 0.808257 0.052798 0.118558 -0.574349
1504645610.322281 -5.612507 22.472319 -5.929859 0.807284 0.052857 0.118987 -0.575623
1504645610.354141 -5.604216 22.667701 -6.000850 0.807092 0.053178 0.119415 -0.575774
1504645610.385999 -5.595449 22.863495 -6.072441 0.807252 0.052985 0.119713 -0.575505
1504645610.417859 -5.586224 23.060048 -6.144568 0.807365 0.052370 0.119306 -0.575487
1504645610.449718 -5.576116 23.257282 -6.217476 0.807359 0.052299 0.119477 -0.575467
1504645610.481577 -5.567126 23.432647 -6.281178 0.808191 0.051622 0.118018 -0.574659
