1520531829.251142 0.053588 -0.082339 -0.050047 -0.002555 -0.010063 -0.000004 0.999946
1520531831.451200 0.093340 -0.084020 -0.035331 -0.025913 -0.001839 0.021471 0.999432
1520531832.651224 0.091510 -0.086380 -0.046685 0.029188 -0.022394 0.020097 0.999121
1520531833.051272 0.084750 -0.094683 -0.039516 0.000852 -0.011907 0.015312 0.999812
1520531835.251397 0.247266 -0.167258 0.008690 -0.007401 -0.001188 0.019764 0.999777
1520531835.451403 0.403035 -0.202603 0.072713 -0.049736 -0.013624 0.030546 0.998202
1520531835.651328 0.566404 -0.220062 0.079348 -0.063069 -0.023475 0.061173 0.995856
1520531835.851335 0.699834 -0.214096 -0.005265 -0.037185 -0.018305 0.101075 0.994015
1520531836.251259 0.809380 -0.160923 -0.173063 -0.014307 0.016684 0.140788 0.989796
1520531836.651412 0.675778 -0.187691 0.098224 -0.073265 -0.030563 0.116330 0.990033
1520531836.851317 0.516550 -0.191861 0.222672 -0.091676 -0.037091 0.102446 0.989810
1520531837.051323 0.344884 -0.202698 0.172895 -0.057383 -0.030571 0.072499 0.995247
1520531837.251214 0.173997 -0.213858 0.027249 -0.010382 -0.018970 0.024402 0.999468
1520531837.301215 0.137542 -0.215596 -0.012067 0.005286 -0.014432 0.015327 0.999764
1520531837.351217 0.089841 -0.216746 -0.049800 0.026068 -0.012429 0.010083 0.999532
1520531837.401219 0.041400 -0.216839 -0.084540 0.050057 -0.015497 0.009749 0.998579
1520531837.451221 -0.003224 -0.215814 -0.105074 0.070611 -0.018550 0.011251 0.997268
1520531837.501222 -0.050736 -0.214948 -0.131138 0.092984 -0.021658 0.009949 0.995382
1520531837.551224 -0.104468 -0.214585 -0.156072 0.112569 -0.026269 0.007241 0.993270
1520531837.601508 -0.160313 -0.215310 -0.177094 0.124321 -0.027352 0.002236 0.991862
1520531837.651510 -0.207976 -0.219532 -0.190544 0.125321 -0.023978 -0.003089 0.991822
1520531837.701512 -0.260498 -0.221508 -0.198149 0.120585 -0.017452 -0.012929 0.992465
1520531837.751514 -0.318586 -0.224313 -0.197092 0.111140 -0.009755 -0.027536 0.993375
1520531837.801515 -0.376034 -0.227952 -0.187027 0.101755 -0.002047 -0.042792 0.993887
1520531837.851516 -0.421985 -0.233619 -0.175665 0.095404 0.008474 -0.054437 0.993913
1520531837.901518 -0.470541 -0.238898 -0.154567 0.087712 0.021591 -0.066098 0.993716
1520531837.951520 -0.520320 -0.245970 -0.124781 0.076047 0.029631 -0.079301 0.993504
1520531838.002192 -0.566224 -0.253694 -0.089124 0.062917 0.033345 -0.091539 0.993252
1520531838.052194 -0.602497 -0.262026 -0.058601 0.051854 0.034914 -0.099908 0.993031
1520531838.102195 -0.636831 -0.268083 -0.022791 0.041655 0.034903 -0.105253 0.992959
1520531838.152197 -0.672210 -0.274316 0.015847 0.031025 0.034023 -0.107773 0.993109
1520531838.202198 -0.704924 -0.279689 0.052965 0.019983 0.031748 -0.106489 0.993606
1520531838.252200 -0.730509 -0.286072 0.081991 0.009397 0.026532 -0.100506 0.994538
1520531838.302201 -0.755464 -0.289457 0.111217 -0.001196 0.024054 -0.091959 0.995472
1520531838.352208 -0.781305 -0.290523 0.140457 -0.013063 0.025117 -0.082522 0.996187
1520531838.401600 -0.804328 -0.286734 0.164908 -0.023881 0.029907 -0.075680 0.996397
1520531838.451602 -0.817035 -0.278107 0.185377 -0.032451 0.034177 -0.070222 0.996417
1520531838.501603 -0.833217 -0.265894 0.196311 -0.039110 0.036122 -0.063457 0.996563
1520531838.551605 -0.849480 -0.249170 0.200764 -0.043839 0.037369 -0.055267 0.996809
1520531838.601607 -0.863782 -0.230224 0.196728 -0.043448 0.039172 -0.048627 0.997102
1520531838.651608 -0.876172 -0.209866 0.185445 -0.037271 0.039295 -0.046472 0.997450
1520531838.701610 -0.885899 -0.188595 0.169035 -0.027721 0.035277 -0.047198 0.997877
1520531838.751611 -0.892122 -0.166343 0.149017 -0.016661 0.028682 -0.048731 0.998261
1520531838.801613 -0.895044 -0.143361 0.126442 -0.006395 0.022410 -0.049850 0.998485
1520531838.851325 -0.884881 -0.116808 0.118065 0.002923 0.021279 -0.050775 0.998479
1520531838.901327 -0.880622 -0.092876 0.093644 0.008520 0.020373 -0.051310 0.998439
1520531838.951328 -0.872580 -0.067072 0.065836 0.012763 0.020391 -0.051780 0.998369
1520531839.001330 -0.860957 -0.041918 0.037357 0.017024 0.018751 -0.051528 0.998350
1520531839.051332 -0.847024 -0.023945 0.025610 0.023165 0.016204 -0.050943 0.998301
1520531839.101333 -0.831333 -0.001937 0.000047 0.032255 0.015307 -0.050279 0.998097
1520531839.151335 -0.811118 0.022088 -0.029105 0.045577 0.019796 -0.047200 0.997649
1520531839.201336 -0.788056 0.045181 -0.058759 0.059230 0.027637 -0.042949 0.996937
1520531839.251462 -0.766143 0.063425 -0.081780 0.068629 0.031219 -0.037334 0.996455
1520531839.301464 -0.741576 0.080958 -0.106413 0.079748 0.033097 -0.031251 0.995775
1520531839.351465 -0.711969 0.097948 -0.129816 0.092425 0.033958 -0.021236 0.994914
1520531839.401467 -0.680283 0.111665 -0.148030 0.104960 0.039016 -0.011899 0.993640
1520531839.451469 -0.650174 0.117818 -0.159242 0.111141 0.045102 -0.004347 0.992771
1520531839.501470 -0.618761 0.120557 -0.163540 0.112890 0.050798 0.006021 0.992290
1520531839.551472 -0.582501 0.116938 -0.160635 0.110231 0.052294 0.019370 0.992340
1520531839.601473 -0.545680 0.106540 -0.149483 0.104649 0.049504 0.030690 0.992802
1520531839.651728 -0.508252 0.091016 -0.141429 0.097032 0.043630 0.038026 0.993597
1520531839.701730 -0.477539 0.075512 -0.114927 0.087512 0.037529 0.043994 0.994484
1520531839.751731 -0.441568 0.055270 -0.082914 0.072677 0.030431 0.050188 0.995627
1520531839.801732 -0.406269 0.034130 -0.045368 0.053676 0.024688 0.056057 0.996678
1520531839.851734 -0.370450 0.018169 -0.021335 0.031547 0.019900 0.061259 0.997425
1520531839.901735 -0.340021 -0.000014 0.019278 0.007344 0.016133 0.066391 0.997636
1520531839.951737 -0.307874 -0.018938 0.065756 -0.020265 0.015831 0.070194 0.997202
1520531840.001738 -0.276313 -0.035195 0.111427 -0.044382 0.015658 0.073737 0.996167
1520531840.051597 -0.246278 -0.051525 0.147056 -0.061398 0.016841 0.076721 0.995018
1520531840.101598 -0.218946 -0.065078 0.179569 -0.068464 0.018041 0.079395 0.994326
1520531840.151600 -0.188791 -0.083512 0.208624 -0.066157 0.015285 0.080182 0.994465
1520531840.201602 -0.158557 -0.103550 0.229094 -0.057333 0.012076 0.079994 0.995072
1520531840.251603 -0.128143 -0.124423 0.240003 -0.046499 0.008878 0.077413 0.995875
1520531840.301605 -0.097702 -0.145461 0.242059 -0.039274 0.008645 0.074599 0.996402
1520531840.351606 -0.067269 -0.165358 0.235407 -0.038955 0.009194 0.070016 0.996743
1520531840.401608 -0.036404 -0.182691 0.221142 -0.043116 0.009186 0.066457 0.996815
1520531840.451349 -0.004450 -0.201882 0.204050 -0.047239 0.011913 0.062832 0.996834
1520531840.501351 0.027747 -0.214512 0.178599 -0.045198 0.012990 0.058021 0.997207
1520531840.551352 0.063417 -0.225429 0.146261 -0.034283 0.012680 0.053944 0.997875
1520531840.601354 0.099684 -0.233804 0.109715 -0.013869 0.013053 0.050611 0.998537
1520531840.651356 0.126984 -0.239991 0.088193 0.009215 0.012512 0.049050 0.998675
1520531840.701357 0.161472 -0.243980 0.052168 0.032978 0.008641 0.048422 0.998245
1520531840.751359 0.199885 -0.245643 0.012716 0.057154 0.004824 0.049756 0.997113
1520531840.801360 0.239328 -0.244782 -0.026032 0.078312 0.004922 0.054701 0.995415
1520531840.851477 0.268654 -0.243639 -0.050885 0.092399 0.010052 0.062029 0.993737
1520531840.901479 0.306325 -0.241070 -0.079936 0.103835 0.012725 0.071904 0.991910
1520531840.951480 0.349339 -0.237815 -0.108644 0.113746 0.011880 0.084016 0.989880
1520531841.001482 0.394350 -0.235420 -0.132422 0.122142 0.007254 0.098160 0.987620
1520531841.051483 0.429641 -0.233638 -0.149760 0.128045 0.003880 0.113708 0.985221
1520531841.101485 0.473576 -0.234487 -0.160928 0.131480 0.003052 0.130809 0.982646
1520531841.151487 0.523905 -0.238280 -0.165918 0.130668 0.000721 0.153198 0.979518
1520531841.201488 0.576215 -0.242644 -0.162215 0.126964 -0.002671 0.183612 0.974761
1520531841.251489 0.615595 -0.242297 -0.153106 0.122175 -0.005981 0.215705 0.968767
1520531841.302307 0.661575 -0.245608 -0.135564 0.114706 -0.008273 0.243993 0.962934
1520531841.352308 0.708073 -0.249388 -0.111397 0.101984 -0.014799 0.271087 0.957023
1520531841.402315 0.747912 -0.253584 -0.082926 0.085320 -0.020940 0.293088 0.952041
1520531841.452312 0.781131 -0.255541 -0.061679 0.066904 -0.024302 0.309331 0.948287
1520531841.502313 0.803646 -0.262079 -0.032797 0.051138 -0.031693 0.321097 0.945134
1520531841.552315 0.823599 -0.271180 -0.002407 0.037402 -0.041405 0.329128 0.942635
1520531841.602418 0.836877 -0.282034 0.027006 0.026726 -0.053576 0.331655 0.941499
1520531841.652318 0.853794 -0.289323 0.048564 0.016422 -0.065803 0.328497 0.942067
1520531841.701907 0.854364 -0.300374 0.072598 0.007215 -0.079729 0.320742 0.943777
1520531841.751909 0.848568 -0.314855 0.096604 -0.002422 -0.095614 0.307205 0.946825
1520531841.801911 0.836572 -0.330724 0.115709 -0.010303 -0.110740 0.288857 0.950890
1520531841.851912 0.824038 -0.339356 0.129671 -0.016564 -0.125827 0.266711 0.955384
1520531841.901914 0.803391 -0.353481 0.136748 -0.018515 -0.137539 0.241768 0.960359
1520531841.951915 0.775287 -0.369833 0.138454 -0.018212 -0.147441 0.211526 0.966016
1520531842.001917 0.742206 -0.384562 0.133999 -0.013902 -0.153190 0.179933 0.971578
1520531842.051918 0.695074 -0.395092 0.128182 -0.005696 -0.156757 0.146247 0.976733
1520531842.101483 0.659281 -0.402597 0.115313 0.003197 -0.155787 0.119762 0.980499
1520531842.151484 0.610722 -0.408700 0.096149 0.014891 -0.152230 0.091255 0.984011
1520531842.201486 0.558543 -0.411146 0.074139 0.026288 -0.146863 0.065304 0.986649
1520531842.251488 0.501167 -0.416638 0.055268 0.036579 -0.141814 0.045215 0.988183
1520531842.301489 0.448691 -0.413139 0.032360 0.049313 -0.135426 0.025204 0.989238
1520531842.351490 0.386524 -0.406682 0.004785 0.065628 -0.128720 0.005253 0.989493
1520531842.401492 0.320941 -0.397122 -0.024291 0.083815 -0.122478 -0.013146 0.988838
1520531842.451494 0.258875 -0.390055 -0.048366 0.099982 -0.116903 -0.028538 0.987686
1520531842.501837 0.193842 -0.376962 -0.073914 0.117133 -0.107047 -0.047630 0.986181
1520531842.551839 0.119997 -0.360958 -0.097667 0.132849 -0.093342 -0.070799 0.984188
1520531842.601840 0.046005 -0.343974 -0.115617 0.143153 -0.079646 -0.096352 0.981774
1520531842.651842 -0.018124 -0.330692 -0.126077 0.149657 -0.065069 -0.120871 0.979162
1520531842.701843 -0.081448 -0.313793 -0.129334 0.156346 -0.048309 -0.146321 0.975609
1520531842.751845 -0.147142 -0.296432 -0.124729 0.161626 -0.031188 -0.174099 0.970873
1520531842.801846 -0.206689 -0.280934 -0.110714 0.163282 -0.017242 -0.203600 0.965189
1520531842.851848 -0.250431 -0.269726 -0.092193 0.160093 -0.009605 -0.227960 0.960371
1520531842.902540 -0.291136 -0.260252 -0.065007 0.152957 0.000605 -0.251434 0.955712
1520531842.952541 -0.327837 -0.253614 -0.027304 0.139699 0.014715 -0.273011 0.951700
1520531843.002546 -0.354155 -0.251000 0.016299 0.119821 0.032833 -0.287605 0.949657
1520531843.052544 -0.373886 -0.248046 0.047106 0.095371 0.053203 -0.294181 0.949490
1520531843.102545 -0.380289 -0.252114 0.089011 0.066383 0.079822 -0.295539 0.949673
1520531843.152547 -0.377200 -0.260489 0.134912 0.030393 0.112625 -0.288873 0.950234
1520531843.202621 -0.362480 -0.272110 0.177277 -0.004813 0.142275 -0.272830 0.951472
1520531843.252550 -0.343102 -0.285037 0.216330 -0.032831 0.162036 -0.250462 0.953905
1520531843.301888 -0.314460 -0.297973 0.245286 -0.054370 0.176290 -0.225879 0.956527
1520531843.351889 -0.275673 -0.312276 0.269455 -0.074485 0.189160 -0.194676 0.959569
1520531843.401891 -0.230835 -0.325466 0.285277 -0.091709 0.199310 -0.160137 0.962404
1520531843.451892 -0.169316 -0.337448 0.298667 -0.105739 0.209773 -0.121400 0.964405
1520531843.501894 -0.122674 -0.345238 0.297292 -0.115148 0.216873 -0.082863 0.965837
1520531843.551895 -0.067875 -0.352209 0.286681 -0.120110 0.219680 -0.038726 0.967375
1520531843.601897 -0.011814 -0.355816 0.267046 -0.116006 0.217854 0.008218 0.969028
1520531843.651898 0.064609 -0.359701 0.244418 -0.102224 0.214681 0.058055 0.969583
1520531843.701900 0.119110 -0.355385 0.212256 -0.083806 0.206012 0.105250 0.969256
1520531843.751377 0.179862 -0.347208 0.176006 -0.062529 0.191262 0.154526 0.967280
1520531843.801379 0.239164 -0.333928 0.140025 -0.041023 0.168855 0.204637 0.963291
1520531843.851381 0.304861 -0.335611 0.116878 -0.019724 0.152958 0.241083 0.958172
1520531843.901382 0.350081 -0.312172 0.090130 0.003071 0.136307 0.286550 0.948314
1520531843.951384 0.399396 -0.288575 0.066178 0.026330 0.121161 0.334917 0.934054
1520531844.001385 0.443091 -0.263228 0.050733 0.045819 0.106943 0.380260 0.917533
1520531844.051387 0.489556 -0.256027 0.037341 0.058486 0.092699 0.413473 0.903895
1520531844.101388 0.519703 -0.233154 0.041118 0.067152 0.077458 0.449966 0.887142
1520531844.151676 0.544213 -0.210300 0.053312 0.069967 0.057693 0.485317 0.869623
1520531844.201677 0.559939 -0.191738 0.073733 0.065154 0.035915 0.513804 0.854675
1520531844.251678 0.565361 -0.181502 0.084536 0.054912 0.011260 0.530807 0.845637
1520531844.301680 0.563990 -0.173466 0.109896 0.045008 -0.014793 0.545934 0.836488
1520531844.351682 0.553252 -0.169691 0.136325 0.037179 -0.043572 0.559369 0.826938
1520531844.401683 0.533648 -0.171387 0.159947 0.034943 -0.069173 0.569389 0.818407
1520531844.451685 0.508572 -0.174936 0.168798 0.037047 -0.088816 0.573281 0.813688
1520531844.501686 0.477509 -0.183303 0.181707 0.040909 -0.105164 0.573498 0.811398
1520531844.551774 0.437778 -0.199278 0.190509 0.043002 -0.116337 0.564092 0.816343
1520531844.601775 0.392943 -0.221020 0.193542 0.040769 -0.119833 0.543727 0.829662
1520531844.651777 0.347305 -0.248699 0.190076 0.035536 -0.116715 0.513702 0.849250
1520531844.701778 0.297663 -0.274701 0.184816 0.029519 -0.109367 0.474227 0.873084
1520531844.751780 0.239364 -0.303761 0.175545 0.023276 -0.094075 0.419724 0.902463
1520531844.801823 0.178501 -0.330479 0.165444 0.019066 -0.074343 0.356589 0.931103
1520531844.851783 0.118491 -0.348740 0.160607 0.017932 -0.056305 0.287948 0.955821
1520531844.901784 0.063706 -0.362853 0.156327 0.015935 -0.039344 0.218191 0.974983
1520531844.951628 0.003650 -0.373924 0.154735 0.009629 -0.022415 0.141070 0.989699
1520531845.001630 -0.055684 -0.380489 0.155813 -0.002324 -0.008263 0.066159 0.997772
1520531845.051630 -0.127452 -0.411598 0.156560 -0.016565 0.003041 -0.002027 0.999856
1520531845.101633 -0.178114 -0.412666 0.159867 -0.032879 0.012895 -0.064476 0.997294
1520531845.151634 -0.232509 -0.410292 0.163248 -0.050276 0.024924 -0.135260 0.989220
1520531845.201636 -0.283370 -0.403795 0.166216 -0.063907 0.032558 -0.205798 0.975963
1520531845.251637 -0.360313 -0.417161 0.170125 -0.068435 0.041339 -0.276778 0.957602
1520531845.301639 -0.404563 -0.405687 0.169909 -0.062256 0.044896 -0.343300 0.936084
1520531845.351605 -0.449636 -0.391774 0.168940 -0.048962 0.048817 -0.407416 0.910622
1520531845.401607 -0.490414 -0.379589 0.168777 -0.035990 0.051719 -0.447703 0.891960
1520531845.451609 -0.520981 -0.364940 0.172392 -0.030821 0.052797 -0.445834 0.893026
1520531845.501610 -0.552868 -0.360063 0.174271 -0.026154 0.054835 -0.431706 0.899966
1520531845.551612 -0.584849 -0.356539 0.176919 -0.024033 0.056004 -0.401635 0.913770
1520531845.601613 -0.612790 -0.354216 0.180183 -0.024351 0.054059 -0.359297 0.931338
1520531845.651615 -0.652408 -0.342592 0.178178 -0.026228 0.049208 -0.316716 0.946880
1520531845.701617 -0.666680 -0.342788 0.183659 -0.026412 0.044083 -0.263372 0.963325
1520531845.751583 -0.685014 -0.343401 0.187964 -0.027371 0.040988 -0.200970 0.978357
1520531845.801732 -0.698510 -0.345178 0.195492 -0.034493 0.034882 -0.140292 0.988894
1520531845.851734 -0.714256 -0.342423 0.190826 -0.051994 0.032312 -0.097798 0.993322
1520531845.901736 -0.721678 -0.343909 0.203990 -0.081802 0.031170 -0.066168 0.993961
1520531845.951737 -0.728298 -0.347500 0.218379 -0.124846 0.033833 -0.046348 0.990515
1520531846.001738 -0.732132 -0.350327 0.231411 -0.168373 0.038680 -0.039167 0.984185
1520531846.051740 -0.733204 -0.354550 0.231905 -0.200151 0.039779 -0.037771 0.978228
1520531846.101741 -0.731544 -0.354311 0.238551 -0.226113 0.039853 -0.040662 0.972436
1520531846.151742 -0.727373 -0.353505 0.242782 -0.247903 0.034976 -0.043657 0.967169
1520531846.201460 -0.720471 -0.351946 0.244107 -0.266729 0.028993 -0.042334 0.962405
1520531846.251462 -0.713147 -0.347219 0.239275 -0.279004 0.022829 -0.040457 0.959166
1520531846.301463 -0.702743 -0.347144 0.232067 -0.269913 0.017115 -0.037551 0.962000
1520531846.351465 -0.687918 -0.347970 0.218739 -0.233483 0.010554 -0.033707 0.971719
1520531846.401474 -0.669735 -0.348764 0.201459 -0.179963 0.006656 -0.025930 0.983309
1520531846.451468 -0.659656 -0.348982 0.193747 -0.123491 0.003653 -0.017714 0.992181
1520531846.501469 -0.639433 -0.347191 0.174770 -0.065959 0.002614 -0.012861 0.997736
1520531846.551471 -0.614817 -0.343119 0.152746 0.001659 0.003785 -0.010274 0.999939
1520531846.601368 -0.588496 -0.336014 0.130866 0.069713 0.005023 -0.010242 0.997502
1520531846.651369 -0.562385 -0.326657 0.114468 0.136217 0.007676 -0.009425 0.990604
1520531846.701371 -0.535913 -0.315001 0.099095 0.184923 0.011164 -0.008750 0.982651
1520531846.751372 -0.502062 -0.299172 0.083863 0.234284 0.016933 -0.007090 0.971995
1520531846.801374 -0.465606 -0.282714 0.073122 0.270855 0.020484 -0.001927 0.962400
1520531846.851375 -0.435952 -0.280956 0.068702 0.285797 0.021868 0.003430 0.958034
1520531846.901377 -0.401584 -0.271487 0.070242 0.278924 0.023054 0.008207 0.960001
1520531846.951378 -0.363958 -0.264999 0.079988 0.237951 0.024169 0.011703 0.970906
1520531847.002339 -0.326540 -0.261497 0.096460 0.162592 0.027390 0.013098 0.986226
1520531847.052341 -0.299500 -0.272491 0.099379 0.084801 0.034875 0.010662 0.995730
1520531847.102342 -0.266935 -0.269082 0.118548 0.000039 0.043622 0.007862 0.999017
1520531847.152344 -0.232066 -0.266301 0.137581 -0.079846 0.048162 0.004590 0.995632
1520531847.202345 -0.197717 -0.263544 0.154561 -0.145554 0.042763 0.003069 0.988421
1520531847.252347 -0.170052 -0.264519 0.151583 -0.187407 0.032907 0.007290 0.981704
1520531847.302348 -0.140005 -0.263924 0.161481 -0.234374 0.025956 0.012274 0.971722
1520531847.352350 -0.105781 -0.265274 0.169966 -0.278197 0.018470 0.019308 0.960152
1520531847.401646 -0.071401 -0.269484 0.174800 -0.309635 0.011348 0.026686 0.950413
1520531847.451648 -0.042193 -0.278438 0.174074 -0.317168 0.004244 0.032200 0.947813
1520531847.501649 -0.010401 -0.290752 0.169677 -0.302459 -0.001410 0.037033 0.952442
1520531847.551651 0.026047 -0.306426 0.160116 -0.257251 -0.005948 0.042236 0.965403
1520531847.601652 0.062742 -0.322266 0.145606 -0.190646 -0.009616 0.048789 0.980399
1520531847.651653 0.094709 -0.328660 0.142155 -0.121402 -0.010070 0.055552 0.990996
1520531847.701655 0.124714 -0.336752 0.119802 -0.052492 -0.005688 0.059957 0.996804
1520531847.751657 0.158837 -0.341521 0.102799 0.016744 0.004331 0.059840 0.998058
1520531847.801448 0.191881 -0.344578 0.087679 0.075450 0.015071 0.054523 0.995544
1520531847.851450 0.227497 -0.355580 0.094810 0.126133 0.023749 0.051943 0.990368
1520531847.901453 0.255583 -0.357073 0.078708 0.165519 0.027833 0.054879 0.984285
1520531847.951453 0.289250 -0.358053 0.069508 0.196032 0.029115 0.060010 0.978326
1520531848.001454 0.320852 -0.359754 0.065385 0.199609 0.030614 0.063675 0.977325
1520531848.051456 0.359003 -0.351755 0.066405 0.174806 0.043866 0.060629 0.981755
1520531848.101457 0.383622 -0.352418 0.075390 0.126892 0.075371 0.057610 0.987370
1520531848.151459 0.409504 -0.352626 0.088609 0.061609 0.125494 0.055738 0.988610
1520531848.201461 0.435834 -0.351431 0.102790 -0.003226 0.184123 0.060689 0.981023
1520531848.252472 0.472196 -0.347873 0.109465 -0.059604 0.243768 0.072848 0.965255
1520531848.302474 0.496415 -0.344145 0.117673 -0.092377 0.293527 0.089509 0.947257
1520531848.352475 0.521165 -0.339066 0.123379 -0.115120 0.344422 0.108699 0.925368
1520531848.402477 0.543614 -0.332544 0.125572 -0.128174 0.385723 0.130321 0.904326
1520531848.452478 0.569449 -0.323118 0.126690 -0.142664 0.423112 0.149335 0.882225
1520531848.502480 0.583045 -0.314776 0.125341 -0.154676 0.440628 0.162557 0.869193
1520531848.552481 0.596326 -0.307283 0.123605 -0.164157 0.437220 0.176478 0.866456
1520531848.602483 0.605506 -0.300689 0.122606 -0.167120 0.406059 0.188617 0.878413
1520531848.651715 0.618605 -0.295501 0.125958 -0.163549 0.361076 0.197908 0.896498
1520531848.701716 0.615160 -0.292183 0.127115 -0.154729 0.303763 0.203087 0.917901
1520531848.751718 0.608742 -0.288414 0.128360 -0.141778 0.235242 0.208043 0.938764
1520531848.801719 0.597132 -0.285890 0.128965 -0.125860 0.161419 0.211746 0.955650
1520531848.851722 0.595504 -0.281443 0.131967 -0.113408 0.102121 0.207901 0.966171
1520531848.901722 0.579607 -0.279758 0.130789 -0.100381 0.034849 0.200988 0.973814
1520531848.951724 0.559121 -0.278277 0.127614 -0.082203 -0.038735 0.192292 0.977121
1520531849.001726 0.535624 -0.276848 0.122750 -0.057078 -0.110819 0.180868 0.975576
1520531849.051625 0.513714 -0.274865 0.117827 -0.030566 -0.167131 0.167985 0.971038
1520531849.101626 0.488006 -0.272740 0.111414 -0.005697 -0.215218 0.154524 0.964246
1520531849.151628 0.457307 -0.271041 0.103064 0.015625 -0.247958 0.139039 0.958614
1520531849.201629 0.424436 -0.270589 0.093915 0.028561 -0.258576 0.125583 0.957367
1520531849.251631 0.376779 -0.276109 0.088627 0.032926 -0.248473 0.116689 0.961021
1520531849.301632 0.342243 -0.277916 0.080858 0.034018 -0.216897 0.110962 0.969271
1520531849.351633 0.301984 -0.280503 0.074041 0.033514 -0.162847 0.105596 0.980412
1520531849.401635 0.259986 -0.282444 0.069945 0.031142 -0.096733 0.100700 0.989713
1520531849.451761 0.210740 -0.299125 0.062302 0.031729 -0.038884 0.096459 0.994071
1520531849.501761 0.171637 -0.300007 0.063505 0.033727 0.019487 0.085755 0.995554
1520531849.551764 0.129379 -0.300021 0.067609 0.032621 0.083033 0.069972 0.993552
1520531849.601765 0.089800 -0.298400 0.075025 0.024081 0.147229 0.057422 0.987141
1520531849.651863 0.063545 -0.294867 0.086555 0.007768 0.214776 0.048852 0.975410
1520531849.701768 0.035536 -0.289649 0.096120 -0.010945 0.273401 0.048846 0.960597
1520531849.751770 0.008009 -0.282366 0.104965 -0.030367 0.334749 0.053790 0.940281
1520531849.801772 -0.016914 -0.273455 0.111144 -0.044235 0.389119 0.062244 0.918017
1520531849.851910 -0.041266 -0.268681 0.097888 -0.052934 0.432931 0.070629 0.897095
1520531849.901912 -0.060110 -0.258374 0.098717 -0.056176 0.453308 0.083258 0.885677
1520531849.951913 -0.077904 -0.246992 0.099202 -0.060625 0.451814 0.096885 0.884761
1520531850.001915 -0.093603 -0.237213 0.099687 -0.065994 0.425778 0.106432 0.896119
1520531850.051916 -0.111260 -0.222896 0.115909 -0.067535 0.381335 0.118080 0.914374
1520531850.101918 -0.123269 -0.218545 0.116880 -0.069255 0.317929 0.123054 0.937541
1520531850.151919 -0.137928 -0.216966 0.117816 -0.067373 0.238737 0.123588 0.960828
1520531850.201921 -0.154304 -0.217793 0.117784 -0.057618 0.153902 0.124077 0.978570
1520531850.251844 -0.175211 -0.215699 0.114312 -0.043487 0.092318 0.123964 0.987025
1520531850.301845 -0.191914 -0.218973 0.111343 -0.029154 0.021901 0.120872 0.991998
1520531850.351847 -0.212156 -0.223897 0.107425 -0.014382 -0.052238 0.115036 0.991883
1520531850.401848 -0.235067 -0.230385 0.102146 0.000674 -0.123792 0.109921 0.986201
1520531850.451850 -0.274639 -0.237107 0.098126 0.013905 -0.176557 0.106587 0.978404
1520531850.501851 -0.299587 -0.243591 0.089636 0.032573 -0.226374 0.098177 0.968532
1520531850.551853 -0.329974 -0.250889 0.077039 0.053462 -0.259244 0.083937 0.960671
1520531850.601855 -0.363921 -0.258569 0.061008 0.070245 -0.268384 0.063031 0.958678
1520531850.651857 -0.402709 -0.275570 0.034725 0.077224 -0.257135 0.042457 0.962349
1520531850.701791 -0.439210 -0.283625 0.019037 0.082372 -0.234651 0.018046 0.968415
1520531850.751792 -0.481595 -0.291710 0.003386 0.086954 -0.198458 -0.009478 0.976199
1520531850.801793 -0.524475 -0.298190 -0.008806 0.092028 -0.156944 -0.039037 0.982535
1520531850.851794 -0.570530 -0.298999 -0.010103 0.094969 -0.121651 -0.066579 0.985773
1520531850.901796 -0.607832 -0.302901 -0.009946 0.096892 -0.082106 -0.096741 0.987174
1520531850.951797 -0.645296 -0.306381 -0.001200 0.094674 -0.037589 -0.130526 0.986198
1520531851.001799 -0.676122 -0.309284 0.018219 0.083806 0.002448 -0.160842 0.983413
1520531851.051800 -0.707092 -0.327059 0.024039 0.060871 0.032074 -0.181507 0.980980
1520531851.102407 -0.718497 -0.332063 0.059087 0.024827 0.063443 -0.197904 0.977851
1520531851.152408 -0.718877 -0.338832 0.104393 -0.025987 0.102603 -0.210752 0.971793
1520531851.202410 -0.705661 -0.346117 0.153001 -0.082137 0.146810 -0.215968 0.961799
1520531851.252474 -0.691199 -0.347359 0.187894 -0.131250 0.189457 -0.214008 0.949252
1520531851.302412 -0.657882 -0.351288 0.228528 -0.172733 0.224725 -0.203561 0.937136
1520531851.352414 -0.610934 -0.359788 0.260052 -0.207270 0.253286 -0.181323 0.927366
1520531851.402416 -0.556526 -0.369088 0.279283 -0.230994 0.272873 -0.152737 0.921333
1520531851.452417 -0.500959 -0.378454 0.287026 -0.246836 0.283894 -0.123812 0.918230
1520531851.501648 -0.445833 -0.387510 0.282181 -0.250524 0.282929 -0.093714 0.921090
1520531851.551649 -0.382154 -0.396878 0.264568 -0.243632 0.274371 -0.060509 0.928280
1520531851.601651 -0.311166 -0.405172 0.231337 -0.219099 0.254554 -0.026991 0.941525
1520531851.651652 -0.237330 -0.405838 0.198378 -0.179664 0.232566 -0.002740 0.955838
1520531851.701653 -0.170960 -0.407844 0.148954 -0.122340 0.207265 0.021116 0.970375
1520531851.751655 -0.096293 -0.403159 0.091246 -0.054187 0.181867 0.049194 0.980596
1520531851.801656 -0.020646 -0.391554 0.033983 0.010108 0.159250 0.081494 0.983817
1520531851.851659 0.043902 -0.382131 -0.006157 0.051478 0.140477 0.107589 0.982874
1520531851.901599 0.111211 -0.358948 -0.042727 0.096960 0.115923 0.137679 0.978880
1520531851.951601 0.185226 -0.329493 -0.071451 0.141922 0.090120 0.170393 0.970929
1520531852.001602 0.255216 -0.297334 -0.082464 0.177447 0.063521 0.204550 0.960540
1520531852.051604 0.305594 -0.276604 -0.086904 0.194055 0.041409 0.234171 0.951731
1520531852.101605 0.355128 -0.248135 -0.066907 0.203506 0.021774 0.264327 0.942466
1520531852.151607 0.400885 -0.224330 -0.033630 0.198767 0.004763 0.293105 0.935178
1520531852.201609 0.434350 -0.207320 0.012484 0.179409 -0.017390 0.319351 0.930336
1520531852.251610 0.456802 -0.199388 0.055304 0.154198 -0.040284 0.336792 0.927993
1520531852.302719 0.462814 -0.194576 0.107049 0.124014 -0.063971 0.349987 0.926303
1520531852.352721 0.460153 -0.196113 0.165106 0.092468 -0.086008 0.356166 0.925850
1520531852.402722 0.445808 -0.202784 0.219674 0.061207 -0.105561 0.354364 0.927112
1520531852.452724 0.435032 -0.215099 0.260680 0.037121 -0.118938 0.346295 0.929815
1520531852.502725 0.405830 -0.226963 0.297072 0.013091 -0.129399 0.332816 0.933980
1520531852.552727 0.368858 -0.242932 0.328861 -0.010698 -0.137819 0.311137 0.940258
1520531852.602729 0.326154 -0.260294 0.349423 -0.031917 -0.142620 0.284906 0.947349
1520531852.652730 0.298216 -0.289648 0.358910 -0.045707 -0.143421 0.259640 0.953902
1520531852.704768 0.253191 -0.307106 0.357767 -0.055740 -0.142595 0.230173 0.961031
1520531852.751840 0.205286 -0.324571 0.345681 -0.058242 -0.138605 0.198681 0.968464
1520531852.801842 0.156412 -0.341085 0.322845 -0.050996 -0.131287 0.165616 0.976081
1520531852.851875 0.110437 -0.362497 0.312994 -0.034942 -0.123829 0.136796 0.982208
1520531852.901844 0.067948 -0.373802 0.276344 -0.018768 -0.115404 0.108446 0.987203
1520531852.951846 0.018252 -0.381527 0.237197 0.001746 -0.106697 0.078520 0.991185
1520531853.001848 -0.030714 -0.384520 0.196572 0.022902 -0.099487 0.050653 0.993485
1520531853.051849 -0.089850 -0.391225 0.171639 0.047215 -0.092187 0.023549 0.994343
1520531853.101851 -0.132400 -0.387081 0.136273 0.064222 -0.080790 -0.002153 0.994658
1520531853.151786 -0.179891 -0.379139 0.099341 0.080695 -0.063799 -0.031054 0.994210
1520531853.201788 -0.225824 -0.367302 0.066744 0.093279 -0.049672 -0.058126 0.992700
1520531853.251789 -0.286151 -0.364474 0.034743 0.104837 -0.042473 -0.081761 0.990212
1520531853.301791 -0.328948 -0.349004 0.014140 0.110362 -0.033511 -0.106861 0.987562
1520531853.351792 -0.375380 -0.331664 -0.001404 0.109421 -0.021172 -0.138891 0.984016
1520531853.401794 -0.419996 -0.314366 -0.007306 0.097948 -0.010870 -0.170188 0.980471
1520531853.451796 -0.446987 -0.297889 -0.013441 0.080552 -0.002968 -0.195273 0.977431
1520531853.501797 -0.484520 -0.280707 -0.008510 0.063343 0.006747 -0.224423 0.972407
1520531853.552510 -0.524806 -0.261217 -0.000934 0.053656 0.020205 -0.256905 0.964735
1520531853.602511 -0.562738 -0.242341 0.006932 0.053105 0.030720 -0.285164 0.956513
1520531853.652513 -0.590028 -0.228848 0.013192 0.052652 0.034834 -0.302960 0.950910
1520531853.702514 -0.619470 -0.214448 0.020024 0.047052 0.039028 -0.324440 0.943929
1520531853.752516 -0.648790 -0.201106 0.026433 0.039880 0.044279 -0.343420 0.937289
1520531853.802518 -0.674373 -0.190721 0.031770 0.031050 0.049183 -0.360353 0.931001
1520531853.852519 -0.693531 -0.185478 0.035335 0.022864 0.052552 -0.372208 0.926378
1520531853.902521 -0.714640 -0.182035 0.038501 0.016758 0.058204 -0.386631 0.920243
1520531853.952238 -0.738020 -0.180620 0.039404 0.015559 0.061755 -0.401443 0.913667
1520531854.002239 -0.762409 -0.182423 0.036876 0.021271 0.060381 -0.413690 0.908164
1520531854.052241 -0.794404 -0.153982 0.010504 0.030596 0.053490 -0.417449 0.906608
1520531854.102242 -0.819727 -0.156883 -0.001449 0.042340 0.038996 -0.417423 0.906887
1520531854.152244 -0.848933 -0.165109 -0.012584 0.053272 0.023710 -0.417005 0.907032
1520531854.202245 -0.879661 -0.177654 -0.024151 0.059747 0.012126 -0.417931 0.906431
1520531854.252247 -0.911403 -0.189916 -0.029036 0.057575 0.009596 -0.421966 0.904731
1520531854.302248 -0.941239 -0.208036 -0.035512 0.048840 0.007722 -0.425435 0.903637
1520531854.352318 -0.974967 -0.231486 -0.040019 0.038725 0.007303 -0.426264 0.903740
1520531854.402319 -1.008884 -0.256720 -0.041200 0.034840 0.012591 -0.426705 0.903632
1520531854.452321 -1.040712 -0.282039 -0.039681 0.036616 0.015760 -0.425157 0.904241
1520531854.502322 -1.069948 -0.306007 -0.036126 0.041124 0.017128 -0.421585 0.905694
1520531854.552324 -1.101429 -0.332537 -0.030743 0.047952 0.018169 -0.415322 0.908228
1520531854.602326 -1.132852 -0.359515 -0.025384 0.055210 0.016942 -0.409805 0.910343
1520531854.652327 -1.144833 -0.389963 -0.043807 0.060505 0.012848 -0.408683 0.910578
1520531854.702329 -1.173871 -0.415788 -0.043494 0.064025 0.011594 -0.404756 0.912107
1520531854.752422 -1.207346 -0.445867 -0.045715 0.065111 0.009608 -0.398388 0.914852
1520531854.802424 -1.242464 -0.477357 -0.050385 0.065567 0.008431 -0.391522 0.917791
1520531854.852426 -1.276940 -0.515464 -0.063848 0.065070 0.007158 -0.386187 0.920095
1520531854.902427 -1.311993 -0.546343 -0.069730 0.061872 0.008464 -0.380551 0.922649
1520531854.952429 -1.351328 -0.580963 -0.075060 0.053955 0.013786 -0.374295 0.925636
1520531855.002430 -1.391303 -0.616270 -0.077510 0.042052 0.019291 -0.366825 0.929139
1520531855.052432 -1.434161 -0.659033 -0.083209 0.029701 0.019659 -0.356893 0.933466
1520531855.102433 -1.472206 -0.697153 -0.078988 0.023407 0.016803 -0.345618 0.937933
1520531855.152436 -1.511547 -0.738673 -0.071425 0.023936 0.015487 -0.335429 0.941634
1520531855.202494 -1.547654 -0.780635 -0.063260 0.026280 0.013350 -0.321289 0.946522
1520531855.252496 -1.578163 -0.815903 -0.060837 0.027988 0.008696 -0.302885 0.952576
1520531855.302497 -1.607077 -0.856346 -0.059182 0.031732 0.005271 -0.284116 0.958250
1520531855.352499 -1.638056 -0.902897 -0.061551 0.037156 0.003996 -0.265811 0.963301
1520531855.402501 -1.669133 -0.951709 -0.068591 0.040894 0.005693 -0.249757 0.967428
1520531855.452503 -1.687360 -1.001959 -0.073107 0.040333 0.009332 -0.243358 0.969053
1520531855.502504 -1.716991 -1.050373 -0.080915 0.037448 0.010093 -0.235713 0.971049
1520531855.552506 -1.748923 -1.104064 -0.086798 0.030181 0.009786 -0.230837 0.972475
1520531855.602929 -1.779852 -1.158982 -0.087939 0.022241 0.010543 -0.225974 0.973822
1520531855.652931 -1.805598 -1.211932 -0.083903 0.020480 0.014104 -0.222017 0.974726
1520531855.702933 -1.830051 -1.258849 -0.077316 0.024740 0.017849 -0.217619 0.975557
1520531855.752934 -1.857154 -1.308703 -0.068811 0.032164 0.019690 -0.215155 0.975851
1520531855.802935 -1.884264 -1.357657 -0.062601 0.037270 0.017775 -0.210808 0.976655
1520531855.852937 -1.912506 -1.404810 -0.062284 0.039710 0.014625 -0.205334 0.977777
1520531855.902938 -1.937446 -1.451100 -0.065584 0.040137 0.013466 -0.199406 0.979002
1520531855.952940 -1.964830 -1.504049 -0.074871 0.039177 0.012820 -0.193694 0.980196
1520531856.003547 -1.992647 -1.559395 -0.088065 0.038914 0.011267 -0.188934 0.981154
1520531856.053550 -2.021769 -1.611470 -0.099121 0.041265 0.009238 -0.183888 0.982037
1520531856.103550 -2.045849 -1.662794 -0.107731 0.044049 0.008714 -0.177338 0.983125
1520531856.153552 -2.071945 -1.720424 -0.112647 0.049779 0.013213 -0.174066 0.983386
1520531856.203553 -2.095442 -1.779617 -0.112164 0.058911 0.013609 -0.167223 0.984063
1520531856.253555 -2.117658 -1.833835 -0.106794 0.068666 0.006564 -0.156872 0.985207
1520531856.303557 -2.131872 -1.885351 -0.099317 0.073669 0.002434 -0.143796 0.986858
1520531856.353558 -2.145355 -1.942455 -0.091681 0.073829 -0.001287 -0.128706 0.988930
1520531856.403857 -2.158208 -2.000108 -0.089212 0.070624 -0.001993 -0.116916 0.990625
1520531856.453858 -2.174832 -2.054502 -0.088728 0.065933 -0.001145 -0.108386 0.991919
1520531856.503860 -2.188183 -2.108704 -0.096434 0.058250 -0.000824 -0.104542 0.992813
1520531856.553861 -2.204269 -2.168542 -0.107221 0.053167 -0.001211 -0.106175 0.992924
1520531856.603863 -2.221745 -2.228486 -0.117701 0.053712 -0.003210 -0.113264 0.992107
1520531856.653865 -2.241293 -2.296365 -0.124715 0.055372 -0.008513 -0.124202 0.990674
1520531856.703866 -2.258364 -2.349129 -0.125919 0.058164 -0.017832 -0.136508 0.988769
1520531856.753868 -2.277698 -2.404648 -0.121228 0.061055 -0.026294 -0.148670 0.986650
1520531856.803988 -2.299247 -2.457560 -0.113442 0.062836 -0.030971 -0.161592 0.984368
1520531856.853990 -2.324721 -2.509538 -0.105585 0.065559 -0.035072 -0.177888 0.981238
1520531856.903991 -2.349466 -2.553032 -0.101809 0.070270 -0.041361 -0.194190 0.977569
1520531856.953993 -2.379262 -2.600360 -0.102378 0.074083 -0.049864 -0.213043 0.972953
1520531857.003995 -2.411740 -2.647825 -0.107684 0.071657 -0.059090 -0.230122 0.968720
1520531857.053997 -2.428540 -2.684962 -0.109585 0.065126 -0.067101 -0.246794 0.964546
1520531857.103998 -2.463342 -2.731399 -0.119167 0.060840 -0.074898 -0.258421 0.961201
1520531857.154000 -2.505389 -2.782842 -0.129779 0.062907 -0.086392 -0.267718 0.957552
1520531857.203806 -2.549499 -2.831323 -0.136133 0.073819 -0.093545 -0.276259 0.953667
1520531857.253809 -2.576476 -2.846901 -0.130400 0.082444 -0.097626 -0.284120 0.950236
1520531857.303811 -2.620198 -2.886072 -0.125690 0.087728 -0.099609 -0.296719 0.945695
1520531857.353811 -2.670388 -2.925106 -0.118767 0.086391 -0.100710 -0.316531 0.939256
1520531857.403813 -2.722630 -2.961254 -0.112294 0.079341 -0.105098 -0.336145 0.932559
1520531857.453815 -2.772238 -3.004845 -0.114159 0.075308 -0.108019 -0.354997 0.925547
1520531857.503816 -2.823559 -3.033933 -0.117083 0.071435 -0.106216 -0.377138 0.917269
1520531857.553818 -2.884001 -3.066197 -0.125995 0.067565 -0.101243 -0.400361 0.908238
1520531857.603822 -2.945894 -3.096850 -0.137835 0.064689 -0.098098 -0.422059 0.898921
1520531857.654828 -3.028227 -3.159782 -0.144288 0.063678 -0.097301 -0.438984 0.890938
1520531857.704911 -3.086457 -3.184206 -0.149734 0.065273 -0.091739 -0.461190 0.880129
1520531857.754831 -3.150127 -3.208431 -0.149456 0.066385 -0.084882 -0.486271 0.867138
1520531857.804833 -3.213216 -3.229766 -0.143131 0.067386 -0.079946 -0.511596 0.852841
1520531857.854834 -3.259484 -3.243741 -0.135786 0.068177 -0.078391 -0.534827 0.838551
1520531857.904836 -3.317961 -3.257046 -0.127498 0.066426 -0.077359 -0.559493 0.822539
1520531857.954837 -3.381777 -3.269144 -0.120861 0.063916 -0.082074 -0.584337 0.804816
1520531858.004839 -3.445991 -3.280041 -0.119713 0.061737 -0.086354 -0.605889 0.788436
1520531858.055733 -3.498743 -3.287242 -0.124303 0.057894 -0.086603 -0.620339 0.777385
1520531858.105736 -3.562637 -3.297960 -0.132715 0.051106 -0.086319 -0.632894 0.767713
1520531858.155738 -3.632169 -3.308605 -0.143397 0.046644 -0.085598 -0.644620 0.758263
1520531858.205739 -3.701531 -3.319040 -0.150854 0.047162 -0.082418 -0.653160 0.751242
1520531858.255740 -3.775983 -3.336823 -0.146986 0.048619 -0.079740 -0.656442 0.748573
1520531858.305742 -3.839255 -3.346698 -0.143162 0.053049 -0.079295 -0.655149 0.749452
1520531858.355743 -3.906615 -3.356278 -0.133123 0.058841 -0.080344 -0.653876 0.750019
1520531858.405744 -3.972924 -3.365786 -0.121025 0.058396 -0.081678 -0.653770 0.750002
1520531858.456210 -4.031548 -3.374279 -0.109869 0.049765 -0.081100 -0.655855 0.748866
1520531858.506211 -4.094867 -3.384686 -0.104169 0.042723 -0.076620 -0.655826 0.749797
1520531858.556213 -4.161311 -3.394118 -0.104409 0.038232 -0.067630 -0.656554 0.750267
1520531858.606215 -4.229509 -3.403735 -0.111503 0.036856 -0.059223 -0.655713 0.751781
1520531858.656216 -4.306895 -3.426852 -0.129006 0.039873 -0.057734 -0.656116 0.751391
1520531858.706219 -4.367276 -3.433701 -0.137385 0.044771 -0.059248 -0.656028 0.751074
1520531858.756220 -4.436497 -3.442141 -0.142213 0.050570 -0.060211 -0.659162 0.747879
1520531858.806222 -4.505540 -3.449819 -0.140832 0.053165 -0.063287 -0.665100 0.742166
1520531858.855606 -4.553964 -3.458924 -0.140069 0.055250 -0.067802 -0.670216 0.736995
1520531858.905608 -4.614281 -3.462962 -0.131874 0.057643 -0.070530 -0.677770 0.729610
1520531858.955611 -4.678603 -3.464809 -0.122745 0.059468 -0.073483 -0.687099 0.720388
1520531859.005610 -4.741235 -3.465521 -0.115182 0.058896 -0.079901 -0.694330 0.712779
1520531859.055612 -4.778216 -3.467242 -0.108751 0.054885 -0.086868 -0.698732 0.707966
1520531859.105613 -4.836274 -3.467998 -0.109698 0.047651 -0.088690 -0.702048 0.704976
1520531859.155616 -4.902858 -3.468749 -0.114602 -0.039352 0.085878 0.704687 -0.703202
1520531859.205617 -4.970996 -3.469965 -0.120851 -0.032893 0.081815 0.705515 -0.703188
1520531859.254653 -5.060345 -3.480808 -0.129853 -0.029644 0.079117 0.705001 -0.704156
1520531859.304700 -5.126764 -3.482186 -0.131341 -0.030330 0.075163 0.705765 -0.703794
1520531859.354656 -5.199256 -3.484730 -0.127177 -0.032993 0.073629 0.705150 -0.704453
1520531859.404658 -5.267808 -3.488207 -0.116353 0.034239 -0.076095 -0.703632 0.705648
1520531859.454660 -5.327428 -3.488447 -0.108320 0.031159 -0.077259 -0.700612 0.708663
1520531859.504662 -5.389359 -3.494332 -0.097043 0.026294 -0.075525 -0.696566 0.713022
1520531859.554663 -5.455297 -3.501330 -0.089881 0.025539 -0.070879 -0.695615 0.714453
1520531859.604665 -5.521761 -3.508186 -0.088583 0.027957 -0.063905 -0.697050 0.713622
1520531859.654665 -5.581821 -3.503775 -0.099070 0.026768 -0.058443 -0.697891 0.713313
1520531859.703835 -5.645119 -3.508108 -0.104497 0.022699 -0.049127 -0.698252 0.713804
1520531859.753837 -5.713536 -3.511061 -0.110469 0.015929 -0.039005 -0.700319 0.712585
1520531859.803838 -5.781105 -3.512330 -0.114410 0.006492 -0.034408 -0.704632 0.708709
1520531859.853840 -5.849735 -3.506166 -0.103276 0.001793 0.035371 0.708954 -0.704365
1520531859.903841 -5.907796 -3.505084 -0.098609 0.003507 0.038443 0.714506 -0.698563
1520531859.953842 -5.970238 -3.501224 -0.090841 -0.000966 0.038208 0.725052 -0.687633
1520531860.003844 -6.031683 -3.494480 -0.083182 -0.006669 0.036961 0.737307 -0.674512
1520531860.053845 -6.114266 -3.490856 -0.075183 -0.009358 0.041884 0.744495 -0.666248
