1642661138.836530 -0.080800 -0.048979 0.039258 -0.021348 0.159676 0.003691 0.986932
1642661139.836530 -0.080717 -0.042849 0.042283 -0.023340 0.153550 -0.017089 0.987717
1642661140.169863 -0.080676 -0.038749 0.044532 -0.018910 0.144739 -0.031112 0.988800
1642661140.636530 -0.078059 -0.036869 0.047920 -0.012297 0.135895 -0.033715 0.990073
1642661141.036530 -0.078653 -0.036095 0.049129 -0.003175 0.123470 -0.036346 0.991677
1642661142.036530 -0.072784 -0.025138 0.069458 0.005481 0.171310 -0.069496 0.982748
1642661142.436530 -0.067704 -0.022997 0.076071 0.017129 0.203578 -0.091095 0.974661
1642661143.436530 -0.052487 -0.016942 0.068833 0.017047 0.280084 -0.087206 0.955854
1642661144.769863 -0.034458 -0.038194 0.066759 -0.016912 0.294219 -0.032655 0.955030
1642661145.436530 -0.027994 -0.042715 0.055086 -0.030044 0.320093 -0.025144 0.946576
1642661146.303197 -0.017372 -0.050516 0.042883 -0.033614 0.346023 0.002159 0.937621
1642661148.836530 -0.030605 -0.031540 0.037299 -0.013828 0.312145 0.007993 0.949900
1642661149.036530 -0.034804 -0.023021 0.042889 -0.022738 0.299685 -0.004561 0.953756
1642661149.069864 -0.023099 0.018654 0.019327 -0.018462 0.274695 -0.012810 0.961269
1642661149.103197 -0.023349 0.020469 0.020020 -0.019286 0.273206 -0.013225 0.961671
1642661149.136530 -0.023581 0.022205 0.020587 -0.019799 0.271792 -0.014276 0.962046
1642661149.169863 -0.023772 0.023824 0.021109 -0.020366 0.270473 -0.016222 0.962375
1642661149.203197 -0.024015 0.025522 0.021685 -0.021001 0.268928 -0.019585 0.962732
1642661149.236530 -0.024219 0.027037 0.022240 -0.021471 0.267482 -0.023072 0.963047
1642661149.269863 -0.024317 0.028382 0.022774 -0.021818 0.266275 -0.026029 0.963298
1642661149.303197 -0.024331 0.029724 0.023430 -0.022174 0.265031 -0.029090 0.963546
1642661149.336530 -0.024200 0.030868 0.024224 -0.022479 0.264085 -0.031583 0.963720
1642661149.369864 -0.023905 0.031891 0.025128 -0.022681 0.263358 -0.033925 0.963835
1642661149.403197 -0.023368 0.032952 0.026193 -0.023127 0.262615 -0.036712 0.963925
1642661149.436530 -0.003782 0.078034 -0.002106 -0.028538 0.267689 -0.038892 0.962297
1642661149.469863 -0.002754 0.079719 -0.000786 -0.028391 0.267296 -0.042047 0.962278
1642661149.503197 -0.001436 0.081474 0.000606 -0.027854 0.267029 -0.045611 0.962205
1642661149.536530 -0.000042 0.083034 0.001727 -0.027063 0.267139 -0.048577 0.962052
1642661149.569863 0.001547 0.084674 0.002623 -0.026432 0.267230 -0.051694 0.961882
1642661149.603197 0.003098 0.086218 0.003083 -0.026208 0.267426 -0.054382 0.961686
1642661149.636530 0.004593 0.087743 0.003134 -0.026552 0.267612 -0.057335 0.961453
1642661149.669863 0.006021 0.089217 0.002917 -0.026986 0.267803 -0.060811 0.961174
1642661149.703197 0.007649 0.090771 0.002612 -0.027149 0.268158 -0.065428 0.960767
1642661149.736530 0.009179 0.092083 0.002431 -0.026806 0.268721 -0.070410 0.960267
1642661149.769863 0.009460 0.092264 0.002699 -0.026481 0.269278 -0.073006 0.959926
1642661149.803197 0.010446 0.092795 0.002980 -0.025906 0.269759 -0.077047 0.959491
1642661149.836530 0.011129 0.092948 0.003518 -0.024665 0.269664 -0.081021 0.959223
1642661149.869864 0.011448 0.092675 0.004196 -0.022626 0.268921 -0.083837 0.959240
1642661149.903197 0.011533 0.091967 0.005198 -0.019745 0.267905 -0.085971 0.959399
1642661149.936530 0.011497 0.090964 0.006458 -0.017198 0.267091 -0.086811 0.959599
1642661149.969863 0.011575 0.089823 0.007992 -0.014667 0.266617 -0.086629 0.959789
1642661150.003197 0.011884 0.088428 0.010031 -0.012035 0.266202 -0.086070 0.959991
1642661150.036530 0.012382 0.086975 0.012226 -0.009737 0.265940 -0.085989 0.960097
1642661150.069863 0.013138 0.085421 0.014717 -0.007267 0.265548 -0.087164 0.960122
1642661150.103197 0.013998 0.083972 0.017011 -0.005689 0.265115 -0.089953 0.959995
1642661150.136530 0.014892 0.082681 0.019055 -0.004915 0.264514 -0.094011 0.959776
1642661150.169863 0.015803 0.083118 0.019305 -0.005779 0.264270 -0.098059 0.959433
1642661150.203197 0.016695 0.082270 0.020897 -0.005614 0.263666 -0.102379 0.959149
1642661150.236530 0.017592 0.081244 0.022602 -0.005257 0.263260 -0.106272 0.958839
1642661150.269863 0.018261 0.080138 0.024160 -0.004955 0.262851 -0.109576 0.958581
1642661150.303197 0.018739 0.078855 0.025985 -0.004493 0.261979 -0.113180 0.958403
1642661150.336530 0.019038 0.077638 0.027976 -0.003965 0.260870 -0.116164 0.958351
1642661150.369864 0.019163 0.076429 0.029980 -0.004325 0.259546 -0.117663 0.958526
1642661150.403197 0.019180 0.075148 0.032235 -0.005657 0.257979 -0.118637 0.958822
1642661150.436530 0.009970 0.150209 0.010379 -0.010546 0.256589 -0.121157 0.958839
1642661150.469863 0.009501 0.152035 0.012148 -0.013008 0.255188 -0.122605 0.958998
1642661150.503197 0.009050 0.154325 0.013979 -0.015559 0.253611 -0.125252 0.959037
1642661150.536530 0.008722 0.156893 0.015625 -0.017777 0.252058 -0.128799 0.958938
1642661150.569863 0.008416 0.160145 0.017220 -0.020179 0.249967 -0.133834 0.958748
1642661150.603197 0.008032 0.163448 0.018421 -0.022244 0.247557 -0.138878 0.958610
1642661150.636530 0.006355 0.160595 0.019692 -0.022919 0.244830 -0.140746 0.959022
1642661150.669863 0.005676 0.163155 0.020225 -0.024565 0.241219 -0.143827 0.959439
1642661150.703197 0.004961 0.166041 0.020846 -0.026532 0.236989 -0.146268 0.960072
1642661150.736530 0.004308 0.169023 0.021501 -0.028815 0.233226 -0.148983 0.960510
1642661150.769863 0.003681 0.172664 0.022331 -0.031222 0.229286 -0.152663 0.960805
1642661150.803197 0.003160 0.176440 0.023115 -0.033323 0.225830 -0.156471 0.960941
1642661150.836530 0.002486 0.180257 0.022403 -0.034195 0.224324 -0.159457 0.960772
1642661150.869864 0.001856 0.183667 0.022543 -0.036256 0.221816 -0.162396 0.960787
1642661150.903197 0.001099 0.187420 0.022369 -0.038606 0.219244 -0.164694 0.960894
1642661150.936530 0.000259 0.191143 0.021839 -0.041262 0.216789 -0.166464 0.961036
1642661150.969863 -0.000772 0.194846 0.020940 -0.043661 0.214005 -0.169010 0.961109
1642661151.003197 -0.002350 0.198934 0.019309 -0.045584 0.209872 -0.173431 0.961144
1642661151.036530 -0.004108 0.202787 0.017343 -0.047046 0.205258 -0.178301 0.961179
1642661151.069863 -0.006030 0.207121 0.015163 -0.048657 0.200823 -0.182799 0.961190
1642661151.103197 -0.004513 0.211955 0.016083 -0.049269 0.199713 -0.183763 0.961207
1642661151.136530 -0.005472 0.215174 0.014836 -0.050452 0.197712 -0.183796 0.961553
1642661151.169863 -0.006425 0.218699 0.013587 -0.052096 0.196437 -0.182680 0.961939
1642661151.203197 -0.007389 0.222562 0.012244 -0.053899 0.195295 -0.181419 0.962311
1642661151.236530 -0.008139 0.226425 0.010903 -0.056379 0.194440 -0.180568 0.962502
1642661151.269863 -0.008752 0.230239 0.009478 -0.059441 0.193721 -0.180256 0.962521
1642661151.303197 -0.009411 0.234568 0.007711 -0.063074 0.192734 -0.181044 0.962340
1642661151.336530 -0.010090 0.238736 0.005715 -0.066516 0.191600 -0.182619 0.962037
1642661151.369864 -0.011053 0.243186 0.003063 -0.070146 0.190199 -0.184522 0.961694
1642661151.403197 -0.012115 0.247234 0.000156 -0.072834 0.189095 -0.185645 0.961496
1642661151.436530 -0.013169 0.250799 -0.002721 -0.074718 0.188518 -0.185947 0.961406
1642661151.469863 -0.014119 0.254002 -0.005487 -0.076168 0.188491 -0.185260 0.961430
1642661151.503197 -0.015040 0.257423 -0.008544 -0.077561 0.189116 -0.183852 0.961466
1642661151.536530 -0.015732 0.260550 -0.011450 -0.078874 0.190146 -0.182326 0.961447
1642661151.569863 -0.016300 0.263823 -0.014556 -0.080336 0.191504 -0.181572 0.961199
1642661151.603197 -0.016696 0.266672 -0.017507 -0.081268 0.193029 -0.181935 0.960747
1642661151.636530 -0.016860 0.269267 -0.020365 -0.081903 0.194983 -0.182502 0.960191
1642661151.669863 -0.016835 0.271686 -0.023291 -0.082605 0.196919 -0.183202 0.959602
1642661151.703197 -0.018219 0.273526 -0.020021 -0.082225 0.198779 -0.183719 0.959152
1642661151.736530 -0.018143 0.275230 -0.022619 -0.082996 0.200936 -0.183618 0.958656
1642661151.769863 -0.018040 0.277166 -0.026067 -0.084176 0.204014 -0.182719 0.958075
1642661151.803197 -0.018030 0.278776 -0.029504 -0.085708 0.206667 -0.181362 0.957628
1642661151.836530 -0.018061 0.280172 -0.032979 -0.087305 0.208881 -0.179623 0.957331
1642661151.869864 -0.018098 0.281496 -0.036960 -0.089690 0.211261 -0.177255 0.957029
1642661151.903197 -0.017050 0.285949 -0.037784 -0.091964 0.212870 -0.175550 0.956771
1642661151.936530 -0.016596 0.285912 -0.040907 -0.094623 0.214573 -0.173398 0.956524
1642661151.969863 -0.016551 0.286354 -0.044724 -0.097939 0.216146 -0.171244 0.956224
1642661152.003197 -0.016583 0.286303 -0.049022 -0.101465 0.218018 -0.169565 0.955731
1642661152.036530 -0.016621 0.285579 -0.053227 -0.104149 0.220160 -0.167708 0.955278
1642661152.069863 -0.016560 0.284088 -0.057855 -0.106509 0.223140 -0.164444 0.954894
1642661152.103197 -0.019615 0.291801 -0.061524 -0.109041 0.225739 -0.160414 0.954683
1642661152.136530 -0.019578 0.290417 -0.064707 -0.110148 0.229265 -0.155530 0.954524
1642661152.169863 -0.019399 0.288738 -0.068131 -0.111182 0.232989 -0.150100 0.954371
1642661152.203197 -0.019125 0.286803 -0.071759 -0.112232 0.236218 -0.144894 0.954259
1642661152.236530 -0.020900 0.290267 -0.077297 -0.113785 0.238326 -0.140806 0.954163
1642661152.269863 -0.020603 0.288569 -0.080088 -0.115513 0.240178 -0.137103 0.954030
1642661152.303197 -0.020227 0.286613 -0.082947 -0.117889 0.241645 -0.133420 0.953891
1642661152.336530 -0.019836 0.284654 -0.085484 -0.120305 0.243012 -0.130786 0.953607
1642661152.369864 -0.019493 0.282303 -0.088136 -0.123004 0.244139 -0.128898 0.953232
1642661152.403197 -0.019154 0.279640 -0.090564 -0.125068 0.245582 -0.126795 0.952875
1642661152.436530 -0.018740 0.276816 -0.092863 -0.126517 0.247554 -0.123642 0.952588
1642661152.469863 -0.018275 0.273962 -0.095190 -0.127651 0.249885 -0.120049 0.952287
1642661152.503197 -0.019034 0.281319 -0.103430 -0.126538 0.251792 -0.117443 0.952258
1642661152.536530 -0.018642 0.278912 -0.106050 -0.126773 0.254439 -0.114604 0.951869
1642661152.569863 -0.018015 0.275890 -0.109298 -0.127441 0.257773 -0.111782 0.951219
1642661152.603197 -0.017180 0.273209 -0.112203 -0.128707 0.261102 -0.109331 0.950425
1642661152.636530 -0.016313 0.270775 -0.114822 -0.130215 0.264153 -0.106415 0.949707
1642661152.669863 -0.015509 0.268474 -0.117245 -0.131646 0.266763 -0.102867 0.949171
1642661152.703197 -0.015715 0.264394 -0.117451 -0.132889 0.268349 -0.099493 0.948910
1642661152.736530 -0.015140 0.262418 -0.119584 -0.134221 0.270437 -0.096196 0.948470
1642661152.769863 -0.014420 0.259960 -0.122285 -0.135729 0.273485 -0.092693 0.947730
1642661152.803197 -0.013687 0.257767 -0.124866 -0.137311 0.276420 -0.090192 0.946891
1642661152.836530 -0.012949 0.255912 -0.127364 -0.139498 0.279147 -0.089180 0.945867
1642661152.869864 -0.012058 0.254085 -0.130200 -0.142503 0.281549 -0.089773 0.944650
1642661152.903197 -0.010957 0.252532 -0.133031 -0.145657 0.283365 -0.091310 0.943478
1642661152.936530 -0.009611 0.251193 -0.135817 -0.149369 0.285066 -0.092854 0.942234
1642661152.969863 -0.008172 0.247167 -0.134839 -0.152385 0.285569 -0.094752 0.941409
1642661153.003197 -0.006853 0.245491 -0.137194 -0.156411 0.287080 -0.096828 0.940077
1642661153.036530 -0.005485 0.243284 -0.139609 -0.160270 0.288213 -0.099919 0.938756
1642661153.069863 -0.004163 0.240281 -0.141971 -0.163472 0.289221 -0.102963 0.937564
1642661153.103197 -0.003112 0.236927 -0.143981 -0.165358 0.289986 -0.104888 0.936783
1642661153.136530 -0.002400 0.233569 -0.145714 -0.166817 0.290334 -0.105599 0.936337
1642661153.169863 -0.001988 0.230341 -0.147322 -0.167970 0.290350 -0.104691 0.936228
1642661153.203197 -0.001706 0.226928 -0.149001 -0.169606 0.290649 -0.102793 0.936050
1642661153.236530 -0.001624 0.223840 -0.150445 -0.171680 0.290831 -0.101156 0.935794
1642661153.269863 -0.001727 0.220935 -0.151692 -0.174136 0.290718 -0.099768 0.935524
1642661153.303197 -0.003000 0.229320 -0.162847 -0.175443 0.289417 -0.098503 0.935818
1642661153.336530 -0.003441 0.226994 -0.164330 -0.177983 0.288789 -0.096740 0.935716
1642661153.369864 -0.004055 0.223973 -0.165970 -0.180511 0.287309 -0.094797 0.935886
1642661153.403197 -0.004696 0.221057 -0.167265 -0.182226 0.285429 -0.092515 0.936357
1642661153.436530 -0.005298 0.218243 -0.168272 -0.183910 0.283589 -0.088836 0.936943
1642661153.469863 -0.005894 0.215472 -0.169014 -0.185603 0.281893 -0.084030 0.937564
1642661153.503197 -0.006595 0.212356 -0.169754 -0.187617 0.280190 -0.077920 0.938201
1642661153.536530 -0.007279 0.209463 -0.170525 -0.189913 0.278565 -0.071647 0.938723
1642661153.569863 -0.007961 0.206561 -0.171370 -0.193105 0.277168 -0.064916 0.938975
1642661153.603197 -0.008576 0.204044 -0.172122 -0.196777 0.275787 -0.059504 0.938978
1642661153.636530 -0.006935 0.198467 -0.176751 -0.198872 0.275857 -0.057201 0.938659
1642661153.669863 -0.006951 0.195788 -0.177366 -0.202892 0.275321 -0.053448 0.938177
1642661153.703197 -0.006657 0.192944 -0.177973 -0.207133 0.274709 -0.050369 0.937600
1642661153.736530 -0.006043 0.190325 -0.178558 -0.210780 0.274332 -0.047855 0.937029
1642661153.769863 -0.004993 0.187510 -0.179117 -0.214494 0.273844 -0.045623 0.936440
1642661153.803197 -0.003686 0.184775 -0.179562 -0.217718 0.273739 -0.043355 0.935835
1642661153.836530 -0.002248 0.182163 -0.179907 -0.220568 0.273452 -0.041748 0.935324
1642661153.869864 -0.000593 0.179315 -0.180175 -0.223360 0.273254 -0.040756 0.934763
1642661153.903197 0.001033 0.176674 -0.180329 -0.225420 0.273003 -0.040215 0.934365
1642661153.936530 0.002519 0.174351 -0.180447 -0.227060 0.272564 -0.039430 0.934130
1642661153.969863 0.003864 0.172413 -0.180488 -0.228613 0.272189 -0.038157 0.933913
1642661154.003197 0.005308 0.170676 -0.180395 -0.230189 0.271365 -0.036240 0.933842
1642661154.036530 0.006647 0.169471 -0.180138 -0.231393 0.270162 -0.033819 0.933984
1642661154.069863 0.008056 0.168686 -0.179661 -0.232647 0.268330 -0.030812 0.934304
1642661154.103197 0.009337 0.168569 -0.179029 -0.233784 0.266084 -0.027803 0.934757
1642661154.136530 0.010533 0.169166 -0.178255 -0.234801 0.263550 -0.025495 0.935286
1642661154.169863 0.010658 0.156891 -0.182604 -0.231688 0.261841 -0.025603 0.936539
1642661154.203197 0.011460 0.156838 -0.181692 -0.231517 0.258245 -0.024649 0.937604
1642661154.236530 0.012312 0.157267 -0.180389 -0.230555 0.254092 -0.023348 0.939008
1642661154.269863 0.013160 0.158252 -0.178926 -0.229145 0.250523 -0.021599 0.940353
1642661154.303197 0.013966 0.160012 -0.177082 -0.226854 0.247144 -0.020063 0.941836
1642661154.336530 0.014398 0.161767 -0.175560 -0.224527 0.244080 -0.017769 0.943238
1642661154.369863 0.014787 0.164521 -0.173700 -0.221290 0.240431 -0.015162 0.944984
1642661154.403197 0.014782 0.167648 -0.171982 -0.218043 0.236903 -0.013959 0.946647
1642661154.436530 0.016114 0.167732 -0.174894 -0.214777 0.234026 -0.013870 0.948109
1642661154.469863 0.015623 0.170589 -0.173604 -0.210892 0.230541 -0.013875 0.949833
1642661154.503197 0.014720 0.173827 -0.172410 -0.206404 0.226882 -0.013736 0.951700
1642661154.536530 0.013524 0.176966 -0.171409 -0.201481 0.223700 -0.013477 0.953510
1642661154.569863 0.011864 0.180428 -0.170424 -0.195726 0.220630 -0.012681 0.955433
1642661154.603197 0.009857 0.183765 -0.169682 -0.189403 0.218013 -0.011788 0.957318
1642661154.636530 0.010595 0.184419 -0.173677 -0.185146 0.217722 -0.011349 0.958222
1642661154.669863 0.008355 0.187825 -0.173349 -0.178717 0.216576 -0.011665 0.959697
1642661154.703197 0.005586 0.191722 -0.173094 -0.171477 0.215901 -0.011643 0.961170
1642661154.736530 0.002766 0.195378 -0.172948 -0.164459 0.215576 -0.010285 0.962483
1642661154.769863 -0.000345 0.199280 -0.172799 -0.156109 0.215632 -0.007739 0.963884
1642661154.803197 -0.003256 0.203017 -0.172689 -0.148319 0.215579 -0.005219 0.965142
1642661154.836530 -0.002959 0.202858 -0.171526 -0.144715 0.215820 -0.002633 0.965646
1642661154.869863 -0.005031 0.206291 -0.171430 -0.138014 0.215699 -0.001075 0.966657
1642661154.903197 -0.007212 0.209969 -0.171262 -0.130785 0.215321 0.000566 0.967746
1642661154.936530 -0.009329 0.213229 -0.171171 -0.123614 0.214403 0.002453 0.968888
1642661154.969863 -0.011449 0.216185 -0.171095 -0.116136 0.212763 0.003441 0.970171
1642661155.003197 -0.013856 0.219492 -0.171083 -0.108846 0.210815 0.004069 0.971439
1642661155.036530 -0.012791 0.216129 -0.168255 -0.104630 0.209587 0.005031 0.972163
1642661155.069863 -0.014718 0.219185 -0.168456 -0.099787 0.207856 0.005442 0.973041
1642661155.103197 -0.016923 0.222656 -0.168790 -0.095512 0.205369 0.004447 0.974003
1642661155.136530 -0.019118 0.226154 -0.169057 -0.092171 0.202563 0.001641 0.974921
1642661155.169863 -0.021241 0.229528 -0.169139 -0.089525 0.199998 -0.001535 0.975696
1642661155.203197 -0.023619 0.233361 -0.168980 -0.087219 0.197294 -0.005711 0.976440
1642661155.236530 -0.025978 0.237051 -0.168542 -0.085564 0.194647 -0.010696 0.977076
1642661155.269863 -0.028391 0.240439 -0.167830 -0.083952 0.192311 -0.015649 0.977611
1642661155.303197 -0.028393 0.241627 -0.169137 -0.083749 0.190337 -0.019330 0.977949
1642661155.336530 -0.030828 0.244540 -0.167996 -0.080998 0.189296 -0.022474 0.978316
1642661155.369863 -0.034170 0.247702 -0.165883 -0.076936 0.188917 -0.023700 0.978688
1642661155.403197 -0.037607 0.250147 -0.163505 -0.072379 0.189095 -0.022391 0.979032
1642661155.436530 -0.040948 0.252364 -0.160915 -0.067893 0.189952 -0.021687 0.979203
1642661155.469863 -0.044224 0.254605 -0.158224 -0.064267 0.190481 -0.023151 0.979311
1642661155.503197 -0.047777 0.257026 -0.155083 -0.060231 0.190760 -0.026572 0.979427
1642661155.536530 -0.050870 0.259281 -0.151854 -0.055707 0.191246 -0.030435 0.979487
1642661155.569863 -0.053773 0.261491 -0.148084 -0.050533 0.192447 -0.033747 0.979424
1642661155.603197 -0.056159 0.263298 -0.144547 -0.045351 0.193446 -0.035629 0.979414
1642661155.636530 -0.058190 0.264990 -0.141432 -0.040225 0.194450 -0.036810 0.979396
1642661155.669863 -0.060288 0.266567 -0.138427 -0.034490 0.194991 -0.037690 0.979473
1642661155.703197 -0.057353 0.279758 -0.149481 -0.034230 0.194071 -0.037290 0.979681
1642661155.736530 -0.059023 0.282393 -0.148426 -0.029490 0.193231 -0.038176 0.979967
1642661155.769863 -0.061178 0.285996 -0.147355 -0.023618 0.191823 -0.040481 0.980310
1642661155.803197 -0.063253 0.289888 -0.146757 -0.018871 0.189936 -0.043353 0.980657
1642661155.836530 -0.065153 0.293893 -0.146457 -0.015351 0.187800 -0.045812 0.981018
1642661155.869863 -0.066972 0.298522 -0.146243 -0.011877 0.185724 -0.048740 0.981321
1642661155.903197 -0.068403 0.303189 -0.146050 -0.008597 0.184111 -0.052363 0.981472
1642661155.936530 -0.069408 0.307745 -0.145862 -0.005405 0.183229 -0.055831 0.981469
1642661155.969863 -0.070060 0.311890 -0.145574 -0.001948 0.183095 -0.058221 0.981368
1642661156.003197 -0.070405 0.316236 -0.145042 0.002078 0.184060 -0.060158 0.981070
1642661156.036530 -0.070451 0.320251 -0.144347 0.006070 0.185626 -0.063035 0.980578
1642661156.069863 -0.070239 0.324240 -0.143411 0.011521 0.187256 -0.066916 0.979962
1642661156.103197 -0.065105 0.326856 -0.147301 0.013628 0.189977 -0.068764 0.979283
1642661156.136530 -0.064285 0.329688 -0.146588 0.019302 0.191616 -0.071807 0.978649
1642661156.169863 -0.062889 0.333040 -0.145578 0.026591 0.193797 -0.075166 0.977796
1642661156.203197 -0.061155 0.336014 -0.144518 0.033832 0.195994 -0.078094 0.976905
1642661156.236530 -0.059146 0.338761 -0.143387 0.040383 0.198230 -0.081509 0.975925
1642661156.269863 -0.056965 0.341261 -0.142210 0.045750 0.200281 -0.085370 0.974939
1642661156.303197 -0.054385 0.343692 -0.140887 0.051102 0.202333 -0.089561 0.973873
1642661156.336530 -0.051853 0.345664 -0.139654 0.055891 0.204159 -0.093410 0.972867
1642661156.369863 -0.049000 0.347469 -0.138356 0.061117 0.206011 -0.097321 0.971778
1642661156.403197 -0.046200 0.348944 -0.137161 0.065703 0.207788 -0.100511 0.970776
1642661156.436530 -0.046579 0.363736 -0.140606 0.065517 0.208288 -0.102075 0.970518
1642661156.469863 -0.044286 0.366059 -0.139324 0.068199 0.209329 -0.105243 0.969770
1642661156.503197 -0.041819 0.368820 -0.137784 0.070719 0.210430 -0.109596 0.968869
1642661156.536530 -0.039531 0.371583 -0.136138 0.072675 0.211132 -0.114142 0.968046
1642661156.569863 -0.037128 0.374503 -0.134159 0.074457 0.211608 -0.118700 0.967258
1642661156.603197 -0.034991 0.377200 -0.132217 0.076362 0.211573 -0.123665 0.966495
1642661156.636530 -0.033131 0.379607 -0.130446 0.078486 0.211419 -0.128012 0.965792
1642661156.669863 -0.031199 0.381916 -0.128493 0.080820 0.211579 -0.132110 0.965013
1642661156.703197 -0.029480 0.383689 -0.126572 0.083308 0.211834 -0.135386 0.964291
1642661156.736530 -0.027940 0.384923 -0.124896 0.086091 0.211811 -0.137276 0.963784
1642661156.769863 -0.026225 0.385779 -0.123223 0.089583 0.211903 -0.138446 0.963278
1642661156.803197 -0.024448 0.386311 -0.121675 0.093099 0.212308 -0.140003 0.962630
1642661156.836530 -0.026428 0.391775 -0.122590 0.093286 0.212542 -0.139020 0.962703
1642661156.869863 -0.024846 0.392995 -0.121413 0.095872 0.212970 -0.140998 0.962066
1642661156.903197 -0.023154 0.394284 -0.119953 0.098049 0.213539 -0.143245 0.961389
1642661156.936530 -0.021765 0.395413 -0.118388 0.099752 0.213891 -0.144997 0.960873
1642661156.969863 -0.020739 0.396346 -0.116792 0.101189 0.213957 -0.146258 0.960516
1642661157.003197 -0.019940 0.397255 -0.114865 0.102448 0.213731 -0.147156 0.960296
1642661157.036530 -0.019496 0.397978 -0.112796 0.103160 0.212664 -0.147406 0.960419
1642661157.069863 -0.019176 0.398439 -0.110235 0.103502 0.210819 -0.146566 0.960917
1642661157.103197 -0.018812 0.398673 -0.107390 0.103241 0.208644 -0.146167 0.961480
1642661157.136530 -0.018239 0.398941 -0.104351 0.102556 0.206849 -0.147387 0.961755
1642661157.169863 -0.017302 0.399183 -0.100729 0.101781 0.205426 -0.149562 0.961807
1642661157.203197 -0.016182 0.399117 -0.096975 0.101274 0.204506 -0.152080 0.961661
1642661157.236530 -0.018878 0.402077 -0.097439 0.100810 0.204397 -0.153903 0.961443
1642661157.269863 -0.017906 0.401718 -0.094183 0.101591 0.204134 -0.154915 0.961254
1642661157.303197 -0.016872 0.400948 -0.090612 0.103124 0.203798 -0.154695 0.961198
1642661157.336530 -0.015995 0.399985 -0.087322 0.104588 0.203191 -0.152945 0.961448
1642661157.369863 -0.015114 0.398705 -0.083848 0.105369 0.202039 -0.150928 0.961924
1642661157.403197 -0.014158 0.397422 -0.080381 0.105260 0.200882 -0.150855 0.962190
1642661157.436530 -0.013058 0.396453 -0.076919 0.104785 0.200111 -0.153884 0.961923
1642661157.469863 -0.011801 0.395751 -0.073608 0.103761 0.199764 -0.158382 0.961376
1642661157.503197 -0.010260 0.395031 -0.069913 0.102041 0.199736 -0.163549 0.960700
1642661157.536530 -0.008824 0.394230 -0.066528 0.099927 0.199699 -0.166915 0.960351
1642661157.569863 -0.009505 0.398188 -0.066221 0.097333 0.199936 -0.168475 0.960296
1642661157.603197 -0.008699 0.397449 -0.063927 0.095644 0.199644 -0.168066 0.960598
1642661157.636530 -0.008254 0.396487 -0.061947 0.094007 0.198476 -0.165831 0.961390
1642661157.669863 -0.008068 0.395376 -0.060356 0.092004 0.196792 -0.162142 0.962558
1642661157.703197 -0.007978 0.394532 -0.059008 0.089567 0.195179 -0.160096 0.963459
1642661157.736530 -0.007943 0.393967 -0.057607 0.086354 0.193691 -0.160679 0.963955
1642661157.769863 -0.007962 0.393427 -0.055913 0.082288 0.192151 -0.162611 0.964295
1642661157.803197 -0.007984 0.392885 -0.054205 0.077896 0.191003 -0.164211 0.964616
1642661157.836530 -0.008124 0.392290 -0.052720 0.073720 0.190258 -0.164742 0.965001
1642661157.869863 -0.008619 0.391288 -0.051433 0.069531 0.189315 -0.163050 0.965785
1642661157.903197 -0.010518 0.388710 -0.049669 0.068305 0.188907 -0.159200 0.966594
1642661157.936530 -0.011136 0.387104 -0.049073 0.065885 0.187970 -0.154851 0.967651
1642661157.969863 -0.011724 0.385154 -0.048733 0.063616 0.187103 -0.150912 0.968592
1642661158.003197 -0.011975 0.383132 -0.048560 0.060769 0.186546 -0.148626 0.969236
1642661158.036530 -0.011709 0.381310 -0.048506 0.057740 0.186740 -0.147760 0.969516
1642661158.069863 -0.010853 0.379243 -0.048599 0.054462 0.187506 -0.147189 0.969645
1642661158.103197 -0.009605 0.377054 -0.048905 0.051049 0.188866 -0.146859 0.969616
1642661158.136530 -0.008160 0.374674 -0.049296 0.047490 0.190754 -0.146873 0.969426
1642661158.169863 -0.006591 0.371658 -0.049928 0.044048 0.192749 -0.147450 0.969106
1642661158.203197 -0.005176 0.368438 -0.050801 0.041367 0.194267 -0.148372 0.968780
1642661158.236530 -0.003968 0.365080 -0.051884 0.039136 0.195616 -0.148557 0.968573
1642661158.269863 -0.003027 0.361723 -0.053111 0.037654 0.196916 -0.147610 0.968513
1642661158.303197 -0.002191 0.358116 -0.054556 0.036267 0.198123 -0.145977 0.968567
1642661158.336530 -0.001509 0.354920 -0.055910 0.034501 0.198979 -0.144935 0.968613
1642661158.369863 -0.000800 0.351811 -0.057260 0.031814 0.200073 -0.144755 0.968506
1642661158.403197 -0.000119 0.349239 -0.058485 0.028462 0.200659 -0.145434 0.968388
1642661158.436530 0.000554 0.347113 -0.059647 0.024747 0.200807 -0.146510 0.968297
1642661158.469863 0.001258 0.345250 -0.060721 0.020736 0.200576 -0.146860 0.968386
1642661158.503197 -0.006472 0.345070 -0.057947 0.019966 0.198673 -0.145831 0.968950
1642661158.536530 -0.006482 0.342541 -0.058699 0.016756 0.198248 -0.144595 0.969283
1642661158.569863 -0.006547 0.339184 -0.059807 0.012833 0.197900 -0.142727 0.969691
1642661158.603197 -0.006616 0.335881 -0.060977 0.009589 0.197925 -0.140944 0.969984
1642661158.636530 -0.006612 0.332650 -0.062144 0.006807 0.198354 -0.139406 0.970142
1642661158.669863 -0.006535 0.329101 -0.063477 0.004027 0.199236 -0.137339 0.970272
1642661158.703197 -0.006569 0.325864 -0.064894 0.001345 0.200447 -0.134655 0.970406
1642661158.736530 -0.006862 0.322961 -0.066346 -0.002415 0.201315 -0.131241 0.970692
1642661158.769863 -0.007600 0.319952 -0.068072 -0.007436 0.201826 -0.127246 0.971092
1642661158.803197 -0.008804 0.317210 -0.069944 -0.012401 0.201800 -0.123829 0.971488
1642661158.836530 -0.010264 0.314638 -0.071762 -0.017068 0.201425 -0.121032 0.971848
1642661158.869863 -0.012060 0.311736 -0.073667 -0.021818 0.200787 -0.118249 0.972227
1642661158.903197 -0.013827 0.308876 -0.075346 -0.025851 0.200188 -0.115801 0.972547
1642661158.936530 -0.015429 0.306073 -0.076743 -0.029101 0.199809 -0.113634 0.972788
1642661158.969863 -0.018123 0.300812 -0.076541 -0.027083 0.199332 -0.115039 0.972779
1642661159.003197 -0.019597 0.297469 -0.077873 -0.028284 0.198991 -0.113601 0.972984
1642661159.036530 -0.021160 0.293651 -0.079380 -0.029339 0.198991 -0.111635 0.973180
1642661159.069863 -0.022759 0.289396 -0.081166 -0.029924 0.199499 -0.109900 0.973256
1642661159.103197 -0.024112 0.285517 -0.083087 -0.029870 0.199970 -0.109018 0.973260
1642661159.136530 -0.025090 0.282109 -0.084987 -0.030361 0.200863 -0.108929 0.973071
1642661159.169863 -0.025814 0.278713 -0.087174 -0.030824 0.202335 -0.109592 0.972677
1642661159.203197 -0.026252 0.275699 -0.089359 -0.031832 0.203993 -0.110409 0.972205
1642661159.236530 -0.026506 0.272820 -0.091443 -0.033298 0.205789 -0.110307 0.971789
1642661159.269863 -0.026659 0.270094 -0.093396 -0.034958 0.208035 -0.108962 0.971404
1642661159.303197 -0.026813 0.267196 -0.095497 -0.036605 0.210515 -0.106256 0.971109
1642661159.336530 -0.027049 0.264514 -0.097574 -0.038172 0.212686 -0.103143 0.970912
1642661159.369863 -0.029173 0.259860 -0.097142 -0.039205 0.213431 -0.100685 0.970965
1642661159.403197 -0.029948 0.257306 -0.099134 -0.040556 0.214969 -0.098303 0.970814
1642661159.436530 -0.030965 0.254611 -0.101221 -0.042744 0.216488 -0.096810 0.970533
1642661159.469863 -0.032101 0.252111 -0.103095 -0.044686 0.217465 -0.097097 0.970198
1642661159.503197 -0.033423 0.249495 -0.105107 -0.045562 0.218394 -0.098647 0.969792
1642661159.536530 -0.034763 0.247298 -0.106938 -0.046205 0.218907 -0.100029 0.969504
1642661159.569863 -0.036351 0.245075 -0.108778 -0.047102 0.219407 -0.099813 0.969371
1642661159.603197 -0.038031 0.242975 -0.110380 -0.047630 0.219787 -0.097614 0.969483
1642661159.636530 -0.039804 0.241006 -0.111736 -0.047802 0.219924 -0.093958 0.969804
1642661159.669863 -0.041958 0.238977 -0.113010 -0.048261 0.219566 -0.089652 0.970270
1642661159.703197 -0.044230 0.237335 -0.114122 -0.048665 0.218822 -0.086691 0.970687
1642661159.736530 -0.046521 0.236061 -0.115150 -0.049297 0.217671 -0.085411 0.971027
1642661159.769863 -0.049161 0.234839 -0.116270 -0.050077 0.216271 -0.085420 0.971299
1642661159.803197 -0.051762 0.233672 -0.117410 -0.051020 0.214862 -0.085720 0.971537
1642661159.836530 -0.054191 0.232500 -0.118655 -0.051927 0.213827 -0.085724 0.971716
1642661159.869863 -0.056633 0.231066 -0.120252 -0.052964 0.213180 -0.084768 0.971887
1642661159.903197 -0.058657 0.229416 -0.121891 -0.053516 0.213330 -0.082063 0.972056
1642661159.936530 -0.060254 0.227653 -0.123515 -0.053910 0.214653 -0.078247 0.972057
1642661159.969863 -0.058788 0.213544 -0.120386 -0.053392 0.217101 -0.074632 0.971826
1642661160.003197 -0.059572 0.211402 -0.121975 -0.054420 0.219409 -0.071068 0.971518
1642661160.036530 -0.060148 0.209309 -0.123702 -0.056182 0.222068 -0.067579 0.971062
1642661160.069863 -0.060471 0.207276 -0.125427 -0.058926 0.224879 -0.064058 0.970491
1642661160.103197 -0.060483 0.205492 -0.126910 -0.062211 0.227208 -0.060772 0.969955
1642661160.136530 -0.060244 0.203923 -0.128168 -0.066231 0.229207 -0.058094 0.969383
1642661160.169863 -0.059637 0.202274 -0.129323 -0.071709 0.231161 -0.055747 0.968666
1642661160.203197 -0.058673 0.200697 -0.130030 -0.077410 0.233075 -0.054779 0.967824
1642661160.236530 -0.057267 0.190096 -0.126841 -0.080355 0.233655 -0.054695 0.967449
1642661160.269863 -0.056063 0.187530 -0.126667 -0.084169 0.234839 -0.053698 0.966893
1642661160.303197 -0.054496 0.184313 -0.125794 -0.086986 0.236256 -0.050163 0.966489
1642661160.336530 -0.052816 0.180923 -0.124444 -0.088286 0.237862 -0.044015 0.966276
1642661160.369863 -0.050873 0.177154 -0.122660 -0.088435 0.239616 -0.035540 0.966178
1642661160.403197 -0.049048 0.173737 -0.120850 -0.087908 0.241273 -0.028202 0.966056
1642661160.436530 -0.047552 0.170740 -0.119233 -0.086715 0.242042 -0.023393 0.966100
1642661160.469863 -0.046331 0.167853 -0.117781 -0.084659 0.241611 -0.020024 0.966466
1642661160.503197 -0.045497 0.165375 -0.116800 -0.081841 0.239912 -0.017553 0.967179
1642661160.536530 -0.044984 0.163194 -0.116175 -0.078556 0.237720 -0.015125 0.968034
1642661160.569863 -0.048878 0.158179 -0.105479 -0.075533 0.234466 -0.016591 0.969043
1642661160.603197 -0.049295 0.156974 -0.105031 -0.072330 0.232069 -0.012879 0.969921
1642661160.636530 -0.050030 0.155806 -0.104628 -0.068124 0.229235 -0.008066 0.970951
1642661160.669863 -0.051171 0.154735 -0.104370 -0.063110 0.225764 -0.001735 0.972134
1642661160.703197 -0.053469 0.147770 -0.102877 -0.058608 0.222538 0.003865 0.973153
1642661160.736530 -0.054959 0.147057 -0.103241 -0.056196 0.219665 0.008544 0.973918
1642661160.769863 -0.056972 0.146878 -0.103846 -0.054087 0.215997 0.012299 0.974817
1642661160.803197 -0.058782 0.147411 -0.104349 -0.053484 0.212944 0.013443 0.975507
1642661160.836530 -0.060240 0.148365 -0.104632 -0.053856 0.210741 0.013128 0.975969
1642661160.869863 -0.061585 0.149572 -0.104637 -0.053694 0.208997 0.012153 0.976366
1642661160.903197 -0.062781 0.150651 -0.104428 -0.052558 0.207590 0.011156 0.976739
1642661160.936530 -0.063879 0.151630 -0.104074 -0.050998 0.206118 0.011586 0.977129
1642661160.969863 -0.065130 0.152614 -0.103646 -0.048235 0.204327 0.013721 0.977617
1642661161.003197 -0.066384 0.153443 -0.103361 -0.044016 0.202482 0.016777 0.978152
1642661161.036530 -0.064565 0.151123 -0.102719 -0.040896 0.203015 0.018632 0.978144
1642661161.069863 -0.065413 0.152158 -0.102102 -0.037453 0.202153 0.018974 0.978454
1642661161.103197 -0.066313 0.153842 -0.101152 -0.034564 0.200805 0.016775 0.978878
1642661161.136530 -0.067065 0.155889 -0.100078 -0.031901 0.199196 0.012937 0.979355
1642661161.169863 -0.067679 0.158522 -0.098888 -0.028282 0.197353 0.008845 0.979884
1642661161.203197 -0.067952 0.161408 -0.097757 -0.024653 0.195961 0.005643 0.980286
1642661161.236530 -0.067783 0.164536 -0.096566 -0.021699 0.195191 0.002858 0.980521
1642661161.269863 -0.067253 0.167808 -0.095434 -0.019464 0.194846 0.000611 0.980640
1642661161.303197 -0.066348 0.171632 -0.094317 -0.016848 0.194604 -0.001924 0.980735
1642661161.336530 -0.065249 0.175361 -0.093304 -0.014252 0.194734 -0.004926 0.980740
1642661161.369863 -0.065837 0.171178 -0.092264 -0.013242 0.195206 -0.005926 0.980655
1642661161.403197 -0.064924 0.174146 -0.091714 -0.011134 0.194962 -0.009047 0.980706
1642661161.436530 -0.063992 0.177349 -0.091230 -0.008483 0.194217 -0.013559 0.980828
1642661161.469863 -0.062960 0.180662 -0.090722 -0.005164 0.193830 -0.017980 0.980857
1642661161.503197 -0.061712 0.183701 -0.090157 -0.001888 0.194377 -0.019796 0.980725
1642661161.536530 -0.060176 0.186490 -0.089364 0.001597 0.196242 -0.019096 0.980368
1642661161.569863 -0.058333 0.189577 -0.088246 0.006565 0.198852 -0.019003 0.979823
1642661161.603197 -0.056610 0.193040 -0.087130 0.011695 0.201457 -0.021686 0.979187
1642661161.636530 -0.055103 0.196827 -0.085939 0.015865 0.203225 -0.027365 0.978621
1642661161.669863 -0.053701 0.201200 -0.084256 0.019013 0.204506 -0.036125 0.978014
1642661161.703197 -0.056235 0.203071 -0.083655 0.018784 0.203789 -0.042605 0.977907
1642661161.736530 -0.055551 0.206302 -0.082561 0.020623 0.203623 -0.049205 0.977595
1642661161.769863 -0.054608 0.210373 -0.081322 0.022930 0.203163 -0.056205 0.977262
1642661161.803197 -0.053596 0.214071 -0.080180 0.025178 0.202825 -0.061212 0.976975
1642661161.836530 -0.052427 0.217494 -0.078952 0.027176 0.202771 -0.064706 0.976708
1642661161.869863 -0.050767 0.221349 -0.077328 0.029350 0.203531 -0.067694 0.976284
1642661161.903197 -0.048870 0.225283 -0.075542 0.031013 0.204617 -0.071279 0.975751
1642661161.936530 -0.047043 0.229054 -0.073757 0.032726 0.205276 -0.076937 0.975126
1642661161.969863 -0.047400 0.234562 -0.073035 0.034479 0.205369 -0.083062 0.974544
1642661162.003197 -0.046047 0.237687 -0.071564 0.037672 0.205532 -0.089876 0.973786
1642661162.036530 -0.044658 0.240703 -0.069958 0.041827 0.205813 -0.095528 0.973019
1642661162.069863 -0.043262 0.243405 -0.068039 0.046313 0.206422 -0.099195 0.972320
1642661162.103197 -0.042009 0.245614 -0.066061 0.050690 0.207349 -0.102068 0.971606
1642661162.136530 -0.040752 0.247729 -0.064227 0.055160 0.208011 -0.105584 0.970845
1642661162.169863 -0.039309 0.250158 -0.062425 0.059705 0.208170 -0.110525 0.969992
1642661162.203197 -0.037843 0.252525 -0.060841 0.063311 0.207961 -0.115974 0.969172
1642661162.236530 -0.037360 0.255681 -0.059785 0.064226 0.207313 -0.119100 0.968871
1642661162.269863 -0.035854 0.257769 -0.057976 0.066640 0.207562 -0.123282 0.968131
1642661162.303197 -0.034306 0.259481 -0.055682 0.069362 0.207961 -0.127485 0.967310
1642661162.336530 -0.032992 0.260578 -0.053268 0.072556 0.208463 -0.130801 0.966525
1642661162.369863 -0.031815 0.261208 -0.050473 0.076689 0.208902 -0.133608 0.965726
1642661162.403197 -0.031024 0.261384 -0.047697 0.080902 0.208916 -0.136082 0.965034
1642661162.436530 -0.030432 0.261413 -0.044934 0.084900 0.208794 -0.138412 0.964385
1642661162.469863 -0.029765 0.261421 -0.041717 0.089060 0.209129 -0.140899 0.963577
1642661162.503197 -0.029069 0.261258 -0.038211 0.092407 0.210151 -0.142461 0.962810
1642661162.536530 -0.028556 0.260758 -0.034457 0.094928 0.211285 -0.143269 0.962196
1642661162.569863 -0.028401 0.259738 -0.029916 0.096997 0.211684 -0.143750 0.961830
1642661162.603197 -0.028662 0.258352 -0.025120 0.098382 0.210807 -0.143747 0.961883
1642661162.636530 -0.026562 0.264274 -0.023933 0.096104 0.208915 -0.141692 0.962830
1642661162.669863 -0.026532 0.264046 -0.019520 0.095744 0.207073 -0.142186 0.963191
1642661162.703197 -0.026182 0.263837 -0.014534 0.094448 0.205417 -0.143924 0.963415
1642661162.736530 -0.025446 0.263490 -0.009652 0.093220 0.204855 -0.147021 0.963187
1642661162.769863 -0.024407 0.262829 -0.004144 0.092513 0.204676 -0.151349 0.962623
1642661162.803197 -0.023398 0.261730 0.001006 0.091866 0.205391 -0.154219 0.962077
1642661162.836530 -0.022445 0.260192 0.005595 0.091083 0.206883 -0.154835 0.961732
1642661162.869863 -0.021330 0.258182 0.010290 0.089975 0.209391 -0.153754 0.961467
1642661162.903197 -0.020266 0.256237 0.014226 0.088159 0.211822 -0.152095 0.961367
1642661162.936530 -0.019425 0.254383 0.017415 0.086465 0.213533 -0.151126 0.961295
1642661162.969863 -0.018803 0.252422 0.020390 0.084110 0.214916 -0.151282 0.961171
1642661163.003197 -0.018609 0.250607 0.022715 0.080514 0.215533 -0.152087 0.961214
1642661163.036530 -0.018135 0.256407 0.018443 0.077324 0.214584 -0.151404 0.961796
1642661163.069863 -0.018396 0.254733 0.019534 0.073462 0.214259 -0.150627 0.962293
1642661163.103197 -0.018943 0.252551 0.020108 0.069704 0.213671 -0.147714 0.963155
1642661163.136530 -0.019628 0.249995 0.020090 0.066656 0.212758 -0.142398 0.964372
1642661163.169863 -0.020346 0.246762 0.019519 0.063582 0.211700 -0.134916 0.965887
1642661163.203197 -0.020831 0.243772 0.018519 0.060299 0.211113 -0.129090 0.967022
1642661163.236530 -0.021153 0.241304 0.017247 0.057108 0.210891 -0.126305 0.967631
1642661163.269863 -0.021364 0.239271 0.015829 0.053737 0.211072 -0.126027 0.967821
1642661163.303197 -0.021574 0.237181 0.014026 0.049977 0.211529 -0.126461 0.967867
1642661163.336530 -0.021798 0.235115 0.012096 0.046553 0.212128 -0.125488 0.968033
1642661163.369863 -0.022075 0.232592 0.009856 0.042872 0.212923 -0.121522 0.968534
1642661163.403197 -0.022441 0.229993 0.007545 0.039240 0.213697 -0.115204 0.969289
1642661163.436530 -0.018403 0.234568 0.015838 0.038130 0.214682 -0.109537 0.969773
1642661163.469863 -0.018150 0.232711 0.014409 0.034585 0.215408 -0.102406 0.970524
1642661163.503197 -0.017662 0.231322 0.012705 0.030368 0.215994 -0.097991 0.970990
1642661163.536530 -0.017164 0.230594 0.010888 0.026305 0.215905 -0.098758 0.971051
1642661163.569863 -0.016678 0.230022 0.008595 0.022648 0.215213 -0.102333 0.970927
1642661163.603197 -0.016128 0.229242 0.006160 0.020374 0.214492 -0.104703 0.970884
1642661163.636530 -0.015467 0.228076 0.003635 0.019774 0.214378 -0.103791 0.971019
1642661163.669863 -0.014619 0.226401 0.000754 0.019430 0.215252 -0.099669 0.971265
1642661163.703197 -0.013563 0.224668 -0.001835 0.018178 0.217136 -0.093376 0.971495
1642661163.736530 -0.012360 0.223130 -0.004124 0.015687 0.219629 -0.086995 0.971570
1642661163.769863 -0.011088 0.221711 -0.006493 0.011777 0.221799 -0.081464 0.971612
1642661163.803197 -0.010083 0.220602 -0.008768 0.007607 0.222680 -0.078465 0.971699
1642661163.836530 -0.010260 0.215039 -0.003136 0.006431 0.221607 -0.078758 0.971929
1642661163.869863 -0.009755 0.212954 -0.004894 0.002220 0.220950 -0.077698 0.972183
1642661163.903197 -0.009256 0.210567 -0.006908 -0.002706 0.220181 -0.076306 0.972466
1642661163.936530 -0.008742 0.208269 -0.008931 -0.007385 0.219801 -0.074207 0.972690
1642661163.969863 -0.008188 0.205544 -0.011286 -0.012564 0.219216 -0.070738 0.973028
1642661164.003197 -0.007603 0.202697 -0.013435 -0.018009 0.218896 -0.066415 0.973319
1642661164.036530 -0.006873 0.199939 -0.015532 -0.023364 0.218802 -0.061752 0.973533
1642661164.069863 -0.005954 0.196962 -0.018045 -0.029203 0.218814 -0.056435 0.973695
1642661164.103197 -0.005111 0.194348 -0.020638 -0.034537 0.218681 -0.052730 0.973758
1642661164.136530 -0.004322 0.192213 -0.023177 -0.039274 0.218473 -0.051136 0.973710
1642661164.169863 -0.003532 0.190217 -0.025958 -0.043989 0.218144 -0.050725 0.973604
1642661164.203197 -0.002844 0.188651 -0.028483 -0.048292 0.218158 -0.050105 0.973429
1642661164.236530 -0.002736 0.195181 -0.026476 -0.047870 0.218875 -0.052048 0.973187
1642661164.269863 -0.002273 0.194245 -0.028414 -0.052307 0.219247 -0.050204 0.972972
1642661164.303197 -0.002016 0.193550 -0.030534 -0.056942 0.219097 -0.048616 0.972826
1642661164.336530 -0.002175 0.193049 -0.032541 -0.061105 0.217780 -0.047768 0.972911
1642661164.369863 -0.002813 0.192644 -0.034513 -0.065460 0.215312 -0.048017 0.973165
1642661164.403197 -0.003775 0.192477 -0.036215 -0.069263 0.212401 -0.048953 0.973495
1642661164.436530 -0.004966 0.192433 -0.037802 -0.072491 0.209708 -0.049199 0.973831
1642661164.469863 -0.006605 0.192363 -0.039617 -0.075538 0.206951 -0.047923 0.974253
1642661164.503197 -0.008442 0.192227 -0.041495 -0.078281 0.204871 -0.044952 0.974617
1642661164.536530 -0.010479 0.192185 -0.043422 -0.081086 0.203230 -0.041780 0.974873
1642661164.569863 -0.013081 0.192525 -0.045863 -0.084303 0.201425 -0.039342 0.975076
1642661164.603197 -0.015974 0.193217 -0.048473 -0.087469 0.199253 -0.039074 0.975254
1642661164.636530 -0.019142 0.194023 -0.051202 -0.090235 0.196764 -0.040164 0.975463
1642661164.669863 -0.022981 0.194861 -0.054486 -0.092513 0.193790 -0.041103 0.975806
1642661164.703197 -0.026813 0.195571 -0.057789 -0.093981 0.191035 -0.040150 0.976249
1642661164.736530 -0.030458 0.196266 -0.061027 -0.094848 0.189017 -0.037080 0.976679
1642661164.769863 -0.034408 0.197221 -0.064634 -0.095475 0.187379 -0.032674 0.977091
1642661164.803197 -0.038172 0.198593 -0.068118 -0.096163 0.186200 -0.028738 0.977372
1642661164.836530 -0.028680 0.185962 -0.063977 -0.093150 0.188330 -0.027205 0.977300
1642661164.869863 -0.030940 0.186320 -0.067063 -0.094457 0.187759 -0.024465 0.977357
1642661164.903197 -0.033397 0.186825 -0.070852 -0.096353 0.186961 -0.020995 0.977405
1642661164.936530 -0.035788 0.187215 -0.075018 -0.098427 0.185969 -0.017327 0.977460
1642661164.969863 -0.038343 0.187520 -0.079903 -0.100464 0.185214 -0.012960 0.977463
1642661165.003197 -0.040584 0.187718 -0.084737 -0.101548 0.185463 -0.008187 0.977356
1642661165.036530 -0.040062 0.183505 -0.086033 -0.100282 0.186509 -0.005379 0.977307
1642661165.069863 -0.041556 0.183404 -0.090104 -0.099823 0.187848 -0.003010 0.977108
1642661165.103197 -0.043198 0.183398 -0.094234 -0.099059 0.189187 -0.001327 0.976931
1642661165.136530 -0.044731 0.183406 -0.097961 -0.098087 0.190503 0.001158 0.976773
1642661165.169863 -0.046456 0.183289 -0.102050 -0.096816 0.191614 0.005246 0.976669
1642661165.203197 -0.048264 0.183069 -0.106318 -0.094919 0.191702 0.009119 0.976810
1642661165.236530 -0.049456 0.181518 -0.106488 -0.093070 0.191226 0.011801 0.977052
1642661165.269863 -0.051080 0.181277 -0.110663 -0.091533 0.190553 0.013505 0.977307
1642661165.303197 -0.052800 0.181213 -0.115491 -0.089885 0.189372 0.013318 0.977692
1642661165.336530 -0.054170 0.181312 -0.120223 -0.088481 0.188481 0.012619 0.978001
1642661165.369863 -0.055240 0.181444 -0.125301 -0.087674 0.188154 0.012479 0.978139
1642661165.403197 -0.055862 0.181436 -0.129922 -0.087448 0.188222 0.013731 0.978129
1642661165.436530 -0.056070 0.181246 -0.134226 -0.087350 0.188503 0.016342 0.978044
1642661165.469863 -0.055960 0.180965 -0.138877 -0.087274 0.188821 0.018999 0.977941
1642661165.503197 -0.055609 0.180767 -0.143321 -0.086472 0.188721 0.019810 0.978016
1642661165.536530 -0.055102 0.180798 -0.147556 -0.085478 0.188503 0.018550 0.978170
1642661165.569863 -0.054352 0.180939 -0.152087 -0.084272 0.188348 0.015863 0.978351
1642661165.603197 -0.053493 0.181004 -0.156309 -0.082472 0.188436 0.013298 0.978526
1642661165.636530 -0.052605 0.180931 -0.160354 -0.080378 0.188521 0.011653 0.978705
1642661165.669863 -0.051583 0.180656 -0.164615 -0.077973 0.188907 0.010206 0.978841
1642661165.703197 -0.057842 0.179249 -0.163597 -0.076811 0.189271 0.009886 0.978866
1642661165.736530 -0.057517 0.178945 -0.166725 -0.074856 0.189827 0.008621 0.978922
1642661165.769863 -0.057190 0.178388 -0.170512 -0.072178 0.190459 0.006907 0.979014
1642661165.803197 -0.056978 0.177464 -0.173929 -0.068598 0.191210 0.005834 0.979132
1642661165.836530 -0.056875 0.176327 -0.176844 -0.064701 0.191814 0.004655 0.979285
1642661165.869863 -0.056887 0.174765 -0.179385 -0.060064 0.192695 0.003325 0.979413
1642661165.903197 -0.056942 0.173161 -0.181164 -0.055721 0.193717 0.002222 0.979471
1642661165.936530 -0.057031 0.171514 -0.182264 -0.051850 0.194754 0.001710 0.979479
1642661165.969863 -0.057070 0.169677 -0.182794 -0.047924 0.196103 0.001679 0.979410
1642661166.003197 -0.056990 0.168025 -0.182805 -0.044507 0.197415 0.000949 0.979309
1642661166.036530 -0.056830 0.166570 -0.182484 -0.041620 0.198544 -0.001338 0.979207
1642661166.069863 -0.056544 0.165140 -0.181834 -0.038646 0.199604 -0.005566 0.979098
1642661166.103197 -0.057242 0.164251 -0.176523 -0.038817 0.199744 -0.010020 0.979028
1642661166.136530 -0.057226 0.163513 -0.176293 -0.036594 0.200479 -0.014290 0.978910
1642661166.169863 -0.057378 0.162274 -0.176059 -0.033600 0.201396 -0.019172 0.978746
1642661166.203197 -0.057732 0.160872 -0.175804 -0.031057 0.202346 -0.023125 0.978548
1642661166.236530 -0.058304 0.159461 -0.175269 -0.029119 0.203038 -0.026481 0.978379
1642661166.269863 -0.059303 0.158003 -0.174351 -0.027381 0.203657 -0.031321 0.978158
1642661166.303197 -0.058113 0.155001 -0.171988 -0.025641 0.203881 -0.036334 0.977985
1642661166.336530 -0.058859 0.154258 -0.171056 -0.023597 0.204015 -0.042721 0.977750
1642661166.369863 -0.059723 0.153722 -0.169199 -0.020826 0.204214 -0.051499 0.977349
1642661166.403197 -0.060389 0.153589 -0.166551 -0.017839 0.204439 -0.059575 0.976902
1642661166.436530 -0.060134 0.154131 -0.163704 -0.014868 0.204907 -0.065281 0.976489
1642661166.469863 -0.059952 0.155116 -0.160067 -0.012124 0.205618 -0.071420 0.975947
1642661166.503197 -0.059441 0.156840 -0.155103 -0.009128 0.206320 -0.078572 0.975282
1642661166.536530 -0.058701 0.159096 -0.149455 -0.006397 0.206799 -0.086223 0.974556
1642661166.569863 -0.057972 0.161319 -0.144319 -0.003868 0.207340 -0.093175 0.973814
1642661166.603197 -0.057035 0.164189 -0.138202 -0.000689 0.207714 -0.100765 0.972985
1642661166.636530 -0.055953 0.167876 -0.131262 0.003036 0.207652 -0.109158 0.972088
1642661166.669863 -0.054732 0.172538 -0.123604 0.006941 0.206711 -0.117893 0.971248
1642661166.703197 -0.056249 0.172080 -0.120808 0.010202 0.205761 -0.124001 0.970661
1642661166.736530 -0.055065 0.176062 -0.115211 0.012340 0.205135 -0.130385 0.969932
1642661166.769863 -0.053158 0.181604 -0.108092 0.014954 0.204779 -0.138257 0.968879
1642661166.803197 -0.050972 0.187269 -0.101439 0.017287 0.204462 -0.145714 0.967814
1642661166.836530 -0.049162 0.191773 -0.096502 0.018810 0.204299 -0.151099 0.966994
1642661166.869863 -0.046951 0.197055 -0.091251 0.020963 0.204325 -0.157032 0.965998
1642661166.903197 -0.044513 0.202811 -0.086236 0.023845 0.204436 -0.163267 0.964874
1642661166.936530 -0.042212 0.208348 -0.082046 0.026698 0.204978 -0.169447 0.963618
1642661166.969863 -0.039713 0.214469 -0.077830 0.029344 0.206468 -0.176746 0.961910
1642661167.003196 -0.037318 0.220295 -0.074016 0.031646 0.208518 -0.183929 0.960046
1642661167.036530 -0.037279 0.220368 -0.072526 0.032695 0.210397 -0.187334 0.958942
1642661167.069863 -0.035238 0.224632 -0.069142 0.035066 0.212388 -0.192665 0.957362
1642661167.103197 -0.032945 0.228824 -0.065595 0.037775 0.214468 -0.197152 0.955881
1642661167.136530 -0.030648 0.232548 -0.062482 0.039967 0.216220 -0.200635 0.954671
1642661167.169863 -0.028033 0.236380 -0.059268 0.042053 0.217541 -0.204249 0.953514
1642661167.203197 -0.025371 0.239902 -0.056167 0.043747 0.218558 -0.207529 0.952497
1642661167.236530 -0.022668 0.243194 -0.053304 0.045202 0.219281 -0.210404 0.951632
1642661167.269863 -0.019614 0.246629 -0.050429 0.046881 0.220204 -0.212702 0.950826
1642661167.303197 -0.016684 0.249872 -0.048000 0.048845 0.221135 -0.214674 0.950068
1642661167.336530 -0.013927 0.252942 -0.045949 0.050723 0.222511 -0.215543 0.949451
1642661167.369863 -0.011025 0.256267 -0.044156 0.052767 0.224254 -0.214838 0.949089
1642661167.403197 -0.008480 0.259708 -0.043044 0.055045 0.225732 -0.213638 0.948880
1642661167.436530 -0.006265 0.263630 -0.042502 0.056797 0.226422 -0.212940 0.948770
1642661167.469863 -0.004174 0.268542 -0.042403 0.058079 0.226746 -0.213227 0.948550
1642661167.503196 -0.002585 0.273556 -0.042747 0.059347 0.226666 -0.214445 0.948216
1642661167.536530 -0.001342 0.278597 -0.043501 0.060824 0.226182 -0.215853 0.947919
1642661167.569863 -0.000114 0.284182 -0.044615 0.062264 0.225568 -0.215669 0.948013
1642661167.603197 0.001026 0.289187 -0.045415 0.063401 0.225290 -0.213366 0.948525
1642661167.636530 -0.003201 0.291052 -0.044630 0.062295 0.224148 -0.207236 0.950226
1642661167.669863 -0.002110 0.295364 -0.044036 0.063884 0.224348 -0.201603 0.951285
1642661167.703197 -0.000588 0.300046 -0.042936 0.065717 0.224429 -0.195155 0.952485
1642661167.736530 0.001150 0.304780 -0.041556 0.067415 0.224081 -0.191856 0.953118
1642661167.769863 0.005119 0.303669 -0.027881 0.069030 0.222820 -0.189557 0.953758
1642661167.803197 0.007212 0.307442 -0.025918 0.071016 0.220968 -0.191139 0.953727
1642661167.836530 0.009657 0.311711 -0.023694 0.073188 0.219100 -0.193286 0.953561
1642661167.869863 0.012387 0.316267 -0.021540 0.075826 0.217031 -0.194667 0.953547
1642661167.903197 0.015009 0.320376 -0.020076 0.078721 0.214758 -0.192792 0.954208
1642661167.936530 0.017546 0.324149 -0.019243 0.081432 0.212998 -0.189795 0.954976
1642661167.969863 0.019446 0.327089 -0.018798 0.082422 0.213431 -0.189643 0.954824
1642661168.003196 0.022171 0.331333 -0.017934 0.082569 0.214409 -0.193820 0.953753
1642661168.036530 0.025428 0.336339 -0.017030 0.081756 0.215079 -0.199567 0.952486
1642661168.069863 0.029184 0.341917 -0.016412 0.080522 0.215021 -0.204450 0.951569
1642661168.103197 0.032796 0.347288 -0.016345 0.078857 0.214506 -0.207728 0.951114
1642661168.136530 0.036149 0.352350 -0.016929 0.075978 0.214200 -0.210247 0.950864
1642661168.169863 0.039713 0.357730 -0.018421 0.072075 0.214434 -0.213119 0.950475
1642661168.203197 0.042884 0.362640 -0.020754 0.068390 0.215095 -0.216991 0.949722
1642661168.236530 0.045742 0.367023 -0.023678 0.065544 0.215679 -0.220852 0.948900
1642661168.269863 0.048791 0.371448 -0.027376 0.063258 0.216668 -0.224482 0.947977
1642661168.303197 0.051556 0.375260 -0.031046 0.061590 0.218299 -0.226751 0.947173
1642661168.336530 0.053967 0.378441 -0.034381 0.060064 0.220406 -0.226505 0.946841
1642661168.369863 0.056254 0.381406 -0.037954 0.059218 0.222868 -0.223668 0.946993
1642661168.403197 0.057978 0.383956 -0.041508 0.059051 0.224777 -0.220388 0.947321
1642661168.436530 0.059182 0.386394 -0.045117 0.059076 0.226304 -0.218935 0.947293
1642661168.469863 0.059876 0.389131 -0.049385 0.058436 0.227636 -0.219626 0.946854
1642661168.503196 0.056043 0.385028 -0.046163 0.059321 0.227500 -0.219400 0.946883
1642661168.536530 0.055748 0.386647 -0.049074 0.057583 0.228470 -0.221114 0.946358
1642661168.569863 0.054997 0.388165 -0.052224 0.055313 0.230061 -0.221610 0.945992
1642661168.603197 0.053937 0.388995 -0.054570 0.053931 0.231934 -0.220423 0.945892
1642661168.636530 0.052703 0.389504 -0.056569 0.053098 0.233189 -0.217535 0.946299
1642661168.669863 0.051190 0.389949 -0.058552 0.052039 0.234179 -0.214308 0.946850
1642661168.703197 0.049762 0.390607 -0.060219 0.050642 0.235026 -0.213078 0.946993
1642661168.736530 0.048590 0.391308 -0.061853 0.049510 0.235878 -0.212879 0.946886
1642661168.769863 0.047493 0.391713 -0.063635 0.048638 0.237146 -0.211894 0.946835
1642661168.803197 0.046580 0.391575 -0.065246 0.049100 0.238262 -0.209689 0.947022
1642661168.836530 0.047108 0.391673 -0.065950 0.049941 0.239261 -0.207452 0.947219
1642661168.869863 0.047048 0.391406 -0.066645 0.049209 0.241483 -0.204301 0.947378
1642661168.903197 0.047571 0.391426 -0.067472 0.047605 0.243204 -0.202191 0.947473
1642661168.936530 0.048700 0.392012 -0.068433 0.045214 0.244052 -0.202835 0.947234
1642661168.969863 0.050253 0.393094 -0.069806 0.042055 0.244031 -0.207041 0.946475
1642661169.003196 0.051775 0.394144 -0.071478 0.038908 0.243718 -0.213225 0.945316
1642661169.036530 0.053110 0.394826 -0.073379 0.036220 0.243755 -0.218891 0.944118
1642661169.069863 0.054391 0.395105 -0.075783 0.033519 0.244483 -0.223380 0.942977
1642661169.103197 0.055322 0.394930 -0.078113 0.030740 0.245992 -0.226462 0.941944
1642661169.136530 0.055887 0.394652 -0.080300 0.027240 0.247907 -0.228668 0.941016
1642661169.169863 0.056208 0.394519 -0.082839 0.022404 0.250010 -0.230489 0.940142
1642661169.203197 0.056343 0.394760 -0.085588 0.017211 0.251957 -0.231862 0.939394
1642661169.236530 0.056354 0.395470 -0.088799 0.011521 0.253077 -0.233503 0.938773
1642661169.269863 0.056182 0.396545 -0.092618 0.004081 0.253360 -0.235960 0.938144
1642661169.303197 0.053212 0.394180 -0.091970 0.001156 0.250881 -0.236046 0.938797
1642661169.336530 0.052909 0.394365 -0.094669 -0.004501 0.249539 -0.238094 0.938627
1642661169.369863 0.052700 0.394618 -0.098091 -0.011470 0.248009 -0.240642 0.938324
1642661169.403197 0.052683 0.394784 -0.101428 -0.018339 0.247520 -0.241973 0.938001
1642661169.436530 0.052703 0.394979 -0.104947 -0.025290 0.247951 -0.242359 0.937626
1642661169.469863 0.052627 0.395150 -0.109297 -0.033518 0.249037 -0.242638 0.937008
1642661169.503196 0.052397 0.394953 -0.113631 -0.041001 0.250199 -0.243110 0.936278
1642661169.536530 0.051939 0.394315 -0.117689 -0.047338 0.251341 -0.244590 0.935287
1642661169.569863 0.051126 0.393117 -0.122006 -0.053782 0.252286 -0.247613 0.933888
1642661169.603197 0.050143 0.391297 -0.125701 -0.058296 0.253082 -0.249915 0.932788
1642661169.636530 0.117689 0.522726 -0.079164 -0.056644 0.255168 -0.250578 0.932143
1642661169.669863 0.119684 0.523373 -0.081487 -0.058111 0.255972 -0.251456 0.931596
1642661169.703197 0.120612 0.523591 -0.082945 -0.059753 0.256847 -0.253016 0.930829
1642661169.736530 0.121603 0.523798 -0.084421 -0.061997 0.257234 -0.256561 0.929604
1642661169.769863 0.122802 0.524055 -0.086314 -0.065289 0.257231 -0.262501 0.927719
1642661169.803197 0.124061 0.524210 -0.088335 -0.068781 0.257386 -0.269000 0.925560
1642661169.836530 0.129008 0.536153 -0.091783 -0.070819 0.258093 -0.272950 0.924051
1642661169.869863 0.129824 0.535735 -0.093773 -0.073324 0.258817 -0.276545 0.922583
1642661169.903197 0.130252 0.534809 -0.096046 -0.074748 0.260074 -0.279437 0.921243
1642661169.936530 0.130179 0.533496 -0.098288 -0.074965 0.261480 -0.281833 0.920097
1642661169.969863 0.129656 0.531853 -0.100992 -0.075042 0.263179 -0.284185 0.918882
1642661170.003196 0.128771 0.530342 -0.103869 -0.075751 0.264988 -0.286370 0.917625
1642661170.036530 0.127757 0.528969 -0.106763 -0.076882 0.266719 -0.287842 0.916568
1642661170.069863 0.126427 0.527777 -0.110169 -0.078177 0.268926 -0.289735 0.915216
1642661170.103197 0.134765 0.553139 -0.116836 -0.079968 0.270596 -0.291769 0.913922
1642661170.136530 0.133962 0.553018 -0.119390 -0.080988 0.273189 -0.293185 0.912607
1642661170.169863 0.132838 0.552777 -0.122436 -0.081905 0.276619 -0.293896 0.911262
1642661170.203197 0.131491 0.552280 -0.124900 -0.082349 0.280087 -0.293677 0.910233
1642661170.236530 0.129857 0.551517 -0.126684 -0.081658 0.282990 -0.292878 0.909654
1642661170.269863 0.127759 0.550527 -0.127988 -0.079803 0.285590 -0.291954 0.909303
1642661170.303197 0.125588 0.549658 -0.128620 -0.077825 0.287041 -0.291631 0.909121
1642661170.336530 0.123393 0.548991 -0.128854 -0.075948 0.287650 -0.291186 0.909231
1642661170.369863 0.118421 0.531833 -0.119192 -0.074704 0.286558 -0.290962 0.909750
1642661170.403197 0.117332 0.531589 -0.119044 -0.073433 0.286145 -0.291830 0.909705
1642661170.436530 0.116042 0.531401 -0.118593 -0.072424 0.285903 -0.293193 0.909424
1642661170.469863 0.114866 0.531129 -0.117839 -0.071328 0.285947 -0.294245 0.909157
1642661170.503196 0.113624 0.530647 -0.117035 -0.069284 0.286161 -0.294395 0.909199
1642661170.536530 0.112513 0.530117 -0.116384 -0.066671 0.286266 -0.295173 0.909109
1642661170.569863 0.111615 0.529517 -0.115781 -0.063917 0.286716 -0.296227 0.908823
1642661170.603197 0.111237 0.528877 -0.115228 -0.061824 0.287276 -0.297862 0.908256
1642661170.636530 0.111350 0.528033 -0.114690 -0.059757 0.288277 -0.300067 0.907351
1642661170.669863 0.111922 0.526664 -0.114073 -0.057103 0.290186 -0.302385 0.906143
1642661170.703197 0.112714 0.524803 -0.113365 -0.053594 0.292526 -0.304411 0.904925
1642661170.736530 0.113605 0.522494 -0.112519 -0.049164 0.294669 -0.306049 0.903929
1642661170.769863 0.118265 0.562912 -0.133267 -0.046061 0.295144 -0.306311 0.903848
1642661170.803197 0.118911 0.560654 -0.132519 -0.041500 0.297651 -0.308063 0.902651
1642661170.836530 0.120014 0.557887 -0.131537 -0.035689 0.300797 -0.310390 0.901058
1642661170.869863 0.121613 0.554558 -0.130416 -0.029067 0.304641 -0.313003 0.899099
1642661170.903197 0.123404 0.551118 -0.129319 -0.023050 0.308145 -0.315465 0.897216
1642661170.936530 0.125290 0.547629 -0.128251 -0.017389 0.311204 -0.318464 0.895227
1642661170.969863 0.117737 0.511500 -0.112711 -0.013796 0.313337 -0.321853 0.893331
1642661171.003196 0.119522 0.508128 -0.111797 -0.008006 0.315694 -0.325394 0.891287
1642661171.036530 0.121392 0.504060 -0.110854 -0.000823 0.318255 -0.328809 0.889156
1642661171.069863 0.123216 0.499255 -0.109948 0.007244 0.320762 -0.332621 0.886805
1642661171.103197 0.124732 0.494345 -0.109142 0.014848 0.322745 -0.336069 0.884688
1642661171.136530 0.126073 0.489410 -0.108386 0.021729 0.324256 -0.339431 0.882707
1642661171.169863 0.125955 0.492833 -0.108245 0.025917 0.324933 -0.343324 0.880838
1642661171.203197 0.127172 0.488571 -0.107260 0.032171 0.325992 -0.348219 0.878315
1642661171.236530 0.128478 0.483883 -0.105996 0.039045 0.326829 -0.353699 0.875531
1642661171.269863 0.129741 0.478761 -0.104541 0.046281 0.327690 -0.359200 0.872613
1642661171.303197 0.130774 0.473982 -0.103179 0.053552 0.328212 -0.363905 0.870047
1642661171.336530 0.131596 0.469703 -0.101930 0.060681 0.328408 -0.368484 0.867575
1642661171.369863 0.128803 0.466901 -0.097638 0.065096 0.328493 -0.371489 0.865939
1642661171.403197 0.129250 0.463734 -0.096383 0.071630 0.327985 -0.375476 0.863894
1642661171.436530 0.129660 0.460322 -0.094881 0.078754 0.326922 -0.379590 0.861877
1642661171.469863 0.130098 0.456633 -0.093059 0.086705 0.325686 -0.383727 0.859747
1642661171.503196 0.130511 0.453162 -0.091146 0.094437 0.324396 -0.387497 0.857727
1642661171.536530 0.131011 0.450051 -0.089161 0.101683 0.323163 -0.391255 0.855655
1642661171.569863 0.125994 0.443137 -0.083939 0.105823 0.321882 -0.394073 0.854342
1642661171.603197 0.126624 0.441198 -0.082047 0.111282 0.320580 -0.397952 0.852337
1642661171.636530 0.127528 0.439460 -0.079805 0.116738 0.319393 -0.401441 0.850415
1642661171.669863 0.128593 0.438118 -0.077158 0.122145 0.317804 -0.404954 0.848583
1642661171.703197 0.129506 0.437351 -0.074500 0.127038 0.315625 -0.407756 0.847335
1642661171.736530 0.130136 0.437133 -0.071902 0.131249 0.312822 -0.410314 0.846498
1642661171.769863 0.130525 0.437332 -0.069086 0.135354 0.309267 -0.413371 0.845670
1642661171.803196 0.130744 0.438020 -0.066341 0.139255 0.305502 -0.417324 0.844463
1642661171.836530 0.127216 0.440642 -0.064822 0.140265 0.302667 -0.418821 0.844575
1642661171.869863 0.127506 0.441858 -0.062326 0.143263 0.298848 -0.421564 0.844067
1642661171.903197 0.127968 0.443489 -0.059569 0.146237 0.294960 -0.423699 0.843856
1642661171.936530 0.128438 0.445342 -0.057035 0.148913 0.291424 -0.425266 0.843828
1642661171.969863 0.128927 0.447715 -0.054303 0.151827 0.287084 -0.428138 0.843344
1642661172.003196 0.129293 0.450277 -0.051714 0.154657 0.282455 -0.431821 0.842515
1642661172.036530 0.127435 0.457015 -0.052607 0.155511 0.278854 -0.434050 0.842412
1642661172.069863 0.127361 0.459656 -0.050437 0.157270 0.274643 -0.436320 0.842296
1642661172.103197 0.127246 0.462784 -0.048114 0.158817 0.270341 -0.438136 0.842455
1642661172.136530 0.127126 0.466035 -0.045997 0.159881 0.266081 -0.439685 0.842802
1642661172.169863 0.127074 0.469985 -0.043748 0.160471 0.261232 -0.442150 0.842918
1642661172.203197 0.127057 0.474153 -0.041471 0.159771 0.256635 -0.444551 0.843200
1642661172.236530 0.129210 0.480499 -0.040213 0.157901 0.253860 -0.445088 0.844108
1642661172.269863 0.129421 0.484634 -0.037686 0.155558 0.248693 -0.446288 0.845447
1642661172.303196 0.129723 0.489375 -0.034866 0.152689 0.242899 -0.447544 0.846989
1642661172.336530 0.130159 0.494147 -0.032209 0.149495 0.237760 -0.448991 0.848250
1642661172.369863 0.128630 0.497512 -0.030754 0.145981 0.233916 -0.449622 0.849596
1642661172.403197 0.129218 0.502121 -0.028851 0.143071 0.230317 -0.450292 0.850718
1642661172.436530 0.130217 0.507269 -0.027150 0.139308 0.226532 -0.451041 0.851961
1642661172.469863 0.131651 0.512744 -0.025698 0.134714 0.223115 -0.451688 0.853258
1642661172.503196 0.133314 0.517766 -0.024693 0.130034 0.220089 -0.451865 0.854676
1642661172.536530 0.135254 0.522353 -0.024031 0.125333 0.217774 -0.451320 0.856257
1642661172.569863 0.135400 0.524924 -0.024583 0.122063 0.217128 -0.450790 0.857172
1642661172.603197 0.137635 0.528629 -0.023980 0.117672 0.216461 -0.451761 0.857444
1642661172.636530 0.140280 0.532550 -0.023287 0.112784 0.215650 -0.453291 0.857497
1642661172.669863 0.143275 0.536537 -0.022652 0.107826 0.214694 -0.454219 0.857884
1642661172.703197 0.146235 0.540098 -0.022351 0.103217 0.213913 -0.453986 0.858769
1642661172.736530 0.149131 0.543403 -0.022422 0.098126 0.213097 -0.453921 0.859603
1642661172.769863 0.152425 0.546931 -0.022832 0.092869 0.211712 -0.455162 0.859872
1642661172.803196 0.155795 0.550204 -0.023417 0.088000 0.210563 -0.456785 0.859806
1642661172.836530 0.163518 0.566701 -0.023144 0.085867 0.211111 -0.456507 0.860035
1642661172.869863 0.167193 0.569604 -0.023573 0.081498 0.210968 -0.456699 0.860393
1642661172.903197 0.171492 0.572706 -0.024227 0.076540 0.211611 -0.456871 0.860599
1642661172.936530 0.175801 0.575589 -0.024921 0.071568 0.212878 -0.456806 0.860749
1642661172.969863 0.180714 0.578721 -0.025818 0.065685 0.214672 -0.456603 0.860881
1642661173.003196 0.185482 0.581780 -0.026854 0.059728 0.216312 -0.457036 0.860674
1642661173.036530 0.189927 0.584710 -0.027977 0.054052 0.217285 -0.458204 0.860183
1642661173.069863 0.194378 0.587874 -0.029318 0.048118 0.217732 -0.460008 0.859459
1642661173.103197 0.197943 0.590751 -0.030516 0.043399 0.217176 -0.460776 0.859440
1642661173.136530 0.200599 0.593322 -0.031603 0.039717 0.216489 -0.459565 0.860439
1642661173.169863 0.201877 0.605946 -0.028265 0.039802 0.215514 -0.457003 0.862043
1642661173.203197 0.203909 0.608408 -0.029056 0.036310 0.214846 -0.455854 0.862972
1642661173.236530 0.206077 0.611102 -0.030061 0.031907 0.214126 -0.455069 0.863738
1642661173.269863 0.208410 0.613861 -0.031329 0.026807 0.213663 -0.453953 0.864613
1642661173.303196 0.210601 0.616187 -0.032749 0.022023 0.213432 -0.452381 0.865629
1642661173.336530 0.212804 0.618120 -0.034295 0.017687 0.213843 -0.450705 0.866501
1642661173.369863 0.215448 0.619959 -0.036198 0.012984 0.214855 -0.448903 0.867268
1642661173.403197 0.218290 0.621375 -0.038174 0.008423 0.216837 -0.446792 0.867921
1642661173.436530 0.213115 0.612945 -0.036127 0.006401 0.219825 -0.444664 0.868280
1642661173.469863 0.216188 0.613446 -0.038362 0.002617 0.224092 -0.441555 0.868795
1642661173.503196 0.219805 0.613474 -0.041159 -0.000834 0.229954 -0.437515 0.869311
1642661173.536530 0.223182 0.613035 -0.044399 -0.003533 0.236468 -0.433595 0.869520
1642661173.569863 0.227497 0.618441 -0.046418 -0.005286 0.242367 -0.430330 0.869509
1642661173.603197 0.230022 0.617436 -0.050229 -0.007098 0.248679 -0.426949 0.869381
1642661173.636530 0.232251 0.616122 -0.054840 -0.008882 0.255470 -0.423787 0.868942
1642661173.669863 0.234081 0.614506 -0.060209 -0.009995 0.262328 -0.421557 0.867971
1642661173.703197 0.241257 0.627307 -0.064322 -0.009827 0.267551 -0.420095 0.867087
1642661173.736530 0.242223 0.625328 -0.068276 -0.009199 0.272903 -0.417952 0.866462
1642661173.769863 0.243329 0.622249 -0.073115 -0.007186 0.280303 -0.415020 0.865527
1642661173.803196 0.244372 0.618661 -0.077568 -0.003755 0.287565 -0.412065 0.864578
1642661173.836530 0.249116 0.625593 -0.080258 0.000170 0.294006 -0.409531 0.863623
1642661173.869863 0.250102 0.621826 -0.084090 0.004513 0.300633 -0.407356 0.862358
1642661173.903197 0.251102 0.617578 -0.088109 0.009351 0.307608 -0.404954 0.860989
1642661173.936530 0.251917 0.613462 -0.091814 0.013873 0.313670 -0.402541 0.859872
1642661173.969863 0.253059 0.614903 -0.093141 0.017872 0.318049 -0.401424 0.858711
1642661174.003196 0.253586 0.611191 -0.096044 0.021937 0.322769 -0.399976 0.857530
1642661174.036530 0.253732 0.606913 -0.098827 0.027020 0.327500 -0.398155 0.856438
1642661174.069863 0.253244 0.602064 -0.101526 0.033555 0.331773 -0.395806 0.855651
1642661174.103197 0.245758 0.590747 -0.098051 0.039148 0.334326 -0.393682 0.855399
1642661174.136530 0.244733 0.587043 -0.100129 0.044955 0.336037 -0.391970 0.855230
1642661174.169863 0.243159 0.582650 -0.103001 0.051921 0.337288 -0.390560 0.854988
1642661174.203197 0.241507 0.578806 -0.105938 0.057613 0.337513 -0.389804 0.854879
1642661174.236530 0.239884 0.575508 -0.108739 0.062008 0.336782 -0.390743 0.854431
1642661174.269863 0.237929 0.572254 -0.111579 0.066096 0.335333 -0.393575 0.853394
1642661174.303196 0.235881 0.569121 -0.113619 0.069275 0.333897 -0.397154 0.852046
1642661174.336530 0.233658 0.565574 -0.114643 0.072774 0.332826 -0.399658 0.851002
1642661174.369863 0.230757 0.560794 -0.114776 0.077729 0.331614 -0.400927 0.850440
1642661174.403197 0.227470 0.555280 -0.114116 0.083871 0.330263 -0.400921 0.850385
1642661174.436530 0.220022 0.562024 -0.110629 0.086961 0.329394 -0.399519 0.851071
1642661174.469863 0.216561 0.557053 -0.109343 0.093616 0.328533 -0.398872 0.851001
1642661174.503196 0.212810 0.551517 -0.107671 0.100289 0.327599 -0.398791 0.850639
1642661174.536530 0.209480 0.546479 -0.106006 0.106339 0.326274 -0.399990 0.849850
1642661174.569863 0.206475 0.541437 -0.104156 0.111741 0.325479 -0.402884 0.848093
1642661174.603197 0.204422 0.537028 -0.102186 0.115365 0.326628 -0.405927 0.845711
1642661174.636530 0.202859 0.533150 -0.100221 0.117538 0.328578 -0.408139 0.843590
1642661174.669863 0.201111 0.529270 -0.098231 0.118976 0.330172 -0.409903 0.841909
1642661174.703197 0.192160 0.517391 -0.092850 0.116834 0.329821 -0.410926 0.841848
1642661174.736530 0.190675 0.515191 -0.091611 0.116233 0.329129 -0.414464 0.840466
1642661174.769863 0.189247 0.512876 -0.089967 0.114453 0.327255 -0.421945 0.837716
1642661174.803196 0.188569 0.510425 -0.088242 0.114030 0.324819 -0.429699 0.834775
1642661174.836530 0.186824 0.504549 -0.086116 0.114900 0.322859 -0.433730 0.833330
1642661174.869863 0.187127 0.501508 -0.083847 0.116233 0.322155 -0.435712 0.832383
1642661174.903197 0.187908 0.497995 -0.080989 0.118080 0.321824 -0.435396 0.832416
1642661174.936530 0.189085 0.494828 -0.078002 0.119112 0.321556 -0.434358 0.832915
1642661174.969863 0.190713 0.492013 -0.074519 0.118287 0.320777 -0.434669 0.833171
1642661175.003196 0.192432 0.489955 -0.071075 0.115839 0.319031 -0.436716 0.833115
1642661175.036530 0.194264 0.488542 -0.067658 0.112314 0.316499 -0.439673 0.833008
1642661175.069863 0.196324 0.487549 -0.063968 0.107474 0.313108 -0.442938 0.833198
1642661175.103197 0.192932 0.489633 -0.064138 0.103086 0.310024 -0.445363 0.833613
1642661175.136530 0.194050 0.489606 -0.061749 0.098694 0.307021 -0.446467 0.834665
1642661175.169863 0.195163 0.489863 -0.059091 0.093671 0.303005 -0.446598 0.836638
1642661175.203197 0.195959 0.490581 -0.056898 0.089692 0.298728 -0.446530 0.838647
1642661175.236530 0.193846 0.489544 -0.055528 0.087364 0.294474 -0.446387 0.840471
1642661175.269863 0.194008 0.490825 -0.053720 0.084395 0.289943 -0.444984 0.843089
1642661175.303196 0.194563 0.492666 -0.051540 0.081224 0.285595 -0.441720 0.846594
1642661175.336530 0.195570 0.495011 -0.049230 0.077869 0.281858 -0.438678 0.849738
1642661175.369863 0.194435 0.496864 -0.048529 0.074588 0.277500 -0.437379 0.852133
1642661175.403197 0.194840 0.499474 -0.046570 0.069877 0.271761 -0.437380 0.854378
1642661175.436530 0.194787 0.502495 -0.044421 0.065062 0.264679 -0.436419 0.857468
1642661175.469863 0.194078 0.505788 -0.042182 0.061020 0.256551 -0.433209 0.861851
1642661175.503196 0.194831 0.509209 -0.041294 0.058803 0.250812 -0.428893 0.865844
1642661175.536530 0.194602 0.512078 -0.039924 0.056582 0.245525 -0.424434 0.869696
1642661175.569863 0.195044 0.516073 -0.038586 0.053322 0.240315 -0.419196 0.873888
1642661175.603197 0.195913 0.520153 -0.037756 0.049772 0.237389 -0.414719 0.877027
1642661175.636530 0.189992 0.516535 -0.038417 0.047023 0.235167 -0.410423 0.879794
1642661175.669863 0.189671 0.519841 -0.038704 0.042803 0.232887 -0.405394 0.882942
1642661175.703197 0.189156 0.523207 -0.039276 0.038148 0.230211 -0.399885 0.886363
1642661175.736530 0.188524 0.526217 -0.040019 0.034085 0.226840 -0.395904 0.889180
1642661175.769863 0.195021 0.534611 -0.041989 0.032144 0.223746 -0.394077 0.890847
1642661175.803196 0.195040 0.536548 -0.042578 0.030270 0.220363 -0.392264 0.892554
1642661175.836530 0.195442 0.538511 -0.043357 0.028734 0.216944 -0.388894 0.894914
1642661175.869863 0.196293 0.540626 -0.044406 0.026860 0.213476 -0.385331 0.897344
1642661175.903197 0.197585 0.542871 -0.045301 0.024576 0.210199 -0.383780 0.898847
1642661175.936530 0.199147 0.545111 -0.045910 0.021746 0.207140 -0.384138 0.899476
1642661175.969863 0.198549 0.544825 -0.044942 0.019243 0.205150 -0.387357 0.898609
1642661176.003196 0.200174 0.546918 -0.044995 0.016489 0.202828 -0.389984 0.898054
1642661176.036530 0.202023 0.548792 -0.045022 0.014173 0.200785 -0.391872 0.897731
1642661176.069863 0.204186 0.550055 -0.045226 0.012329 0.199816 -0.392314 0.897781
1642661176.103197 0.206523 0.550799 -0.045728 0.011899 0.199973 -0.393276 0.897331
1642661176.136530 0.208987 0.551291 -0.046673 0.012281 0.200164 -0.395475 0.896317
1642661176.169863 0.212175 0.551580 -0.048091 0.013386 0.201218 -0.398388 0.894773
1642661176.203197 0.215707 0.551579 -0.049804 0.014739 0.203118 -0.400761 0.893262
1642661176.236530 0.219462 0.551168 -0.051640 0.015894 0.205756 -0.403002 0.891628
1642661176.269863 0.224060 0.550335 -0.053714 0.016654 0.209576 -0.405408 0.889632
1642661176.303196 0.228740 0.548954 -0.055830 0.016694 0.214249 -0.406681 0.887935
1642661176.336530 0.233157 0.547043 -0.058117 0.016992 0.219064 -0.408099 0.886102
1642661176.369863 0.237916 0.544601 -0.061231 0.016999 0.224026 -0.409618 0.884159
1642661176.403197 0.242406 0.542155 -0.064840 0.016528 0.228852 -0.411583 0.882017
1642661176.436530 0.246895 0.557768 -0.063857 0.015032 0.231201 -0.412848 0.880839
1642661176.469863 0.250631 0.556690 -0.067260 0.013999 0.235785 -0.416104 0.878104
1642661176.503196 0.254311 0.555434 -0.071358 0.012566 0.240905 -0.419949 0.874900
1642661176.536530 0.257238 0.554015 -0.075489 0.011842 0.245610 -0.424110 0.871589
1642661176.569863 0.267519 0.560648 -0.079448 0.012600 0.250352 -0.427412 0.868610
1642661176.603196 0.269617 0.558728 -0.082904 0.013672 0.255136 -0.429841 0.866000
1642661176.636530 0.271087 0.556450 -0.086450 0.016203 0.259998 -0.430994 0.863935
1642661176.669863 0.271987 0.554020 -0.090223 0.019910 0.264871 -0.430181 0.862781
1642661176.703197 0.276291 0.559336 -0.092839 0.021329 0.268066 -0.429327 0.862186
1642661176.736530 0.276269 0.558542 -0.095421 0.021472 0.270724 -0.430986 0.860523
1642661176.769863 0.275430 0.558380 -0.098923 0.020648 0.273135 -0.435838 0.857331
1642661176.803196 0.273751 0.558687 -0.102438 0.018907 0.274734 -0.441059 0.854185
1642661176.836530 0.268142 0.554091 -0.102140 0.018203 0.276166 -0.442620 0.852929
1642661176.869863 0.265304 0.553487 -0.105270 0.017993 0.277389 -0.443435 0.852113
1642661176.903197 0.261420 0.552242 -0.108324 0.018690 0.278804 -0.443318 0.851697
1642661176.936530 0.256962 0.550468 -0.110697 0.020329 0.280028 -0.442945 0.851452
1642661176.969863 0.251459 0.547970 -0.112845 0.022781 0.281290 -0.441654 0.851645
1642661177.003196 0.245779 0.545110 -0.114571 0.025544 0.282337 -0.439964 0.852095
1642661177.036530 0.238754 0.540186 -0.112795 0.026901 0.282697 -0.439789 0.852024
1642661177.069863 0.233535 0.537703 -0.113465 0.028377 0.284092 -0.438901 0.851970
1642661177.103196 0.227587 0.534716 -0.113820 0.029774 0.285844 -0.436622 0.852507
1642661177.136530 0.221808 0.531690 -0.114093 0.030777 0.287321 -0.434585 0.853015
1642661177.169863 0.215397 0.528200 -0.114556 0.031836 0.288380 -0.433548 0.853147
1642661177.203197 0.209166 0.524762 -0.115099 0.032259 0.288482 -0.434369 0.852679
1642661177.236530 0.203262 0.521215 -0.115526 0.032412 0.288570 -0.435877 0.851874
1642661177.269863 0.196702 0.516714 -0.115684 0.033441 0.289076 -0.436113 0.851541
1642661177.303196 0.192772 0.512473 -0.113507 0.034568 0.289370 -0.433783 0.852586
1642661177.336530 0.187508 0.508257 -0.113279 0.036853 0.290079 -0.428916 0.854709
1642661177.369863 0.180625 0.502563 -0.112839 0.039701 0.290570 -0.421747 0.857976
1642661177.403197 0.174130 0.497065 -0.112502 0.041955 0.290384 -0.414429 0.861490
1642661177.436530 0.168396 0.491991 -0.112262 0.044027 0.289958 -0.407169 0.864985
1642661177.469863 0.162651 0.487029 -0.111911 0.045535 0.289586 -0.399698 0.868509
1642661177.503196 0.156154 0.480945 -0.110251 0.044555 0.289327 -0.395682 0.870483
1642661177.536530 0.152086 0.477595 -0.109460 0.044028 0.289105 -0.391500 0.872472
1642661177.569863 0.147318 0.473348 -0.107894 0.043842 0.288869 -0.388521 0.873890
1642661177.603196 0.143045 0.469197 -0.105775 0.043608 0.288683 -0.388241 0.874088
1642661177.636530 0.138977 0.465031 -0.103664 0.043681 0.287571 -0.388628 0.874278
1642661177.669863 0.134384 0.460067 -0.101581 0.044838 0.285266 -0.388242 0.875146
1642661177.703197 0.130192 0.455014 -0.099854 0.046164 0.283402 -0.386152 0.876607
1642661177.736530 0.126816 0.450272 -0.098596 0.046747 0.283251 -0.382433 0.878253
1642661177.769863 0.123556 0.445509 -0.097569 0.045898 0.284352 -0.377987 0.879865
1642661177.803196 0.120735 0.441510 -0.096799 0.043512 0.285531 -0.374722 0.881001
1642661177.836530 0.118199 0.438198 -0.096112 0.040551 0.285928 -0.373745 0.881428
1642661177.869863 0.115446 0.434992 -0.095205 0.037030 0.285209 -0.374295 0.881582
1642661177.903197 0.112925 0.432035 -0.094006 0.033908 0.284006 -0.375728 0.881487
1642661177.936530 0.110661 0.429098 -0.092515 0.031543 0.282402 -0.377022 0.881538
1642661177.969863 0.104533 0.433753 -0.094255 0.030866 0.281393 -0.378100 0.881423
1642661178.003196 0.102421 0.430710 -0.092659 0.030617 0.280181 -0.376987 0.882294
1642661178.036530 0.100335 0.427035 -0.090723 0.031062 0.278902 -0.374526 0.883730
1642661178.069863 0.098484 0.422824 -0.088317 0.031748 0.277666 -0.370152 0.885935
1642661178.103196 0.097054 0.418953 -0.085739 0.032286 0.276193 -0.364901 0.888551
1642661178.136530 0.095916 0.415556 -0.083244 0.032160 0.274329 -0.359627 0.891279
1642661178.169863 0.095002 0.412119 -0.080622 0.030981 0.272003 -0.354351 0.894142
1642661178.203197 0.094621 0.409062 -0.078162 0.029181 0.269852 -0.350834 0.896239
1642661178.236530 0.093279 0.409357 -0.079484 0.027698 0.268410 -0.352207 0.896180
1642661178.269863 0.093311 0.406701 -0.077259 0.025709 0.266868 -0.351142 0.897117
1642661178.303196 0.093539 0.403600 -0.074561 0.023731 0.265675 -0.349356 0.898223
1642661178.336530 0.093667 0.400526 -0.071978 0.021659 0.264591 -0.346075 0.899864
1642661178.369863 0.093585 0.397317 -0.069117 0.018956 0.263200 -0.341276 0.902163
1642661178.403197 0.093198 0.394443 -0.066276 0.016433 0.261329 -0.336483 0.904553
1642661178.436530 0.091608 0.394979 -0.066013 0.015306 0.259329 -0.333701 0.906178
1642661178.469863 0.090685 0.392885 -0.063160 0.013584 0.256884 -0.329847 0.908310
1642661178.503196 0.089316 0.390723 -0.059927 0.012269 0.253622 -0.325559 0.910789
1642661178.536530 0.087752 0.388832 -0.056834 0.011270 0.250446 -0.321208 0.913222
1642661178.569863 0.085831 0.386960 -0.055487 0.010723 0.247865 -0.316521 0.915567
1642661178.603196 0.084232 0.385482 -0.052878 0.009558 0.245569 -0.312327 0.917636
1642661178.636530 0.082501 0.384118 -0.050113 0.008070 0.243150 -0.307553 0.919904
1642661178.669863 0.080743 0.382908 -0.047300 0.006377 0.240681 -0.302225 0.922330
1642661178.703197 0.079278 0.382106 -0.044878 0.004316 0.238705 -0.298009 0.924225
1642661178.736530 0.078098 0.381618 -0.042829 0.002349 0.237208 -0.294399 0.925773
1642661178.769863 0.076613 0.378703 -0.042261 0.000941 0.236657 -0.292440 0.926537
