1642689268.899930 -68.506053 -49.884707 55.752172 0.073820 0.324216 -0.025292 0.942759
1642689270.099931 -67.355643 -48.370075 54.473081 0.068333 0.319421 0.000718 0.945146
1642689270.499930 -67.108567 -47.876455 53.908364 0.058004 0.309394 0.020581 0.948940
1642689271.099931 -67.301972 -47.367298 53.539605 0.048140 0.301306 0.044607 0.951266
1642689271.566597 -67.233072 -46.679605 52.922337 0.042775 0.298902 0.068462 0.950863
1642689272.299930 -67.521876 -46.241188 52.737280 0.045675 0.304720 0.090139 0.947066
1642689272.833264 -67.675268 -45.663999 52.512471 0.041903 0.325580 0.099103 0.939372
1642689278.699930 -68.462287 -48.076803 55.344744 0.088019 0.339264 -0.006073 0.936545
1642689281.299930 -67.868267 -50.710992 55.421667 0.107734 0.305538 -0.113851 0.939190
1642689285.299930 -70.854853 -55.972920 58.064368 0.095070 0.300646 -0.232974 0.919944
1642689287.299930 -72.234387 -57.935516 59.179899 0.091323 0.262644 -0.336533 0.899680
1642689291.966597 -70.474587 -58.624231 57.877236 0.062814 0.224352 -0.255654 0.938276
1642689292.433264 -70.508440 -58.753987 57.930184 0.062309 0.233360 -0.237788 0.940807
1642689292.466597 -11.017260 -184.723446 19.966496 0.061227 0.295765 0.056450 0.951624
1642689292.499930 -10.734339 -185.214328 19.857865 0.060050 0.296724 0.057980 0.951308
1642689292.533264 -10.423470 -185.752948 19.738643 0.058971 0.297537 0.059806 0.951009
1642689292.566597 -10.125129 -186.269029 19.624408 0.057968 0.298363 0.061300 0.950716
1642689292.599930 -9.839496 -186.762480 19.515167 0.056968 0.299229 0.062593 0.950420
1642689292.633264 -9.525641 -187.303952 19.395338 0.056271 0.299886 0.064023 0.950160
1642689292.666597 -9.224412 -187.822856 19.280531 0.055628 0.300459 0.065567 0.949911
1642689292.699930 -8.935960 -188.318905 19.170733 0.054942 0.300927 0.066947 0.949707
1642689292.733264 -8.618858 -188.862956 19.050244 0.054058 0.301710 0.068654 0.949387
1642689292.766597 -8.314338 -189.384080 18.934694 0.053215 0.302620 0.070282 0.949026
1642689292.799930 -8.022594 -189.882175 18.824084 0.052136 0.303758 0.071834 0.948606
1642689292.833264 -7.701871 -190.428507 18.702636 0.051119 0.305251 0.073841 0.948027
1642689292.866597 -7.393973 -190.951884 18.586191 0.050010 0.306685 0.075739 0.947474
1642689292.899930 -7.444261 -190.899910 18.599463 0.089644 0.305471 -0.082737 0.944355
1642689292.933264 -7.163549 -191.380066 18.493524 0.089127 0.307071 -0.080910 0.944043
1642689292.966597 -6.853689 -191.909258 18.376728 0.088616 0.309007 -0.078869 0.943632
1642689292.999930 -6.556921 -192.415314 18.264897 0.088234 0.310781 -0.077102 0.943231
1642689293.033264 -6.230736 -192.970530 18.142123 0.087766 0.312719 -0.075305 0.942779
1642689293.066597 -5.917559 -193.502506 18.024526 0.087166 0.314561 -0.073851 0.942337
1642689293.099930 -5.617623 -194.011141 17.912091 0.086574 0.316436 -0.072334 0.941882
1642689293.133264 -5.288052 -194.569157 17.788688 0.085798 0.318301 -0.070350 0.941474
1642689293.166597 -4.971692 -195.103843 17.670363 0.085109 0.320117 -0.068060 0.941089
1642689293.199930 -4.668630 -195.615038 17.557131 0.084493 0.321972 -0.065545 0.940691
1642689293.233264 -4.596840 -195.736626 17.529917 0.083953 0.322638 -0.064116 0.940609
1642689293.266597 -4.321487 -196.199939 17.427148 0.082997 0.324522 -0.061923 0.940193
1642689293.299930 -4.016091 -196.712776 17.313369 0.081817 0.326875 -0.059729 0.939623
1642689293.333264 -3.680359 -197.275344 17.188568 0.080261 0.329329 -0.057902 0.939014
1642689293.366597 -3.358079 -197.814338 17.069017 0.078705 0.331622 -0.056611 0.938418
1642689293.399930 -3.049487 -198.329663 16.954747 0.077144 0.333778 -0.055626 0.937842
1642689293.433264 -2.710443 -198.895073 16.829420 0.075714 0.335803 -0.054145 0.937322
1642689293.466597 -2.385124 -199.436865 16.709315 0.074291 0.337617 -0.052249 0.936891
1642689293.499930 -2.073573 -199.954860 16.594485 0.073016 0.339210 -0.050105 0.936533
1642689293.533264 -1.731181 -200.523096 16.468553 0.071550 0.340891 -0.047799 0.936157
1642689293.566597 -1.657181 -200.646946 16.441164 0.071122 0.340750 -0.046855 0.936288
1642689293.599930 -1.388365 -201.092536 16.342534 0.070052 0.341907 -0.044907 0.936043
1642689293.633264 -1.043807 -201.662733 16.216467 0.068407 0.343287 -0.042386 0.935777
1642689293.666597 -0.713233 -202.208996 16.095713 0.066984 0.344480 -0.039737 0.935557
1642689293.699930 -0.396788 -202.731220 15.980175 0.065663 0.345563 -0.037170 0.935357
1642689293.733264 -0.049130 -203.304102 15.853337 0.064234 0.346893 -0.034493 0.935067
1642689293.766597 0.284422 -203.853010 15.731752 0.062930 0.348047 -0.031969 0.934816
1642689293.799930 0.603796 -204.377903 15.615446 0.061912 0.349278 -0.029771 0.934497
1642689293.833264 0.954778 -204.953794 15.487861 0.060724 0.350928 -0.027517 0.934026
1642689293.866597 1.291651 -205.505573 15.365651 0.059409 0.352369 -0.025514 0.933625
1642689293.899930 1.245536 -205.815017 15.316755 0.073568 0.350965 -0.053024 0.931987
1642689293.933264 1.545959 -206.330377 15.204366 0.072451 0.352208 -0.051356 0.931699
1642689293.966597 1.877124 -206.898328 15.080580 0.071154 0.353234 -0.049012 0.931537
1642689293.999930 2.193992 -207.441470 14.962292 0.069705 0.354135 -0.046780 0.931419
1642689294.033263 2.541843 -208.037484 14.832529 0.068076 0.354936 -0.044643 0.931340
1642689294.066597 2.875430 -208.608811 14.708220 0.066564 0.355729 -0.042950 0.931226
1642689294.099930 3.194649 -209.155338 14.589387 0.065385 0.356422 -0.041372 0.931116
1642689294.133264 3.545176 -209.755261 14.459049 0.064212 0.356922 -0.039856 0.931072
1642689294.166597 3.881445 -210.330465 14.334244 0.063355 0.357291 -0.038314 0.931054
1642689294.199930 4.203342 -210.880715 14.214976 0.062686 0.357585 -0.036981 0.931040
1642689294.233264 4.556861 -211.484640 14.084126 0.061974 0.357770 -0.035391 0.931079
1642689294.266597 4.896084 -212.063460 13.958750 0.061564 0.358078 -0.034032 0.931038
1642689294.299930 5.220932 -212.616911 13.838838 0.060947 0.358475 -0.032557 0.930979
1642689294.333264 5.577884 -213.224086 13.707217 0.060174 0.359028 -0.030585 0.930883
1642689294.366597 5.509656 -213.136106 13.728325 0.065017 0.359036 -0.045061 0.929965
1642689294.399930 5.785346 -213.621704 13.623868 0.064462 0.359554 -0.044054 0.929852
1642689294.433264 6.143413 -214.232493 13.491553 0.063298 0.360175 -0.041949 0.929789
1642689294.466597 6.486950 -214.817978 13.364809 0.062461 0.360827 -0.039779 0.929688
1642689294.499930 6.815838 -215.378020 13.243624 0.061811 0.361404 -0.037754 0.929592
1642689294.533263 7.177117 -215.992764 13.110590 0.061338 0.362137 -0.035783 0.929416
1642689294.566597 7.523798 -216.582100 12.983036 0.061081 0.362960 -0.034195 0.929172
1642689294.599930 7.855745 -217.145832 12.860995 0.060914 0.363986 -0.032930 0.928827
1642689294.633264 8.220428 -217.764566 12.727001 0.060721 0.364972 -0.031744 0.928494
1642689294.666597 8.570383 -218.357686 12.598599 0.060470 0.366135 -0.030524 0.928093
1642689294.699930 8.905466 -218.925021 12.475903 0.060357 0.367355 -0.029086 0.927665
1642689294.733264 9.273487 -219.547676 12.341316 0.060358 0.368406 -0.027645 0.927292
1642689294.766597 9.626513 -220.144514 12.212373 0.060337 0.369275 -0.026358 0.926985
1642689294.799930 9.964552 -220.715338 12.089148 0.060205 0.370116 -0.024881 0.926699
1642689294.833264 9.928603 -220.667623 12.100230 0.061854 0.369950 -0.028944 0.926538
1642689294.866597 10.234845 -221.185148 11.988409 0.061714 0.370690 -0.027372 0.926300
1642689294.899930 10.574333 -221.758114 11.864527 0.061357 0.371532 -0.025580 0.926037
1642689294.933264 10.947334 -222.386922 11.728494 0.060649 0.372819 -0.023820 0.925614
1642689294.966597 11.305313 -222.989733 11.598092 0.060210 0.374123 -0.022218 0.925156
1642689294.999930 11.648080 -223.566401 11.473345 0.059897 0.375350 -0.021207 0.924703
1642689295.033263 12.024610 -224.199463 11.336445 0.059875 0.376725 -0.020417 0.924163
1642689295.066597 12.385804 -224.806467 11.205295 0.060407 0.377784 -0.019694 0.923711
1642689295.099930 12.731530 -225.387189 11.079947 0.061165 0.378611 -0.018956 0.923338
1642689295.133264 13.111334 -226.024616 10.942438 0.062382 0.379832 -0.018033 0.922774
1642689295.166597 13.475664 -226.635577 10.810603 0.063634 0.380971 -0.016925 0.922239
1642689295.199930 13.824328 -227.219791 10.684517 0.064631 0.381977 -0.015844 0.921773
1642689295.233264 14.207305 -227.860732 10.546269 0.065432 0.382945 -0.014540 0.921336
1642689295.266597 14.574655 -228.474906 10.413924 0.065972 0.383538 -0.013663 0.921064
1642689295.299930 14.926194 -229.062201 10.287429 0.066495 0.383875 -0.013185 0.920893
1642689295.333264 15.312261 -229.706633 10.148629 0.067037 0.384439 -0.012613 0.920627
1642689295.366597 15.182604 -229.529965 10.188276 0.067460 0.383492 -0.012815 0.920988
1642689295.399930 15.484577 -230.035522 10.079505 0.068020 0.383745 -0.012427 0.920847
1642689295.433264 15.871353 -230.682647 9.940293 0.068686 0.384047 -0.012170 0.920675
1642689295.466597 16.242299 -231.302841 9.806880 0.069451 0.384344 -0.012450 0.920490
1642689295.499930 16.597298 -231.895934 9.679322 0.070304 0.384587 -0.012997 0.920316
1642689295.533263 16.987186 -232.546706 9.539446 0.071063 0.384748 -0.013666 0.920180
1642689295.566597 17.361209 -233.170332 9.405506 0.071771 0.384958 -0.014279 0.920029
1642689295.599930 17.719131 -233.766624 9.277457 0.072488 0.385080 -0.014910 0.919911
1642689295.633264 18.112116 -234.420781 9.136887 0.073240 0.385119 -0.015540 0.919825
1642689295.666597 18.489042 -235.047549 9.002083 0.073781 0.385360 -0.016061 0.919672
1642689295.699930 18.849812 -235.646836 8.873128 0.074300 0.385571 -0.016323 0.919537
1642689295.733264 19.246113 -236.304357 8.731701 0.074731 0.385749 -0.016530 0.919424
1642689295.766597 19.626380 -236.934384 8.596346 0.074849 0.385924 -0.017120 0.919330
1642689295.799930 19.990380 -237.536826 8.467003 0.074944 0.386097 -0.018100 0.919230
1642689295.833264 20.390005 -238.197834 8.325026 0.074942 0.386099 -0.019295 0.919206
1642689295.866597 20.773253 -238.831261 8.188917 0.074821 0.386039 -0.020220 0.919221
1642689295.899930 21.140107 -239.436966 8.058743 0.074669 0.386076 -0.020885 0.919203
1642689295.933264 21.543051 -240.101540 7.915875 0.074376 0.386244 -0.021614 0.919139
1642689295.966597 21.929599 -240.738354 7.778981 0.073713 0.386395 -0.022847 0.919099
1642689295.999930 22.299641 -241.347298 7.648161 0.073051 0.386495 -0.024238 0.919074
1642689296.033263 22.706106 -242.015529 7.504718 0.072288 0.386609 -0.025934 0.919040
1642689296.066597 23.095955 -242.656059 7.367263 0.071865 0.386520 -0.028031 0.919049
1642689296.099930 22.759865 -242.102604 7.486406 0.071225 0.386320 -0.028938 0.919155
1642689296.133264 23.114514 -242.685414 7.361476 0.071438 0.386500 -0.031210 0.918989
1642689296.166597 23.505703 -243.327792 7.223806 0.071803 0.386695 -0.033173 0.918810
1642689296.199930 23.880111 -243.942205 7.092106 0.072595 0.387024 -0.034542 0.918558
1642689296.233264 24.291393 -244.616448 6.947618 0.073657 0.387576 -0.035989 0.918185
1642689296.266597 24.685914 -245.262540 6.809223 0.074632 0.388144 -0.037239 0.917817
1642689296.299930 25.063379 -245.880271 6.676992 0.075495 0.388375 -0.038537 0.917595
1642689296.333264 25.477795 -246.557997 6.532074 0.076378 0.388323 -0.040050 0.917479
1642689296.366597 25.875178 -247.207404 6.393382 0.077100 0.388037 -0.041530 0.917474
1642689296.399930 26.255302 -247.828361 6.260842 0.077486 0.387645 -0.042881 0.917545
1642689296.433264 26.672592 -248.509758 6.115514 0.078238 0.387130 -0.044445 0.917624
1642689296.466597 27.072733 -249.162824 5.976382 0.078954 0.386624 -0.046350 0.917682
1642689296.499930 27.455535 -249.787412 5.843387 0.079615 0.385989 -0.048774 0.917767
1642689296.533263 27.875719 -250.472852 5.697513 0.080667 0.385111 -0.051712 0.917883
1642689296.566597 27.801651 -250.353527 5.723103 0.080814 0.384158 -0.052439 0.918227
1642689296.599930 28.130944 -250.890832 5.608747 0.081823 0.383107 -0.054539 0.918455
1642689296.633264 28.552810 -251.578622 5.462464 0.083172 0.381733 -0.056881 0.918764
1642689296.666597 28.957476 -252.237683 5.322334 0.084402 0.380319 -0.059448 0.919075
1642689296.699930 29.344700 -252.867777 5.188378 0.085458 0.378792 -0.061871 0.919449
1642689296.733264 29.769791 -253.558970 5.041387 0.086595 0.377010 -0.064383 0.919902
1642689296.766597 30.177305 -254.221294 4.900391 0.087730 0.375267 -0.066591 0.920350
1642689296.799930 30.567140 -254.854674 4.765479 0.089281 0.373387 -0.068704 0.920810
1642689296.833264 30.995478 -255.549710 4.617600 0.090791 0.371774 -0.070886 0.921149
1642689296.866597 31.406644 -256.215783 4.476070 0.092152 0.370690 -0.072980 0.921288
1642689296.899930 31.498617 -256.372955 4.442395 0.092260 0.370928 -0.072421 0.921225
1642689296.933264 31.873492 -256.980110 4.313314 0.094049 0.369930 -0.074666 0.921266
1642689296.966597 32.286837 -257.649190 4.170920 0.096235 0.368801 -0.077143 0.921289
1642689296.999930 32.682455 -258.288965 4.034540 0.098563 0.367688 -0.079774 0.921264
1642689297.033263 33.116975 -258.990832 3.884663 0.101240 0.366496 -0.083148 0.921150
1642689297.066597 33.533872 -259.663259 3.740922 0.103800 0.365540 -0.087346 0.920857
1642689297.099930 33.933121 -260.306128 3.603533 0.106050 0.364798 -0.092008 0.920440
1642689297.133264 34.371891 -261.011405 3.452972 0.108527 0.364198 -0.096641 0.919914
1642689297.166597 34.524341 -261.258305 3.400540 0.108275 0.364520 -0.094763 0.920012
1642689297.199930 34.869156 -261.811406 3.282639 0.109835 0.364295 -0.096615 0.919723
1642689297.233264 35.310936 -262.519180 3.131795 0.111803 0.363782 -0.098782 0.919459
1642689297.266597 35.734722 -263.197186 2.987325 0.113677 0.363317 -0.100932 0.919179
1642689297.299930 36.140375 -263.845265 2.849243 0.115081 0.362944 -0.103661 0.918848
1642689297.333264 36.585909 -264.556132 2.697759 0.116435 0.362323 -0.107069 0.918532
1642689297.366597 37.013335 -265.237129 2.552627 0.117412 0.361747 -0.110343 0.918247
1642689297.399930 37.422491 -265.888136 2.413879 0.118389 0.361142 -0.113319 0.917997
1642689297.433264 37.871851 -266.602202 2.261709 0.119282 0.360284 -0.116499 0.917821
1642689297.466597 38.302930 -267.286164 2.116002 0.119666 0.359539 -0.119773 0.917641
1642689297.499930 38.401310 -267.441532 2.082906 0.118927 0.359361 -0.120451 0.917719
1642689297.533263 38.794389 -268.064205 1.950112 0.118631 0.358517 -0.122894 0.917763
1642689297.566597 39.227901 -268.750133 1.803757 0.118393 0.357442 -0.125170 0.917906
1642689297.599930 39.642860 -269.405938 1.663766 0.118358 0.356377 -0.127213 0.918043
1642689297.633264 40.098698 -270.125425 1.510097 0.118407 0.355440 -0.129769 0.918043
1642689297.666597 40.536077 -270.814852 1.362807 0.118617 0.354754 -0.132016 0.917960
1642689297.699930 40.954834 -271.473991 1.221999 0.118945 0.354336 -0.133213 0.917907
1642689297.733264 41.414837 -272.197016 1.067501 0.119201 0.354155 -0.134336 0.917780
1642689297.766597 41.855982 -272.889597 0.919483 0.119504 0.354037 -0.135537 0.917609
1642689297.799930 42.278022 -273.551537 0.778028 0.119699 0.353697 -0.136895 0.917513
1642689297.833264 42.741461 -274.277591 0.622972 0.119791 0.353288 -0.138251 0.917455
1642689297.866597 43.185970 -274.973229 0.474498 0.119946 0.352748 -0.138961 0.917536
1642689297.899930 43.611356 -275.638269 0.332603 0.119960 0.352170 -0.139304 0.917704
1642689297.933264 44.078389 -276.367697 0.176829 0.119869 0.351624 -0.139713 0.917863
1642689297.966597 43.997137 -276.241057 0.204017 0.119905 0.352036 -0.138912 0.917822
1642689297.999930 44.363316 -276.812551 0.081732 0.120016 0.351988 -0.140047 0.917653
1642689298.033263 44.832300 -277.543929 -0.074698 0.120255 0.351834 -0.141434 0.917468
1642689298.066597 45.282039 -278.244773 -0.224458 0.120544 0.351681 -0.142577 0.917312
1642689298.099930 45.712401 -278.914847 -0.367528 0.120688 0.351416 -0.143635 0.917230
1642689298.133264 46.184815 -279.649947 -0.524424 0.120895 0.350998 -0.144709 0.917194
1642689298.166597 46.637670 -280.354346 -0.674729 0.121168 0.350317 -0.145909 0.917228
1642689298.199930 47.070872 -281.027859 -0.818436 0.121351 0.349490 -0.147399 0.917281
1642689298.233264 47.546499 -281.766755 -0.976066 0.121404 0.348898 -0.149299 0.917192
1642689298.266597 48.002617 -282.474770 -1.127049 0.121193 0.348250 -0.151734 0.917066
1642689298.299930 48.439001 -283.151865 -1.271352 0.121365 0.347490 -0.154322 0.916900
1642689298.333263 48.918040 -283.894871 -1.429580 0.121950 0.346420 -0.157011 0.916771
1642689298.366597 49.377350 -284.606823 -1.581085 0.122575 0.345212 -0.159403 0.916731
1642689298.399930 49.816826 -285.287404 -1.725841 0.122930 0.344000 -0.161476 0.916776
1642689298.433264 49.775348 -285.222270 -1.712247 0.122636 0.343708 -0.161451 0.916929
1642689298.466597 50.173881 -285.838623 -1.843290 0.122766 0.342934 -0.163236 0.916885
1642689298.499930 50.615228 -286.521015 -1.988314 0.123280 0.341770 -0.165305 0.916880
1642689298.533263 51.099512 -287.269670 -2.147444 0.124055 0.340276 -0.167715 0.916894
1642689298.566597 51.563812 -287.986985 -2.299984 0.124961 0.338597 -0.170671 0.916847
1642689298.599930 52.008201 -288.672884 -2.445949 0.125915 0.337253 -0.173719 0.916639
1642689298.633264 52.496324 -289.425531 -2.606226 0.127084 0.336202 -0.176591 0.916315
1642689298.666597 52.964537 -290.146695 -2.759868 0.128307 0.335455 -0.178737 0.916002
1642689298.699930 53.412484 -290.836042 -2.906792 0.129363 0.334668 -0.180340 0.915828
1642689298.733264 53.904153 -291.592164 -3.067901 0.130566 0.333400 -0.181978 0.915795
1642689298.766597 54.375574 -292.316470 -3.222138 0.131642 0.332189 -0.183496 0.915778
1642689298.799930 54.826632 -293.008813 -3.369577 0.132277 0.330942 -0.184744 0.915887
1642689298.833263 54.870609 -293.074252 -3.383428 0.132036 0.331016 -0.184177 0.916010
1642689298.866597 55.279939 -293.701497 -3.517245 0.132364 0.330286 -0.185966 0.915865
1642689298.899930 55.733451 -294.395826 -3.665473 0.132731 0.329844 -0.187872 0.915581
1642689298.933264 56.231361 -295.157623 -3.828150 0.133165 0.329244 -0.189630 0.915372
1642689298.966597 56.708845 -295.887571 -3.984028 0.133605 0.328498 -0.191134 0.915263
1642689298.999930 57.165874 -296.585541 -4.133098 0.133996 0.327997 -0.192339 0.915133
1642689299.033263 57.667882 -297.351454 -4.296778 0.134628 0.327904 -0.192890 0.914958
1642689299.066597 58.149478 -298.085438 -4.453699 0.135518 0.327976 -0.193436 0.914685
1642689299.099930 58.610342 -298.787104 -4.603816 0.136260 0.328175 -0.194586 0.914260
1642689299.133264 59.116335 -299.556792 -4.768536 0.137054 0.328445 -0.196011 0.913739
1642689299.166597 59.601521 -300.294205 -4.926284 0.137623 0.328482 -0.197421 0.913337
1642689299.199930 60.065701 -300.999181 -5.077037 0.138311 0.328341 -0.198500 0.913050
1642689299.233264 60.575332 -301.772490 -5.242344 0.139099 0.327951 -0.199302 0.912896
1642689299.266597 61.064097 -302.513312 -5.400610 0.139720 0.327744 -0.200255 0.912666
1642689299.299930 61.531843 -303.221566 -5.551803 0.140158 0.327422 -0.201423 0.912458
1642689299.333263 62.045367 -303.998535 -5.717658 0.140721 0.326792 -0.202499 0.912359
1642689299.366597 62.537730 -304.742946 -5.876642 0.141422 0.326267 -0.203608 0.912192
1642689299.399930 63.008808 -305.454585 -6.028703 0.142079 0.325825 -0.204723 0.911998
1642689299.433264 63.526027 -306.235227 -6.195530 0.142841 0.325344 -0.205803 0.911808
1642689299.466597 64.022018 -306.983106 -6.355319 0.143460 0.324860 -0.206459 0.911735
1642689299.499930 64.496616 -307.698016 -6.507953 0.143807 0.324290 -0.207169 0.911722
1642689299.533263 65.017675 -308.482177 -6.675241 0.144140 0.323424 -0.208161 0.911751
1642689299.566597 64.587301 -307.832352 -6.536263 0.143813 0.322994 -0.207483 0.912109
1642689299.599930 64.995178 -308.445881 -6.667145 0.144146 0.322062 -0.207652 0.912348
1642689299.633264 65.517513 -309.230920 -6.834600 0.144426 0.320849 -0.207543 0.912756
1642689299.666597 66.018543 -309.982992 -6.994944 0.144367 0.319840 -0.207413 0.913149
1642689299.699930 66.498070 -310.701983 -7.148224 0.144069 0.318828 -0.207291 0.913577
1642689299.733264 67.024682 -311.490722 -7.316430 0.143945 0.317858 -0.207309 0.913931
1642689299.766597 67.529788 -312.246396 -7.477609 0.143800 0.317215 -0.207443 0.914146
1642689299.799930 68.013177 -312.968837 -7.631686 0.143439 0.316644 -0.207548 0.914377
1642689299.833263 68.543893 -313.761296 -7.800668 0.142957 0.315969 -0.207421 0.914715
1642689299.866597 69.052710 -314.520456 -7.962517 0.142675 0.315117 -0.207297 0.915081
1642689299.899930 69.539476 -315.246084 -8.117208 0.142217 0.314301 -0.207589 0.915367
1642689299.933264 70.073848 -316.041929 -8.286857 0.141555 0.313483 -0.208047 0.915646
1642689299.966597 70.586202 -316.804249 -8.449354 0.140710 0.312601 -0.208576 0.915957
1642689299.999930 71.076415 -317.532862 -8.604643 0.139767 0.311692 -0.209334 0.916238
1642689300.033263 71.614624 -318.332073 -8.774920 0.138760 0.310866 -0.210111 0.916494
1642689300.066597 72.130616 -319.097747 -8.938036 0.137914 0.310296 -0.210373 0.916755
1642689300.099930 72.624185 -319.829668 -9.093966 0.137169 0.309510 -0.210409 0.917124
1642689300.133264 73.165960 -320.632469 -9.265046 0.136377 0.308623 -0.210134 0.917604
1642689300.166597 73.685414 -321.401442 -9.428984 0.135468 0.307622 -0.209608 0.918195
1642689300.199930 74.182456 -322.136448 -9.585789 0.134476 0.306848 -0.208972 0.918744
1642689300.233264 73.852158 -321.646831 -9.481874 0.134357 0.307533 -0.208202 0.918707
1642689300.266597 74.302640 -322.312196 -9.624071 0.133331 0.307336 -0.206941 0.919208
1642689300.299930 74.801698 -323.048525 -9.781528 0.132271 0.307469 -0.205299 0.919684
1642689300.333263 75.349656 -323.856059 -9.954396 0.130928 0.307813 -0.203343 0.920196
1642689300.366597 75.875104 -324.629546 -10.120128 0.129496 0.308189 -0.201434 0.920692
1642689300.399930 76.377936 -325.368855 -10.278561 0.127870 0.309004 -0.199403 0.921089
1642689300.433264 76.930029 -326.179721 -10.452284 0.125982 0.309838 -0.196813 0.921626
1642689300.466597 77.459268 -326.956463 -10.618688 0.124265 0.310397 -0.194409 0.922180
1642689300.499930 77.965412 -327.698957 -10.777759 0.122606 0.310564 -0.192397 0.922768
1642689300.533263 78.520987 -328.513395 -10.952249 0.120535 0.310721 -0.189797 0.923526
1642689300.566597 78.641691 -328.691165 -10.990107 0.119855 0.310352 -0.188896 0.923924
1642689300.599930 79.077701 -329.329928 -11.126934 0.118646 0.310337 -0.186805 0.924509
1642689300.633264 79.635907 -330.147479 -11.302084 0.117278 0.310275 -0.184535 0.925161
1642689300.666597 80.171035 -330.930856 -11.469937 0.116651 0.310154 -0.182315 0.925720
1642689300.699930 80.683039 -331.679814 -11.630512 0.116351 0.310176 -0.179846 0.926234
1642689300.733264 81.245278 -332.501353 -11.806694 0.116144 0.310285 -0.177142 0.926744
1642689300.766597 81.784510 -333.288318 -11.975414 0.116149 0.310746 -0.174355 0.927117
1642689300.799930 82.300450 -334.040494 -12.136610 0.116152 0.310978 -0.172000 0.927479
1642689300.833263 82.866771 -334.865378 -12.313345 0.116185 0.310947 -0.169870 0.927878
1642689300.866597 83.409679 -335.655465 -12.482577 0.115968 0.310832 -0.168739 0.928150
1642689300.899930 83.533359 -335.834989 -12.520895 0.116190 0.310661 -0.169472 0.928046
1642689300.933264 84.028366 -336.554676 -12.674904 0.116470 0.310705 -0.168094 0.928247
1642689300.966597 84.574204 -337.347534 -12.844425 0.116664 0.311077 -0.166303 0.928420
1642689300.999930 85.096290 -338.105249 -13.006500 0.116417 0.311301 -0.164760 0.928651
1642689301.033263 85.669218 -338.936063 -13.184431 0.115423 0.311446 -0.163686 0.928917
1642689301.066597 86.218318 -339.731780 -13.355026 0.114287 0.311122 -0.163319 0.929230
1642689301.099930 86.743445 -340.492433 -13.518212 0.113190 0.310596 -0.163588 0.929493
1642689301.133264 87.319876 -341.327004 -13.697300 0.112021 0.309918 -0.163345 0.929903
1642689301.166597 87.872602 -342.126868 -13.868944 0.111257 0.309535 -0.162260 0.930313
1642689301.199930 88.401538 -342.891909 -14.033009 0.111183 0.309675 -0.160888 0.930513
1642689301.233264 88.982647 -343.731410 -14.212718 0.111142 0.310518 -0.159568 0.930465
1642689301.266597 89.540190 -344.535542 -14.384619 0.110283 0.311441 -0.159589 0.930254
1642689301.299930 90.073836 -345.304089 -14.548828 0.108348 0.312605 -0.160943 0.929858
1642689301.333263 90.659863 -346.147013 -14.728906 0.105491 0.314332 -0.163077 0.929232
1642689301.366597 91.221735 -346.954654 -14.901379 0.103200 0.315800 -0.165159 0.928624
1642689301.399930 91.758971 -347.727024 -15.066279 0.101798 0.316491 -0.166658 0.928276
1642689301.433264 92.348290 -348.574600 -15.247389 0.101192 0.316997 -0.167044 0.928100
1642689301.466597 92.913261 -349.386910 -15.421131 0.101392 0.317641 -0.166014 0.928043
1642689301.499930 93.454004 -350.163644 -15.587385 0.102136 0.318548 -0.164287 0.927957
1642689301.533263 94.047937 -351.015588 -15.769931 0.102857 0.319954 -0.162174 0.927766
1642689301.566597 94.617706 -351.831190 -15.945042 0.102237 0.321715 -0.160822 0.927461
1642689301.599930 95.163067 -352.610210 -16.112778 0.100081 0.323886 -0.160585 0.926981
1642689301.633264 95.761904 -353.464179 -16.297291 0.096842 0.326360 -0.161472 0.926303
1642689301.666597 96.336229 -354.282166 -16.474462 0.093240 0.328936 -0.162496 0.925582
1642689301.699930 96.885879 -355.064377 -16.643855 0.090070 0.331581 -0.162678 0.924920
1642689301.733264 97.489268 -355.922746 -16.829530 0.087438 0.333894 -0.161925 0.924473
1642689301.766597 96.755353 -354.881406 -16.605535 0.088589 0.333059 -0.161771 0.924691
1642689301.799930 97.226750 -355.553646 -16.750397 0.087510 0.333897 -0.161111 0.924607
1642689301.833263 97.830369 -356.414160 -16.935551 0.086706 0.335032 -0.160258 0.924420
1642689301.866597 98.409040 -357.238634 -17.112564 0.086831 0.335614 -0.159288 0.924365
1642689301.899930 98.962642 -358.026614 -17.281323 0.086968 0.335788 -0.158322 0.924455
1642689301.933264 99.570222 -358.890614 -17.466110 0.087036 0.335898 -0.156800 0.924668
1642689301.966597 100.152427 -359.717850 -17.643262 0.086971 0.335792 -0.154924 0.925029
1642689301.999930 100.709072 -360.508225 -17.813045 0.086671 0.335488 -0.153058 0.925478
1642689302.033263 101.319996 -361.374950 -17.999684 0.086393 0.335286 -0.151383 0.925852
1642689302.066597 101.905787 -362.205224 -18.178612 0.086200 0.335001 -0.150394 0.926135
1642689302.099930 102.466280 -362.998938 -18.349591 0.086220 0.334547 -0.150159 0.926335
1642689302.133264 103.081541 -363.869480 -18.537222 0.086263 0.333840 -0.150117 0.926593
1642689302.166597 103.671403 -364.703238 -18.717234 0.085739 0.333093 -0.149908 0.926944
1642689302.199930 104.235857 -365.500087 -18.889460 0.084745 0.332663 -0.148834 0.927363
1642689302.233264 104.855692 -366.374071 -19.078338 0.083648 0.332348 -0.147037 0.927862
1642689302.266597 105.450112 -367.211328 -19.259138 0.082435 0.332174 -0.144600 0.928416
1642689302.299930 106.018948 -368.011698 -19.431754 0.081175 0.332300 -0.141838 0.928908
1642689302.333263 106.643487 -368.889616 -19.620891 0.079607 0.332663 -0.138558 0.929408
1642689302.366597 106.345959 -368.470021 -19.530860 0.078726 0.332978 -0.137575 0.929517
1642689302.399930 106.835308 -369.157625 -19.678994 0.077122 0.333637 -0.135100 0.929778
1642689302.433264 107.461898 -370.037511 -19.868514 0.075048 0.334694 -0.132395 0.929957
1642689302.466597 108.062405 -370.880402 -20.050152 0.072951 0.335521 -0.129688 0.930207
1642689302.499930 108.636716 -371.686139 -20.223815 0.070722 0.336026 -0.127147 0.930548
1642689302.533263 109.267022 -372.569945 -20.414231 0.068113 0.336646 -0.124553 0.930869
1642689302.566597 109.871101 -373.416629 -20.596595 0.065952 0.337069 -0.122182 0.931185
1642689302.599930 110.448768 -374.226069 -20.770888 0.064369 0.337233 -0.119912 0.931532
1642689302.633264 111.082800 -375.114030 -20.961982 0.062899 0.337513 -0.117119 0.931886
1642689302.666597 111.690694 -375.964665 -21.144985 0.061660 0.337787 -0.113926 0.932265
1642689302.699930 111.829191 -376.158367 -21.186529 0.061866 0.337775 -0.112493 0.932430
1642689302.733264 112.383294 -376.933012 -21.353268 0.060995 0.338446 -0.109672 0.932580
1642689302.766597 112.993980 -377.786274 -21.536875 0.060560 0.339258 -0.106926 0.932632
1642689302.799930 113.577993 -378.601818 -21.712381 0.060201 0.339852 -0.104820 0.932678
1642689302.833263 114.218829 -379.496348 -21.904888 0.059959 0.340600 -0.102578 0.932670
1642689302.866597 114.833021 -380.353325 -22.089365 0.060147 0.341136 -0.100163 0.932725
1642689302.899930 115.420410 -381.172470 -22.265794 0.060668 0.341835 -0.097736 0.932693
1642689302.933264 116.064973 -382.070827 -22.459411 0.061296 0.342601 -0.095101 0.932643
1642689302.966597 116.682743 -382.931301 -22.644955 0.062024 0.343360 -0.092734 0.932554
1642689302.999930 117.273611 -383.753687 -22.822299 0.062592 0.344139 -0.090444 0.932454
1642689303.033263 117.413626 -383.950315 -22.864421 0.062163 0.344288 -0.086806 0.932774
1642689303.066597 117.949487 -384.695201 -23.024947 0.062130 0.345252 -0.084209 0.932657
1642689303.099930 118.542829 -385.519395 -23.202583 0.061842 0.346513 -0.081190 0.932477
1642689303.133263 119.193946 -386.423094 -23.397398 0.061227 0.347823 -0.077844 0.932315
1642689303.166597 119.817946 -387.288524 -23.584033 0.060019 0.348901 -0.074970 0.932226
1642689303.199930 120.414692 -388.115660 -23.762481 0.058631 0.349867 -0.072645 0.932136
1642689303.233264 121.069564 -389.022916 -23.958223 0.057161 0.350848 -0.070608 0.932015
1642689303.266597 121.697232 -389.892006 -24.145672 0.055687 0.351709 -0.068721 0.931921
1642689303.299930 122.297637 -390.722744 -24.324888 0.054100 0.352764 -0.066714 0.931762
1642689303.333263 122.956768 -391.633950 -24.521485 0.052855 0.354367 -0.064345 0.931391
1642689303.366597 123.100274 -391.832655 -24.564273 0.052644 0.355235 -0.064067 0.931092
1642689303.399930 123.617424 -392.546652 -24.718444 0.051510 0.356814 -0.062262 0.930674
1642689303.433264 124.279260 -393.460029 -24.915926 0.049663 0.358711 -0.060187 0.930181
1642689303.466597 124.913513 -394.334836 -25.105133 0.047977 0.360090 -0.058617 0.929837
1642689303.499930 125.520200 -395.171167 -25.285745 0.046847 0.361216 -0.057156 0.929549
1642689303.533263 126.186195 -396.088607 -25.483561 0.046027 0.362631 -0.055904 0.929115
1642689303.566597 126.824667 -396.967463 -25.672909 0.045726 0.364062 -0.054909 0.928630
1642689303.599930 127.435230 -397.807498 -25.853916 0.045703 0.364958 -0.054020 0.928331
1642689303.633263 128.105209 -398.728804 -26.052431 0.045526 0.365786 -0.053027 0.928071
1642689303.666597 128.747503 -399.611227 -26.242480 0.045334 0.366583 -0.051821 0.927834
1642689303.699930 129.361944 -400.454566 -26.424083 0.044753 0.367473 -0.050695 0.927573
1642689303.733264 130.036290 -401.379337 -26.623357 0.043922 0.368571 -0.049579 0.927237
1642689303.766597 130.682542 -402.265073 -26.814467 0.043184 0.369480 -0.049214 0.926929
1642689303.799930 131.300680 -403.111768 -26.997191 0.043075 0.370137 -0.049386 0.926663
1642689303.833263 131.241054 -403.031619 -26.980201 0.044028 0.369420 -0.050981 0.926818
1642689303.866597 131.801261 -403.798845 -27.145635 0.044343 0.369967 -0.051220 0.926571
1642689303.899930 132.421658 -404.647998 -27.328769 0.044950 0.370489 -0.051707 0.926307
1642689303.933264 133.102612 -405.579361 -27.529755 0.045743 0.371066 -0.052535 0.925990
1642689303.966597 133.755353 -406.471531 -27.722402 0.046666 0.371480 -0.053085 0.925747
1642689303.999930 134.379744 -407.324327 -27.906562 0.047603 0.371604 -0.053118 0.925647
1642689304.033263 135.065064 -408.259574 -28.108457 0.048710 0.371503 -0.052860 0.925645
1642689304.066597 135.721945 -409.155325 -28.301869 0.049723 0.371357 -0.052202 0.925687
1642689304.099930 136.350298 -410.011520 -28.486799 0.050993 0.371725 -0.050998 0.925537
1642689304.133263 137.040082 -410.950530 -28.689656 0.052641 0.372515 -0.049676 0.925199
1642689304.166597 137.701312 -411.849900 -28.883967 0.054276 0.373332 -0.048414 0.924842
1642689304.199930 138.333777 -412.709491 -29.069637 0.055524 0.374085 -0.047354 0.924519
1642689304.233264 139.028025 -413.652152 -29.273253 0.056380 0.375290 -0.046197 0.924037
1642689304.266597 139.693546 -414.554989 -29.468400 0.056936 0.376869 -0.045007 0.923419
1642689304.299930 140.330072 -415.417894 -29.655012 0.057207 0.378453 -0.043986 0.922803
1642689304.333263 141.028596 -416.364273 -29.859673 0.057109 0.379889 -0.043281 0.922253
1642689304.366597 141.698096 -417.270920 -30.055668 0.057044 0.381206 -0.042653 0.921742
1642689304.399930 142.338434 -418.137748 -30.242928 0.056951 0.382388 -0.042167 0.921280
1642689304.433264 143.041128 -419.088671 -30.448207 0.057092 0.383632 -0.041464 0.920786
1642689304.466597 143.714626 -419.999649 -30.644771 0.057166 0.384658 -0.040528 0.920396
1642689304.499930 144.358765 -420.870480 -30.832643 0.057384 0.385517 -0.039600 0.920063
1642689304.533263 145.065617 -421.825628 -31.038700 0.057653 0.386468 -0.038748 0.919683
1642689304.566597 144.479510 -421.034745 -30.867349 0.056635 0.385636 -0.039087 0.920081
1642689304.599930 145.032636 -421.781907 -31.028501 0.056812 0.386357 -0.038424 0.919796
1642689304.633263 145.740713 -422.737714 -31.234723 0.057018 0.387482 -0.037537 0.919346
1642689304.666597 146.419374 -423.653160 -31.432350 0.057117 0.388472 -0.036536 0.918963
1642689304.699930 147.068429 -424.528182 -31.621293 0.057328 0.389306 -0.035387 0.918642
1642689304.733264 147.780749 -425.487979 -31.828504 0.057857 0.390209 -0.034055 0.918275
1642689304.766597 148.463543 -426.407442 -32.026936 0.058413 0.391029 -0.032730 0.917940
1642689304.799930 149.116567 -427.286350 -32.216567 0.058976 0.391785 -0.031411 0.917627
1642689304.833263 149.833172 -428.250307 -32.424521 0.059617 0.392588 -0.030272 0.917281
1642689304.866597 150.519996 -429.173670 -32.623733 0.060158 0.393343 -0.029351 0.916952
1642689304.899930 151.176869 -430.056309 -32.814180 0.060732 0.394109 -0.028733 0.916605
1642689304.933264 151.897762 -431.024486 -33.023091 0.061770 0.395031 -0.027993 0.916161
1642689304.966597 152.588784 -431.952007 -33.223242 0.062879 0.396012 -0.026978 0.915693
1642689304.999930 153.249730 -432.838619 -33.414600 0.063905 0.397003 -0.026153 0.915216
1642689305.033263 153.975071 -433.811070 -33.624552 0.065174 0.398058 -0.025398 0.914690
1642689305.066597 154.670316 -434.742635 -33.825672 0.066480 0.399141 -0.024847 0.914138
1642689305.099930 155.335313 -435.633118 -34.017821 0.067743 0.400033 -0.024253 0.913672
1642689305.133263 156.065125 -436.609796 -34.228490 0.069090 0.401068 -0.023435 0.913138
1642689305.166597 156.764602 -437.545321 -34.430327 0.070359 0.401937 -0.022413 0.912685
1642689305.199930 157.433573 -438.439511 -34.623279 0.071430 0.402797 -0.021403 0.912247
1642689305.233264 158.167738 -439.420277 -34.834854 0.072505 0.403744 -0.020278 0.911769
1642689305.266597 158.871430 -440.359839 -35.037416 0.073603 0.404481 -0.019101 0.911379
1642689305.299930 158.253404 -439.551416 -34.860860 0.073588 0.403139 -0.020212 0.911952
1642689305.333263 158.892485 -440.405725 -35.044758 0.074753 0.403568 -0.019322 0.911686
1642689305.366597 159.596691 -441.346789 -35.247321 0.076015 0.403877 -0.018376 0.911464
1642689305.399930 160.270239 -442.246458 -35.440905 0.077294 0.404099 -0.017275 0.911280
1642689305.433264 161.009450 -443.233279 -35.653235 0.078794 0.404209 -0.016229 0.911122
1642689305.466597 161.717995 -444.178561 -35.856706 0.080069 0.404412 -0.015493 0.910933
1642689305.499930 162.395722 -445.082181 -36.051216 0.081158 0.404714 -0.015006 0.910711
1642689305.533263 163.139558 -446.073372 -36.264442 0.082464 0.405089 -0.014587 0.910434
1642689305.566597 163.852458 -447.022932 -36.468575 0.083746 0.405238 -0.014364 0.910254
1642689305.599930 164.534193 -447.930643 -36.663632 0.084797 0.405337 -0.014343 0.910113
1642689305.633263 165.282242 -448.926248 -36.877483 0.085921 0.405189 -0.014529 0.910071
1642689305.666597 165.999099 -449.879942 -37.082249 0.086939 0.404877 -0.014957 0.910106
1642689305.699930 166.684576 -450.791528 -37.277876 0.087848 0.404527 -0.015786 0.910160
1642689305.733264 167.436692 -451.791320 -37.492304 0.088840 0.403844 -0.017002 0.910345
1642689305.766597 168.157417 -452.748938 -37.697585 0.089666 0.403010 -0.018196 0.910611
1642689305.799930 168.846630 -453.664143 -37.893763 0.090336 0.402077 -0.018958 0.910941
1642689305.833263 169.602900 -454.667727 -38.108980 0.091133 0.401130 -0.019547 0.911267
1642689305.866597 170.327589 -455.628797 -38.315257 0.091751 0.400284 -0.020199 0.911563
1642689305.899930 171.020527 -456.547193 -38.512585 0.092327 0.399622 -0.020575 0.911787
1642689305.933264 171.780855 -457.554220 -38.729146 0.092863 0.398839 -0.021001 0.912065
1642689305.966597 172.509564 -458.518631 -38.936574 0.093241 0.398303 -0.021619 0.912246
1642689305.999930 173.206535 -459.440164 -39.134718 0.092982 0.398259 -0.022438 0.912272
1642689306.033263 172.575050 -458.599847 -38.955490 0.090361 0.399053 -0.023580 0.912160
1642689306.066597 173.205671 -459.432701 -39.134494 0.089174 0.399283 -0.025275 0.912130
1642689306.099930 173.903524 -460.354165 -39.332444 0.087643 0.399288 -0.027631 0.912209
1642689306.133263 174.668899 -461.364741 -39.549441 0.085945 0.399007 -0.030143 0.912413
1642689306.166597 175.402131 -462.332825 -39.757244 0.084660 0.398607 -0.032281 0.912635
1642689306.199930 176.103127 -463.258269 -39.955848 0.084103 0.397726 -0.034083 0.913006
1642689306.233264 176.571439 -463.876047 -40.088360 0.084208 0.397216 -0.034947 0.913185
1642689306.266597 177.207836 -464.715168 -40.268275 0.083839 0.396841 -0.036335 0.913328
1642689306.299930 177.912611 -465.643573 -40.467177 0.083463 0.396551 -0.038034 0.913419
1642689306.333263 178.686017 -466.661550 -40.685158 0.082878 0.396276 -0.039931 0.913511
1642689306.366597 179.427148 -467.636374 -40.893732 0.082161 0.395714 -0.041644 0.913743
1642689306.399930 180.135732 -468.567981 -41.092809 0.081390 0.394916 -0.042987 0.914095
1642689306.433264 180.913033 -469.589574 -41.310785 0.080450 0.393299 -0.044097 0.914822
1642689306.466597 181.657842 -470.568077 -41.519163 0.079599 0.391274 -0.044978 0.915722
1642689306.499930 181.962863 -470.969060 -41.604182 0.079180 0.389348 -0.045116 0.916571
1642689306.533263 182.641663 -471.860172 -41.793569 0.078204 0.386679 -0.046266 0.917727
1642689306.566597 183.389620 -472.841430 -42.002130 0.076864 0.383556 -0.047573 0.919083
1642689306.599930 184.104763 -473.779065 -42.201631 0.075451 0.380501 -0.048984 0.920395
1642689306.633263 184.889315 -474.807093 -42.420640 0.073757 0.376881 -0.050268 0.921951
1642689306.666597 185.641134 -475.791462 -42.630532 0.071847 0.373239 -0.051101 0.923536
1642689306.699930 186.053928 -476.328488 -42.744662 0.070452 0.371348 -0.051164 0.924402
1642689306.733264 186.739839 -477.225070 -42.935817 0.068956 0.368055 -0.051479 0.925813
1642689306.766597 187.495696 -478.212671 -43.146303 0.067552 0.364399 -0.051889 0.927339
1642689306.799930 188.218502 -479.156669 -43.347441 0.066674 0.360996 -0.052344 0.928707
1642689306.833263 189.011523 -480.191834 -43.567985 0.066030 0.357077 -0.053134 0.930222
1642689306.866597 189.771463 -481.183170 -43.779253 0.065652 0.353413 -0.054561 0.931564
1642689306.899930 190.186859 -481.724472 -43.894784 0.065903 0.351770 -0.055967 0.932085
1642689306.933264 190.880061 -482.627125 -44.087442 0.065658 0.349304 -0.057686 0.932924
1642689306.966597 191.643967 -483.621083 -44.299855 0.065356 0.346840 -0.059184 0.933771
1642689306.999930 192.374521 -484.570812 -44.503094 0.064959 0.344483 -0.060444 0.934590
1642689307.033263 193.176286 -485.612149 -44.726144 0.064484 0.342190 -0.061769 0.935378
1642689307.066597 193.944887 -486.609452 -44.939722 0.064055 0.340349 -0.062653 0.936020
1642689307.099930 194.680059 -487.562494 -45.143750 0.063622 0.338840 -0.063160 0.936563
1642689307.133263 195.486808 -488.607422 -45.367461 0.062788 0.337309 -0.063791 0.937129
1642689307.166597 195.768053 -488.971492 -45.445171 0.062251 0.336963 -0.064155 0.937265
1642689307.199930 196.401166 -489.790578 -45.620498 0.061551 0.335792 -0.065180 0.937660
1642689307.233264 197.211627 -490.838529 -45.844784 0.060532 0.334338 -0.066348 0.938164
1642689307.266597 197.988462 -491.842323 -46.059541 0.059508 0.333176 -0.067457 0.938564
1642689307.299930 198.731473 -492.801895 -46.264669 0.059032 0.331909 -0.068344 0.938979
1642689307.333263 199.546983 -493.854422 -46.489466 0.058799 0.330541 -0.069222 0.939411
1642689307.366597 200.328958 -494.862672 -46.704478 0.058875 0.329671 -0.069533 0.939689
1642689307.399930 201.077236 -495.826376 -46.909683 0.058879 0.329246 -0.069190 0.939864
1642689307.433264 201.898601 -496.883055 -47.134650 0.058223 0.329084 -0.068203 0.940033
1642689307.466597 202.685636 -497.894832 -47.350572 0.056941 0.329208 -0.067502 0.940119
1642689307.499930 203.437991 -498.861632 -47.557572 0.055504 0.329171 -0.067750 0.940200
1642689307.533263 204.263409 -499.921875 -47.784962 0.054126 0.329002 -0.068664 0.940273
1642689307.566597 204.299248 -499.968054 -47.795935 0.053791 0.329125 -0.069232 0.940207
1642689307.599930 204.946206 -500.799223 -47.974258 0.053746 0.328298 -0.070042 0.940439
1642689307.633263 205.774463 -501.862749 -48.202346 0.054003 0.327447 -0.070543 0.940684
1642689307.666597 206.568651 -502.881470 -48.420696 0.054238 0.327688 -0.069532 0.940662
1642689307.699930 207.328316 -503.854995 -48.629594 0.054184 0.328552 -0.067698 0.940497
1642689307.733264 208.161685 -504.922405 -48.859382 0.053866 0.329467 -0.066206 0.940301
1642689307.766597 208.960033 -505.944732 -49.080040 0.054209 0.330318 -0.066021 0.939996
1642689307.799930 209.723236 -506.921969 -49.291196 0.055417 0.330903 -0.067226 0.939634
1642689307.833263 210.560371 -507.993864 -49.523104 0.057457 0.331330 -0.068863 0.939243
1642689307.866597 211.362449 -509.020668 -49.745677 0.060319 0.331827 -0.069757 0.938822
1642689307.899930 212.129364 -510.002074 -49.958736 0.063746 0.332601 -0.070010 0.938302
1642689307.933263 212.970705 -511.078110 -50.192619 0.067524 0.333492 -0.069873 0.937732
1642689307.966597 213.776800 -512.108312 -50.416748 0.070540 0.334301 -0.069355 0.937260
1642689307.999930 214.547463 -513.092571 -50.630935 0.073041 0.335078 -0.068862 0.936827
1642689308.033263 215.392814 -514.171479 -50.865724 0.075457 0.335879 -0.069040 0.936336
1642689308.066597 216.202629 -515.204288 -51.090652 0.077020 0.336423 -0.070152 0.935931
1642689308.099930 216.977020 -516.191134 -51.305661 0.078331 0.337199 -0.071754 0.935421
1642689308.133263 217.826998 -517.273305 -51.541314 0.079991 0.338520 -0.073814 0.934643
1642689308.166597 218.641721 -518.309681 -51.766869 0.081291 0.339858 -0.075670 0.933897
1642689308.199930 219.420915 -519.299974 -51.982375 0.082229 0.341280 -0.077225 0.933168
1642689308.233264 218.902507 -518.635594 -51.834578 0.080157 0.341743 -0.076730 0.933220
1642689308.266597 219.608261 -519.531169 -52.029339 0.080839 0.343663 -0.077326 0.932406
1642689308.299930 220.389644 -520.521760 -52.244840 0.081310 0.345926 -0.077865 0.931483
1642689308.333263 221.246794 -521.607488 -52.481235 0.081329 0.347896 -0.078686 0.930679
1642689308.366597 222.068177 -522.646910 -52.707557 0.080810 0.349640 -0.079669 0.929986
1642689308.399930 222.853864 -523.640267 -52.923614 0.080760 0.351736 -0.079874 0.929182
1642689308.433263 223.715985 -524.729638 -53.160300 0.081379 0.354033 -0.079120 0.928320
1642689308.466597 224.541996 -525.772772 -53.386872 0.081986 0.356142 -0.077787 0.927572
1642689308.499930 225.331862 -526.769468 -53.603323 0.082398 0.358305 -0.075732 0.926873
1642689308.533263 226.198471 -527.862216 -53.840744 0.083095 0.360936 -0.073196 0.925993
1642689308.566597 227.028654 -528.908502 -54.068342 0.083575 0.362987 -0.070952 0.925322
1642689308.599930 227.822290 -529.908333 -54.285825 0.083628 0.364569 -0.069094 0.924836
1642689308.633263 227.897104 -530.004339 -54.306272 0.083317 0.363782 -0.068325 0.925231
1642689308.666597 228.616311 -530.910333 -54.502790 0.083320 0.364572 -0.067418 0.924987
1642689308.699930 229.412327 -531.912728 -54.720113 0.083343 0.365296 -0.066900 0.924736
1642689308.733264 230.285511 -533.011861 -54.958371 0.083672 0.365800 -0.066463 0.924539
1642689308.766597 231.122087 -534.064400 -55.186489 0.084234 0.366147 -0.065965 0.924386
1642689308.799930 231.921990 -535.070125 -55.404588 0.085005 0.366515 -0.065157 0.924227
1642689308.833263 232.799585 -536.172765 -55.644064 0.085764 0.367044 -0.064347 0.924004
1642689308.866597 233.640509 -537.228575 -55.873801 0.086402 0.367833 -0.063461 0.923692
1642689308.899930 234.444582 -538.237439 -56.093699 0.087168 0.368867 -0.062672 0.923261
1642689308.933263 235.326849 -539.343719 -56.335167 0.088543 0.370365 -0.062108 0.922569
1642689308.966597 236.172294 -540.403283 -56.566614 0.090396 0.372192 -0.062204 0.921646
1642689308.999930 236.980633 -541.415796 -56.787802 0.092049 0.374116 -0.062755 0.920666
1642689309.033263 237.867637 -542.525989 -57.030075 0.093455 0.376430 -0.063653 0.919519
1642689309.066597 238.717840 -543.589317 -57.261657 0.094980 0.379002 -0.064816 0.918224
1642689309.099930 239.530743 -544.605355 -57.482643 0.096308 0.381504 -0.066643 0.916918
1642689309.133263 240.422497 -545.719026 -57.724721 0.096746 0.384180 -0.068713 0.915601
1642689309.166597 240.150789 -545.378985 -57.649287 0.095108 0.384757 -0.070532 0.915392
1642689309.199930 240.849023 -546.250521 -57.838888 0.094571 0.386092 -0.071892 0.914779
1642689309.233264 241.742306 -547.365290 -58.081726 0.094360 0.387450 -0.073200 0.914123
1642689309.266597 242.598218 -548.432939 -58.314604 0.094901 0.388874 -0.073581 0.913431
1642689309.299930 243.416792 -549.453311 -58.537469 0.096011 0.390465 -0.072917 0.912689
1642689309.333263 244.315038 -550.572206 -58.782226 0.097460 0.392464 -0.071642 0.911779
1642689309.366597 245.175988 -551.643813 -59.016546 0.098689 0.394247 -0.070539 0.910963
1642689309.399930 245.999291 -552.668024 -59.240051 0.099583 0.395424 -0.069610 0.910427
1642689309.433263 246.902509 -553.791312 -59.484568 0.100246 0.396383 -0.068821 0.909997
1642689309.466597 247.767718 -554.867287 -59.718153 0.100646 0.396466 -0.068219 0.909962
1642689309.499930 248.594697 -555.895726 -59.940927 0.100734 0.395857 -0.067552 0.910267
1642689309.533263 249.501827 -557.023601 -60.184900 0.100472 0.394956 -0.065762 0.910819
1642689309.566597 250.370915 -558.103889 -60.418402 0.099695 0.394289 -0.062948 0.911392
1642689309.599930 251.201647 -559.136437 -60.641583 0.098516 0.393581 -0.059748 0.912041
1642689309.633263 252.112899 -560.268956 -60.886351 0.097219 0.392764 -0.056414 0.912745
1642689309.666597 252.986194 -561.353849 -61.120721 0.095817 0.392583 -0.053438 0.913149
1642689309.699930 253.821356 -562.390957 -61.344741 0.095135 0.392997 -0.050843 0.913191
1642689309.733264 254.737440 -563.528315 -61.590719 0.094858 0.393194 -0.049127 0.913229
1642689309.766597 255.615013 -564.617421 -61.826721 0.094205 0.393345 -0.048182 0.913282
1642689309.799930 256.454137 -565.658233 -62.052491 0.093523 0.393964 -0.047012 0.913146
1642689309.833263 257.374765 -566.799709 -62.300074 0.093141 0.394467 -0.044990 0.913070
1642689309.866597 258.256666 -567.892993 -62.537062 0.092776 0.394462 -0.041803 0.913260
1642689309.899930 259.099765 -568.937846 -62.763312 0.092317 0.394603 -0.037531 0.913432
1642689309.933263 260.024566 -570.083425 -63.011212 0.091432 0.394477 -0.032901 0.913754
1642689309.966597 259.096692 -568.934129 -62.762211 0.090954 0.393936 -0.034832 0.913963
1642689309.999930 259.820198 -569.830000 -62.955827 0.089903 0.394256 -0.031970 0.914034
1642689310.033263 260.746049 -570.975659 -63.203042 0.087949 0.394253 -0.028524 0.914339
1642689310.066597 261.632852 -572.072649 -63.439529 0.085567 0.393633 -0.025568 0.914919
1642689310.099930 262.480387 -573.120890 -63.665453 0.083103 0.392584 -0.023043 0.915664
1642689310.133263 263.409937 -574.270343 -63.913196 0.080454 0.391449 -0.020352 0.916450
1642689310.166597 264.300444 -575.371250 -64.150486 0.078205 0.390328 -0.018187 0.917168
1642689310.199930 265.151759 -576.423443 -64.377281 0.076436 0.389025 -0.016474 0.917903
1642689310.233264 266.085700 -577.577391 -64.625990 0.074939 0.387242 -0.015269 0.918801
1642689310.266597 266.980608 -578.682597 -64.864113 0.074132 0.385409 -0.014466 0.919649
1642689310.299930 267.836426 -579.738767 -65.091583 0.073682 0.383664 -0.013510 0.920430
1642689310.333263 268.775459 -580.896746 -65.340999 0.073073 0.382047 -0.012356 0.921166
1642689310.366597 269.675080 -582.005420 -65.580023 0.072418 0.380252 -0.011344 0.921974
1642689310.399930 270.535117 -583.064668 -65.808586 0.071578 0.378202 -0.010733 0.922889
1642689310.433263 271.478674 -584.226057 -66.059237 0.071047 0.375878 -0.009685 0.923891
1642689310.466597 272.382858 -585.338274 -66.299279 0.070761 0.373850 -0.008650 0.924746
1642689310.499930 273.247423 -586.401129 -66.528711 0.070666 0.372047 -0.007702 0.925488
1642689310.533263 274.195989 -587.566623 -66.780355 0.070949 0.370254 -0.006664 0.926193
1642689310.566597 273.745911 -587.011422 -66.661311 0.073454 0.370906 -0.008365 0.925723
1642689310.599930 274.489362 -587.924466 -66.858594 0.074343 0.369449 -0.008033 0.926237
1642689310.633263 275.440875 -589.092319 -67.111118 0.075466 0.367542 -0.008048 0.926905
1642689310.666597 276.352777 -590.210802 -67.353093 0.076932 0.365891 -0.008209 0.927436
1642689310.699930 277.224826 -591.279741 -67.584393 0.078808 0.364472 -0.008329 0.927836
1642689310.733264 278.181610 -592.451963 -67.838061 0.081313 0.362929 -0.008227 0.928226
1642689310.766597 279.098353 -593.574629 -68.080945 0.084113 0.361357 -0.007521 0.928595
1642689310.799930 279.974836 -594.647426 -68.312976 0.086752 0.359608 -0.006319 0.929041
1642689310.833263 280.936364 -595.823531 -68.567400 0.089553 0.357512 -0.004434 0.929594
1642689310.866597 281.857591 -596.949511 -68.811151 0.092035 0.355460 -0.002445 0.930146
1642689310.899930 282.738369 -598.025179 -69.044192 0.093854 0.353625 -0.000810 0.930667
1642689310.933263 283.704614 -599.204293 -69.299813 0.095332 0.351754 0.000107 0.931225
1642689310.966597 283.749022 -599.253963 -69.309590 0.091869 0.351903 0.009759 0.931466
1642689310.999930 284.507137 -600.177152 -69.509679 0.092463 0.350877 0.008919 0.931803
1642689311.033263 285.477216 -601.358286 -69.765727 0.093365 0.349559 0.007280 0.932222
1642689311.066597 286.406646 -602.489477 -70.010899 0.094459 0.347943 0.005489 0.932729
1642689311.099930 287.295323 -603.570545 -70.245185 0.095562 0.346377 0.004092 0.933206
1642689311.133263 288.270402 -604.755879 -70.502234 0.097032 0.344696 0.003419 0.933679
1642689311.166597 289.204751 -605.890705 -70.748592 0.098247 0.343066 0.003068 0.934154
1642689311.199930 290.098240 -606.974794 -70.984080 0.098949 0.341439 0.003063 0.934676
1642689311.233264 291.078776 -608.163139 -71.242154 0.099203 0.339867 0.003050 0.935222
1642689311.266597 292.018494 -609.300750 -71.489089 0.098807 0.338568 0.002908 0.935735
1642689311.299930 292.917053 -610.387512 -71.724960 0.098051 0.337470 0.002411 0.936213
1642689311.333263 293.902810 -611.578779 -71.983632 0.096862 0.336140 0.001479 0.936817
1642689311.366597 293.946629 -611.628458 -71.995856 0.090294 0.336249 0.022607 0.937162
1642689311.399930 294.719391 -612.561824 -72.198637 0.088723 0.334981 0.024381 0.937721
1642689311.433263 295.708545 -613.755387 -72.458124 0.087498 0.333562 0.024249 0.938346
1642689311.466597 296.656401 -614.898414 -72.706790 0.086543 0.332178 0.024505 0.938918
1642689311.499930 297.562768 -615.990688 -72.944586 0.085523 0.331281 0.024916 0.939318
1642689311.533263 298.557244 -617.188363 -73.205538 0.084524 0.330243 0.025434 0.939760
1642689311.566597 299.510185 -618.335356 -73.455629 0.083835 0.329381 0.025318 0.940127
1642689311.599930 300.421450 -619.431490 -73.694637 0.083312 0.328794 0.024622 0.940398
1642689311.633263 301.421335 -620.633494 -73.956622 0.083043 0.328293 0.023319 0.940629
1642689311.666597 302.379335 -621.784673 -74.207520 0.083314 0.327619 0.021502 0.940884
1642689311.699930 303.295240 -622.884805 -74.447238 0.083899 0.326741 0.019993 0.941170
1642689311.733264 304.300013 -624.091113 -74.709983 0.084594 0.325471 0.018582 0.941577
1642689311.766597 305.262682 -625.246258 -74.961588 0.085402 0.324131 0.017988 0.941978
1642689311.799930 306.183122 -626.350033 -75.202093 0.086026 0.323034 0.018160 0.942294
1642689311.833263 307.193076 -627.560162 -75.465881 0.086648 0.322003 0.018797 0.942578
1642689311.866597 308.160904 -628.718852 -75.718687 0.087119 0.321240 0.019390 0.942783
1642689311.899930 309.086285 -629.825983 -75.960480 0.087687 0.320842 0.019769 0.942858
1642689311.933263 310.101567 -631.039872 -76.225727 0.088423 0.320424 0.019483 0.942937
1642689311.966597 311.074454 -632.202314 -76.479881 0.089131 0.320222 0.018463 0.942959
1642689311.999930 312.004747 -633.313238 -76.722811 0.089983 0.320149 0.017349 0.942924
1642689312.033263 313.025531 -634.531544 -76.989085 0.091311 0.320386 0.016516 0.942731
1642689312.066597 314.003603 -635.698389 -77.244067 0.092741 0.320486 0.016136 0.942564
1642689312.099930 313.161863 -634.693335 -77.025551 0.091795 0.321680 0.026698 0.942010
1642689312.133263 314.051200 -635.754361 -77.257490 0.093343 0.321640 0.026429 0.941879
1642689312.166597 315.030930 -636.922756 -77.512849 0.095480 0.321249 0.026374 0.941800
1642689312.199930 315.967566 -638.039205 -77.756926 0.097455 0.320827 0.026587 0.941735
1642689312.233264 316.995067 -639.263293 -78.024658 0.099878 0.320192 0.026896 0.941689
1642689312.266597 317.979596 -640.435343 -78.281046 0.102362 0.319551 0.027597 0.941620
1642689312.299930 318.921108 -641.555180 -78.525887 0.104553 0.319285 0.028465 0.941443
1642689312.333263 319.954229 -642.782853 -78.794012 0.106681 0.319420 0.029850 0.941116
1642689312.366597 320.944013 -643.958221 -79.050627 0.108510 0.319387 0.030896 0.940884
1642689312.399930 321.890023 -645.081177 -79.295924 0.110163 0.318753 0.031343 0.940892
1642689312.433263 322.927517 -646.312404 -79.565053 0.112357 0.317763 0.031679 0.940957
1642689312.466597 323.921381 -647.491497 -79.822960 0.114867 0.316839 0.032198 0.940947
1642689312.499930 324.871607 -648.618270 -80.069571 0.117679 0.315804 0.033289 0.940910
1642689312.533263 325.914336 -649.853858 -80.339978 0.121068 0.315000 0.035222 0.940679
1642689312.566597 326.913809 -651.037140 -80.598827 0.124216 0.314906 0.037416 0.940215
1642689312.599930 327.869546 -652.167837 -80.846155 0.127454 0.315055 0.039042 0.939666
1642689312.633263 327.552328 -651.788778 -80.765739 0.125465 0.315939 0.051493 0.939036
1642689312.666597 328.416431 -652.813318 -80.990296 0.127864 0.315914 0.055338 0.938502
1642689312.699930 329.374043 -653.944880 -81.238424 0.131377 0.316220 0.055679 0.937894
1642689312.733263 330.424489 -655.185240 -81.510437 0.134991 0.316472 0.056276 0.937260
1642689312.766597 331.430892 -656.372549 -81.770936 0.137797 0.316661 0.057451 0.936716
1642689312.799930 332.393079 -657.506550 -82.019842 0.139741 0.317186 0.058631 0.936177
1642689312.833263 333.448595 -658.749451 -82.292770 0.141273 0.318003 0.058824 0.935658
1642689312.866597 334.459757 -659.939321 -82.554124 0.142324 0.319108 0.057726 0.935191
1642689312.899930 335.426420 -661.075998 -82.803663 0.142625 0.320235 0.055739 0.934880
1642689312.933263 336.486805 -662.322005 -83.077211 0.142655 0.321570 0.053193 0.934566
1642689312.966597 337.502666 -663.515101 -83.339263 0.142543 0.322849 0.050561 0.934288
1642689312.999930 338.473842 -664.655206 -83.589782 0.142658 0.324205 0.048418 0.933914
1642689313.033263 339.539335 -665.905366 -83.864502 0.143027 0.325634 0.046376 0.933464
1642689313.066597 340.560207 -667.102652 -84.127530 0.143658 0.326681 0.045062 0.933065
1642689313.099930 341.536131 -668.246810 -84.378822 0.144606 0.327363 0.043974 0.932732
1642689313.133263 342.606699 -669.501214 -84.654269 0.145429 0.328063 0.042847 0.932411
1642689313.166597 343.632429 -670.702246 -84.918033 0.146153 0.328652 0.042061 0.932126
1642689313.199930 344.613088 -671.849719 -85.170088 0.146549 0.329155 0.041097 0.931929
1642689313.233263 345.688942 -673.107640 -85.446411 0.146985 0.329637 0.039700 0.931750
1642689313.266597 346.719750 -674.312054 -85.711003 0.147398 0.330055 0.037842 0.931615
1642689313.299930 347.705311 -675.462828 -85.963822 0.147740 0.330323 0.035524 0.931556
1642689313.333263 348.786675 -676.724416 -86.241058 0.148141 0.330968 0.032562 0.931372
1642689313.366597 347.892923 -675.680203 -86.012703 0.146536 0.330607 0.032293 0.931764
1642689313.399930 348.739488 -676.667148 -86.229659 0.146500 0.331480 0.028748 0.931575
1642689313.433263 349.822848 -677.929435 -86.507358 0.146474 0.332888 0.024376 0.931202
1642689313.466597 350.860968 -679.138181 -86.773378 0.146724 0.334285 0.020937 0.930746
1642689313.499930 351.853508 -680.293145 -87.027597 0.147236 0.335621 0.018977 0.930226
1642689313.533263 352.942265 -681.559187 -87.306382 0.147422 0.336950 0.017322 0.929748
1642689313.566597 353.985312 -682.771161 -87.573392 0.147307 0.338365 0.015831 0.929279
1642689313.599930 354.982421 -683.928932 -87.828506 0.146708 0.339682 0.014199 0.928919
1642689313.633263 356.076159 -685.197935 -88.108067 0.145552 0.341171 0.011262 0.928596
1642689313.666597 357.124000 -686.412769 -88.375597 0.144114 0.342669 0.007357 0.928308
1642689313.699930 357.363017 -686.688437 -88.436080 0.142741 0.343211 0.004545 0.928337
1642689313.733263 358.317509 -687.793954 -88.679441 0.140942 0.344438 0.000248 0.928169
1642689313.766597 359.368849 -689.011393 -88.947479 0.139159 0.345789 -0.003816 0.927928
1642689313.799930 360.373915 -690.174734 -89.203726 0.137520 0.347029 -0.006323 0.927696
1642689313.833263 361.476514 -691.450206 -89.484743 0.135846 0.348036 -0.007890 0.927553
1642689313.866597 362.532984 -692.671496 -89.753840 0.134258 0.349061 -0.008746 0.927392
1642689313.899930 363.543043 -693.838402 -90.011022 0.132738 0.350203 -0.010134 0.927165
1642689313.933263 364.651100 -695.117701 -90.293098 0.131014 0.351560 -0.012660 0.926866
1642689313.966597 365.712782 -696.342606 -90.563284 0.129118 0.352954 -0.015996 0.926551
1642689313.999930 366.727958 -697.513020 -90.821527 0.127245 0.354484 -0.019827 0.926152
1642689314.033263 366.970801 -697.791880 -90.883464 0.126962 0.355389 -0.022994 0.925770
1642689314.066597 367.891084 -698.852174 -91.117700 0.124831 0.357205 -0.024244 0.925329
1642689314.099930 368.910046 -700.025095 -91.376959 0.122876 0.359727 -0.025946 0.924567
1642689314.133263 370.027938 -701.310826 -91.661518 0.120712 0.362945 -0.027182 0.923559
1642689314.166597 371.099001 -702.541695 -91.934248 0.118214 0.365887 -0.028675 0.922675
1642689314.199930 372.123042 -703.717608 -92.194940 0.115744 0.368974 -0.030406 0.921703
1642689314.233263 372.806460 -704.502099 -92.368713 0.113881 0.371315 -0.032762 0.920914
1642689314.266597 373.735281 -705.567534 -92.604791 0.111261 0.374290 -0.035213 0.919939
1642689314.299930 374.763096 -706.746219 -92.866095 0.108316 0.377750 -0.037681 0.918778
1642689314.333263 375.890358 -708.038467 -93.152736 0.105361 0.381324 -0.039841 0.917553
1642689314.366597 376.970069 -709.275838 -93.427347 0.102630 0.384720 -0.041523 0.916370
1642689314.399930 378.002081 -710.458144 -93.689725 0.100192 0.387636 -0.043024 0.915341
1642689314.433263 378.690796 -711.247237 -93.864456 0.098823 0.389232 -0.043648 0.914782
1642689314.466597 379.626606 -712.318658 -94.101933 0.096796 0.391386 -0.044516 0.914038
1642689314.499930 380.662100 -713.504018 -94.364507 0.094671 0.393506 -0.044914 0.913331
1642689314.533263 381.797837 -714.803532 -94.652361 0.092560 0.395942 -0.044711 0.912504
1642689314.566597 382.885793 -716.047702 -94.928114 0.090447 0.398259 -0.044470 0.911719
1642689314.599930 383.925865 -717.236466 -95.191696 0.088625 0.400559 -0.044352 0.910896
1642689314.633263 385.066783 -718.539787 -95.480734 0.086941 0.403220 -0.044677 0.909867
1642689314.666597 386.159747 -719.787656 -95.757564 0.085309 0.405677 -0.045326 0.908897
1642689314.699930 386.607271 -720.298954 -95.870914 0.084746 0.406586 -0.046295 0.908495
1642689314.733263 387.602870 -721.434930 -96.122920 0.083626 0.408662 -0.046820 0.907640
1642689314.766597 388.699407 -722.685840 -96.400460 0.082506 0.410715 -0.046449 0.906834
1642689314.799930 389.747629 -723.881094 -96.665658 0.081918 0.412479 -0.045040 0.906158
1642689314.833263 390.897429 -725.191425 -96.956400 0.081220 0.414342 -0.043084 0.905466
1642689314.866597 391.998908 -726.445829 -97.234808 0.080305 0.415936 -0.041201 0.904904
1642689314.899930 393.051953 -727.644186 -97.500860 0.079367 0.417113 -0.039569 0.904518
1642689314.933263 394.207378 -728.957863 -97.792628 0.078472 0.418751 -0.037388 0.903931
1642689314.966597 394.609910 -729.414367 -97.894251 0.078159 0.419559 -0.035993 0.903640
1642689314.999930 395.516252 -730.443566 -98.123424 0.077397 0.421521 -0.033791 0.902878
1642689315.033263 396.676186 -731.759605 -98.416664 0.076385 0.424604 -0.031226 0.901610
1642689315.066597 397.787665 -733.019627 -98.697270 0.075479 0.427614 -0.029231 0.900330
1642689315.099930 398.850366 -734.223338 -98.965082 0.074021 0.430636 -0.027771 0.899056
1642689315.133263 400.015858 -735.542758 -99.258415 0.072090 0.433879 -0.026682 0.897686
1642689315.166597 400.674776 -736.289107 -99.424427 0.070694 0.435131 -0.027188 0.897176
1642689315.199930 401.588443 -737.323293 -99.654312 0.069610 0.437218 -0.027021 0.896251
1642689315.233263 402.757418 -738.646061 -99.948214 0.068544 0.439884 -0.026366 0.895046
1642689315.266597 403.877171 -739.912628 -100.229532 0.067449 0.442425 -0.025407 0.893905
1642689315.299930 404.947476 -741.122749 -100.498349 0.066502 0.444735 -0.024890 0.892843
1642689315.333263 406.121329 -742.449342 -100.793023 0.065562 0.447444 -0.024071 0.891581
1642689315.366597 406.786136 -743.198358 -100.959599 0.065098 0.448790 -0.024201 0.890935
1642689315.399930 407.706633 -744.237854 -101.190393 0.064671 0.450188 -0.023072 0.890290
1642689315.433263 408.884179 -745.567624 -101.485426 0.064545 0.451767 -0.021340 0.889542
1642689315.466597 410.012330 -746.841017 -101.767844 0.064710 0.453456 -0.019032 0.888723
1642689315.499930 411.090842 -748.057601 -102.037720 0.064484 0.455345 -0.016565 0.887822
1642689315.533263 412.273750 -749.391133 -102.333743 0.063594 0.457284 -0.014528 0.886925
1642689315.566597 413.406930 -750.667953 -102.617215 0.062651 0.458939 -0.013615 0.886152
1642689315.599930 414.490225 -751.888031 -102.887870 0.061961 0.460039 -0.013096 0.885637
1642689315.633263 415.006439 -752.469289 -103.016643 0.061377 0.459925 -0.012675 0.885744
1642689315.666597 415.988689 -753.574744 -103.261533 0.061273 0.460522 -0.011826 0.885452
1642689315.699930 417.075619 -754.797700 -103.532419 0.061198 0.461240 -0.010501 0.885100
1642689315.733263 418.267680 -756.138354 -103.829433 0.061068 0.461718 -0.008964 0.884877
1642689315.766597 419.409663 -757.421865 -104.113816 0.060547 0.462198 -0.007870 0.884672
1642689315.799930 420.501373 -758.648092 -104.385481 0.059638 0.462713 -0.007009 0.884472
1642689315.833263 421.698763 -759.992346 -104.683288 0.058146 0.463112 -0.005878 0.884371
1642689315.866597 422.845699 -761.279487 -104.968404 0.056627 0.463352 -0.005069 0.884349
1642689315.899930 423.941969 -762.509373 -105.240782 0.055267 0.463467 -0.004457 0.884378
1642689315.933263 425.144352 -763.857792 -105.539373 0.053899 0.463590 -0.004072 0.884400
1642689315.966597 426.296163 -765.149034 -105.825265 0.052904 0.463507 -0.003863 0.884504
1642689315.999930 427.397242 -766.382962 -106.098306 0.052443 0.463244 -0.003466 0.884671
1642689316.033263 428.605023 -767.735861 -106.397434 0.052278 0.462752 -0.002463 0.884942
1642689316.066597 429.761943 -769.031209 -106.683770 0.052210 0.462159 -0.001254 0.885258
1642689316.099930 429.604153 -768.855504 -106.644419 0.053385 0.461423 -0.000864 0.885572
1642689316.133263 430.657044 -770.034101 -106.905049 0.053787 0.460830 0.000542 0.885857
1642689316.166597 431.816699 -771.331497 -107.192002 0.054087 0.459939 0.001941 0.886300
1642689316.199930 432.925238 -772.570862 -107.466236 0.054037 0.459112 0.002862 0.886729
1642689316.233263 434.141221 -773.929662 -107.767040 0.054139 0.458573 0.004110 0.886997
1642689316.266597 435.306086 -775.230874 -108.055241 0.054830 0.458329 0.005671 0.887072
1642689316.299930 436.419649 -776.474242 -108.330653 0.055753 0.458302 0.007460 0.887015
1642689316.333263 437.641069 -777.837282 -108.632484 0.056651 0.458175 0.009119 0.887008
1642689316.366597 438.810964 -779.142252 -108.921381 0.057113 0.457858 0.010017 0.887132
1642689316.399930 439.929038 -780.389030 -109.197332 0.057352 0.457330 0.010165 0.887387
1642689316.433263 440.195665 -780.685929 -109.262684 0.058126 0.456814 0.007492 0.887630
1642689316.466597 441.208757 -781.815152 -109.512465 0.058721 0.455697 0.008612 0.888154
1642689316.499930 442.330079 -783.064207 -109.788592 0.059430 0.454429 0.010399 0.888738
1642689316.533263 443.560040 -784.433537 -110.091116 0.060515 0.452856 0.012562 0.889439
1642689316.566597 444.738215 -785.744583 -110.380667 0.061671 0.450971 0.014371 0.890289
1642689316.599930 445.864479 -786.997217 -110.657331 0.062806 0.449058 0.015949 0.891150
1642689316.633263 446.616427 -787.833036 -110.842123 0.063780 0.447845 0.016884 0.891674
1642689316.666597 447.637949 -788.967894 -111.093085 0.064851 0.446532 0.018339 0.892226
1642689316.699930 448.768535 -790.223125 -111.370865 0.065360 0.445152 0.019250 0.892859
1642689316.733263 450.008646 -791.599055 -111.675570 0.065464 0.443956 0.020020 0.893430
1642689316.766597 451.196614 -792.916299 -111.967441 0.065161 0.442892 0.020641 0.893965
1642689316.799930 452.332150 -794.174791 -112.246322 0.064293 0.441752 0.021151 0.894580
1642689316.833263 453.577615 -795.554627 -112.551921 0.063465 0.440420 0.021777 0.895281
1642689316.866597 454.770669 -796.875881 -112.844396 0.062914 0.438968 0.022721 0.896009
1642689316.899930 455.910955 -798.138305 -113.123860 0.062213 0.437447 0.023763 0.896775
1642689316.933263 457.161422 -799.522462 -113.430371 0.061604 0.435476 0.024557 0.897754
1642689316.966597 457.433516 -799.824057 -113.496971 0.061663 0.434686 0.025252 0.898114
1642689316.999930 458.414125 -800.908896 -113.737099 0.061781 0.433275 0.026113 0.898762
1642689317.033263 459.668649 -802.296363 -114.044276 0.062012 0.431174 0.026968 0.899731
1642689317.066597 460.870408 -803.624822 -114.338477 0.062400 0.429054 0.027671 0.900696
1642689317.099930 462.019272 -804.894051 -114.619615 0.062722 0.427064 0.028427 0.901596
1642689317.133263 463.279428 -806.285516 -114.927909 0.063224 0.424965 0.029506 0.902517
1642689317.166597 464.486557 -807.617759 -115.223202 0.063793 0.423173 0.030763 0.903277
1642689317.199930 465.640403 -808.890584 -115.505469 0.064338 0.421627 0.031889 0.903922
1642689317.233263 466.190594 -809.497184 -115.640186 0.064595 0.421007 0.032242 0.904180
1642689317.266597 467.236721 -810.650181 -115.895998 0.064738 0.419792 0.032718 0.904717
1642689317.299930 468.394254 -811.925704 -116.179031 0.064872 0.418385 0.033351 0.905336
1642689317.333263 469.663763 -813.324058 -116.489385 0.064995 0.416909 0.034174 0.905977
1642689317.366597 470.879725 -814.663103 -116.786619 0.065556 0.415358 0.035055 0.906615
1642689317.399930 472.041986 -815.942706 -117.070672 0.066263 0.414076 0.035995 0.907113
1642689317.433263 473.316793 -817.345671 -117.382144 0.067213 0.412771 0.037159 0.907591
1642689317.466597 474.537989 -818.688999 -117.680484 0.068142 0.411720 0.038387 0.907948
1642689317.499930 475.705377 -819.972476 -117.965670 0.068730 0.411091 0.039709 0.908132
1642689317.533263 476.985868 -821.379548 -118.278430 0.069166 0.410498 0.041300 0.908296
1642689317.566597 477.264971 -821.685711 -118.346550 0.069160 0.410770 0.041975 0.908143
1642689317.599930 478.268955 -822.788120 -118.591570 0.069216 0.410321 0.043271 0.908281
1642689317.633263 479.553318 -824.198066 -118.904858 0.068819 0.409540 0.044583 0.908599
1642689317.666597 480.783534 -825.548057 -119.204803 0.068267 0.408820 0.045542 0.908918
1642689317.699930 481.959410 -826.838086 -119.491445 0.067768 0.408009 0.046446 0.909274
1642689317.733263 483.249169 -828.252680 -119.805787 0.067667 0.407392 0.047737 0.909491
1642689317.766597 484.484746 -829.607332 -120.106820 0.067896 0.407058 0.049439 0.909533
1642689317.799930 485.665847 -830.901733 -120.394457 0.068082 0.406570 0.050931 0.909655
1642689317.833263 486.961226 -832.320874 -120.709806 0.068181 0.405891 0.052268 0.909875
1642689317.866597 488.202006 -833.679746 -121.011764 0.068385 0.405012 0.053644 0.910171
1642689317.899930 489.388066 -834.978147 -121.300245 0.068781 0.404053 0.054947 0.910490
1642689317.933263 490.688957 -836.401720 -121.616505 0.069447 0.402754 0.056528 0.910918
1642689317.966597 490.745050 -836.464092 -121.630139 0.069993 0.402197 0.058534 0.910995
1642689317.999930 491.764583 -837.579398 -121.877911 0.070724 0.400944 0.059779 0.911410
1642689318.033263 493.069155 -839.005764 -122.194909 0.071664 0.399563 0.061460 0.911831
1642689318.066597 494.318841 -840.371373 -122.498498 0.072403 0.398339 0.063040 0.912201
1642689318.099930 495.513428 -841.675975 -122.788629 0.072679 0.397171 0.064682 0.912573
1642689318.133263 496.823765 -843.106108 -123.106818 0.072996 0.395987 0.066642 0.912921
1642689318.166597 498.079040 -844.475328 -123.411584 0.073213 0.395127 0.068752 0.913120
1642689318.199930 499.278956 -845.783456 -123.702862 0.073211 0.394565 0.070826 0.913204
1642689318.233263 500.595018 -847.217498 -124.022298 0.073217 0.393960 0.073608 0.913245
1642689318.266597 501.855681 -848.590456 -124.328196 0.073177 0.393428 0.076408 0.913248
1642689318.299930 502.142082 -848.902972 -124.397646 0.072886 0.393612 0.078024 0.913055
1642689318.333263 503.290124 -850.152466 -124.676058 0.072640 0.393149 0.080978 0.913017
1642689318.366597 504.554740 -851.528060 -124.982589 0.072040 0.392862 0.084416 0.912877
1642689318.399930 505.763574 -852.842256 -125.275473 0.071502 0.392587 0.088167 0.912682
1642689318.433263 507.089333 -854.282867 -125.596590 0.070567 0.392168 0.092346 0.912522
1642689318.466597 508.359084 -855.662116 -125.904037 0.069662 0.391553 0.096723 0.912402
1642689318.499930 509.051474 -856.415103 -126.071646 0.068345 0.390794 0.102230 0.912227
1642689318.533263 510.207587 -857.671083 -126.351397 0.066973 0.389840 0.107721 0.912105
1642689318.566597 511.481442 -859.053907 -126.659368 0.066080 0.388792 0.111718 0.912137
1642689318.599930 512.699048 -860.375283 -126.953535 0.065546 0.387489 0.115531 0.912255
1642689318.633263 514.034473 -861.824090 -127.275951 0.065314 0.385908 0.119667 0.912408
1642689318.666597 515.313616 -863.211448 -127.584595 0.065204 0.384177 0.123633 0.912618
1642689318.699930 516.011992 -863.969029 -127.753099 0.065576 0.382880 0.126098 0.912799
1642689318.733263 517.177282 -865.232227 -128.034176 0.065970 0.380922 0.130054 0.913035
1642689318.766597 518.460764 -866.623198 -128.343666 0.066571 0.378878 0.134273 0.913231
1642689318.799930 519.687564 -867.952300 -128.639386 0.067248 0.376732 0.138183 0.913486
1642689318.833263 521.033201 -869.409554 -128.963595 0.068383 0.374252 0.141754 0.913874
1642689318.866597 522.322337 -870.804961 -129.274019 0.069624 0.371974 0.144626 0.914260
1642689318.899930 523.025611 -871.566935 -129.443280 0.070372 0.370657 0.147025 0.914355
1642689318.933263 524.199946 -872.837632 -129.726214 0.072079 0.368579 0.149600 0.914644
1642689318.966597 525.493601 -874.236653 -130.037787 0.074170 0.366342 0.152565 0.914886
1642689318.999930 526.730233 -875.573498 -130.335598 0.076449 0.364200 0.155897 0.914992
1642689319.033263 528.086672 -877.039221 -130.662152 0.079123 0.361903 0.160186 0.914935
1642689319.066597 529.386102 -878.442739 -130.974917 0.081914 0.359649 0.164876 0.914745
1642689319.099930 530.095192 -879.209388 -131.145516 0.083741 0.358220 0.169409 0.914312
1642689319.133263 531.279054 -880.487284 -131.430411 0.086856 0.356063 0.174486 0.913909
1642689319.166597 532.582920 -881.894334 -131.744087 0.090111 0.353456 0.180053 0.913526
1642689319.199930 533.829162 -883.238597 -132.043753 0.092827 0.350984 0.184502 0.913319
1642689319.233263 534.838331 -884.327978 -132.286350 0.094243 0.348806 0.188745 0.913142
1642689319.266597 535.968268 -885.546222 -132.557864 0.096284 0.346439 0.190807 0.913402
1642689319.299930 537.218759 -886.893630 -132.858157 0.098061 0.343926 0.192233 0.913863
1642689319.333263 538.590280 -888.370688 -133.187332 0.099595 0.341261 0.192684 0.914601
1642689319.366597 539.903959 -889.784894 -133.502617 0.101007 0.338838 0.192314 0.915424
1642689319.399930 541.159556 -891.136015 -133.804012 0.102335 0.336610 0.191415 0.916287
1642689319.433263 542.536637 -892.617146 -134.134600 0.103530 0.334354 0.190241 0.917222
1642689319.466597 543.855811 -894.035312 -134.451218 0.105069 0.332191 0.189443 0.917998
1642689319.499930 544.396418 -894.615973 -134.580656 0.105881 0.331239 0.188810 0.918380
1642689319.533263 545.598030 -895.907051 -134.869049 0.107373 0.329208 0.188467 0.919007
1642689319.566597 546.921743 -897.328475 -135.186414 0.109093 0.327079 0.188190 0.919621
1642689319.599930 548.187003 -898.686580 -135.489753 0.110788 0.324866 0.187983 0.920245
1642689319.633263 549.574730 -900.175519 -135.822409 0.112788 0.322366 0.187648 0.920949
1642689319.666597 550.904073 -901.601189 -136.140999 0.114897 0.320043 0.187235 0.921582
1642689319.699930 552.174775 -902.963422 -136.445447 0.117062 0.317875 0.186636 0.922182
1642689319.733263 553.568455 -904.456940 -136.779264 0.119518 0.315473 0.185684 0.922883
1642689319.766597 554.052390 -904.977626 -136.895208 0.120895 0.314604 0.184780 0.923182
1642689319.799930 555.145020 -906.148111 -137.156716 0.122931 0.312932 0.183267 0.923783
1642689319.833263 556.542932 -907.644967 -137.491398 0.125655 0.311087 0.181391 0.924410
1642689319.866597 557.881940 -909.078123 -137.811996 0.128240 0.309480 0.179676 0.924929
1642689319.899930 559.161816 -910.447351 -138.118407 0.130501 0.308144 0.178013 0.925380
1642689319.933263 560.565515 -911.948319 -138.454399 0.132799 0.307064 0.175786 0.925838
1642689319.966597 561.910006 -913.385325 -138.776194 0.134714 0.306241 0.173072 0.926345
1642689319.999930 563.195038 -914.758163 -139.083697 0.136546 0.305657 0.169729 0.926888
1642689320.033263 563.806706 -915.412490 -139.229748 0.137246 0.306037 0.166190 0.927300
1642689320.066597 564.971501 -916.656277 -139.508530 0.138854 0.306052 0.161985 0.927800
1642689320.099930 566.260554 -918.031797 -139.816773 0.140490 0.306244 0.157579 0.928249
1642689320.133263 567.674393 -919.539603 -140.154779 0.142098 0.306502 0.153094 0.928669
1642689320.166597 569.028751 -920.983148 -140.478470 0.143746 0.306892 0.149395 0.928889
1642689320.199930 570.323247 -922.362157 -140.787726 0.145036 0.307283 0.146040 0.929093
1642689320.233263 571.184995 -923.283808 -140.993451 0.144941 0.307163 0.146017 0.929151
1642689320.266597 572.358103 -924.533356 -141.273426 0.145398 0.307676 0.142471 0.929461
1642689320.299930 573.656467 -925.915222 -141.583136 0.145693 0.308485 0.138566 0.929736
1642689320.333263 575.080326 -927.429995 -141.922777 0.145985 0.309401 0.134221 0.930024
1642689320.366597 576.444064 -928.880118 -142.248133 0.146211 0.310291 0.129876 0.930309
1642689320.399930 577.747555 -930.265475 -142.559084 0.146314 0.311444 0.125701 0.930481
1642689320.433263 578.616112 -931.190319 -142.766233 0.147043 0.312328 0.121476 0.930630
1642689320.466597 579.798052 -932.445593 -143.048081 0.147860 0.313293 0.117601 0.930675
1642689320.499930 581.105786 -933.834383 -143.359890 0.149198 0.314302 0.113652 0.930611
1642689320.533263 582.539950 -935.356892 -143.701847 0.150869 0.315238 0.109491 0.930524
1642689320.566597 583.913596 -936.814638 -144.029417 0.152772 0.316009 0.105903 0.930367
1642689320.599930 585.226473 -938.207382 -144.342503 0.154919 0.316790 0.102798 0.930095
1642689320.633263 586.666318 -939.734142 -144.685845 0.157383 0.317597 0.099501 0.929765
1642689320.666597 588.045426 -941.195935 -145.014613 0.159980 0.318316 0.096072 0.929436
1642689320.699930 588.609019 -941.794941 -145.148805 0.161154 0.318542 0.096684 0.929092
1642689320.733263 589.865031 -943.125391 -145.447949 0.163678 0.319131 0.093167 0.928808
1642689320.766597 591.248199 -944.590116 -145.777280 0.166246 0.320116 0.089317 0.928391
1642689320.799930 592.570131 -945.989379 -146.091894 0.168553 0.321083 0.085484 0.928002
1642689320.833263 594.019827 -947.523178 -146.436799 0.170743 0.322109 0.081241 0.927627
1642689320.866597 595.408411 -948.991561 -146.767088 0.172635 0.323215 0.076980 0.927256
1642689320.899930 596.735685 -950.394393 -147.082698 0.174256 0.324373 0.072773 0.926888
1642689320.933263 598.191409 -951.932199 -147.428742 0.176104 0.325609 0.068051 0.926464
1642689320.966597 598.698505 -952.466692 -147.549391 0.176976 0.326676 0.064853 0.926151
1642689320.999930 599.840166 -953.671444 -147.820455 0.178504 0.328126 0.061590 0.925568
1642689321.033263 601.300471 -955.212409 -148.167331 0.180432 0.329747 0.057517 0.924880
1642689321.066597 602.699232 -956.687737 -148.499515 0.182169 0.331311 0.054236 0.924178
1642689321.099930 604.036144 -958.097262 -148.816956 0.183977 0.332670 0.051176 0.923507
1642689321.133263 605.502339 -959.642393 -149.164990 0.185971 0.334277 0.047712 0.922712
1642689321.166597 606.906702 -961.121621 -149.498185 0.187874 0.335784 0.044188 0.921955
1642689321.199930 608.248918 -962.534816 -149.816496 0.189503 0.337200 0.040836 0.921258
1642689321.233263 608.889162 -963.206609 -149.968253 0.189827 0.338028 0.040070 0.920922
1642689321.266597 610.105709 -964.486573 -150.256555 0.190993 0.339225 0.036313 0.920396
1642689321.299930 611.451680 -965.902321 -150.575390 0.192326 0.340548 0.031974 0.919791
1642689321.333263 612.927730 -967.454240 -150.924913 0.193766 0.341937 0.027227 0.919126
1642689321.366597 614.341449 -968.939963 -151.259588 0.195183 0.343127 0.023040 0.918497
1642689321.399930 615.692635 -970.359361 -151.579369 0.196204 0.344411 0.019354 0.917884
1642689321.433263 616.595303 -971.304818 -151.792973 0.197464 0.345787 0.015563 0.917168
1642689321.466597 617.820723 -972.590392 -152.082641 0.198223 0.347034 0.012192 0.916584
1642689321.499930 619.176490 -974.012524 -152.403097 0.198781 0.348452 0.007999 0.915971
1642689321.533263 620.663261 -975.571191 -152.754354 0.199103 0.350276 0.002844 0.915236
1642689321.566597 622.087289 -977.063159 -153.090580 0.199002 0.352211 -0.002435 0.914516
1642689321.599930 623.448363 -978.488304 -153.411733 0.198552 0.354298 -0.007307 0.913782
1642689321.633263 624.357109 -979.439123 -153.626016 0.197318 0.355871 -0.009787 0.913414
1642689321.666597 625.591015 -980.730234 -153.917220 0.196217 0.357906 -0.012730 0.912820
1642689321.699930 626.956512 -982.158197 -154.239342 0.195199 0.360193 -0.016447 0.912079
1642689321.733263 628.454182 -983.723449 -154.592505 0.193906 0.362784 -0.020320 0.911250
1642689321.766597 629.888771 -985.221923 -154.930616 0.192581 0.365447 -0.023892 0.910379
1642689321.799930 631.259956 -986.653353 -155.253617 0.191126 0.368030 -0.027536 0.909542
1642689321.833263 632.175668 -987.606571 -155.469055 0.190032 0.370008 -0.030707 0.908867
1642689321.866597 633.418895 -988.903160 -155.761800 0.188697 0.371998 -0.033887 0.908219
1642689321.899930 634.794393 -990.337311 -156.085485 0.187380 0.373994 -0.037087 0.907547
1642689321.933263 636.302731 -991.909452 -156.440263 0.186218 0.375770 -0.040224 0.906919
1642689321.966597 637.747305 -993.414650 -156.779853 0.185425 0.377170 -0.042478 0.906397
1642689321.999930 639.127865 -994.852611 -157.104196 0.184706 0.378085 -0.044217 0.906080
1642689322.033263 640.641770 -996.428767 -157.459711 0.183837 0.378895 -0.046285 0.905814
1642689322.066597 642.091754 -997.937601 -157.800083 0.182988 0.379645 -0.048393 0.905563
1642689322.099930 642.688897 -998.551531 -157.939789 0.184209 0.380359 -0.054492 0.904669
1642689322.133263 644.010579 -999.924726 -158.249808 0.182972 0.380896 -0.056747 0.904555
1642689322.166597 645.466221 -1001.436349 -158.591021 0.181202 0.381629 -0.059215 0.904444
1642689322.199930 646.857641 -1002.880220 -158.916928 0.179313 0.382453 -0.061710 0.904306
1642689322.233263 648.383724 -1004.462618 -159.274104 0.176513 0.383415 -0.064583 0.904248
1642689322.266597 649.845522 -1005.977169 -159.616005 0.173124 0.384320 -0.067447 0.904310
1642689322.299930 651.242796 -1007.423745 -159.942613 0.169153 0.385288 -0.070148 0.904445
1642689322.333263 652.775321 -1009.009150 -160.300652 0.164545 0.386406 -0.073251 0.904572
1642689322.366597 653.308984 -1009.561235 -160.425378 0.161284 0.386799 -0.073161 0.904998
1642689322.399930 654.510187 -1010.803426 -160.705855 0.156862 0.387487 -0.073778 0.905431
1642689322.433263 656.047124 -1012.391773 -161.064520 0.151695 0.388511 -0.075702 0.905714
1642689322.466597 657.519135 -1013.912332 -161.407850 0.146815 0.389014 -0.077111 0.906183
1642689322.499930 658.925940 -1015.364893 -161.735842 0.142177 0.389010 -0.078308 0.906821
1642689322.533263 660.468724 -1016.957090 -162.095376 0.137114 0.388810 -0.079394 0.907592
1642689322.566597 661.946394 -1018.481343 -162.439586 0.132587 0.388365 -0.080303 0.908375
1642689322.599930 663.358670 -1019.937507 -162.768445 0.128365 0.387920 -0.081046 0.909105
1642689322.633263 664.031671 -1020.632058 -162.925190 0.126599 0.386756 -0.080551 0.909892
1642689322.666597 665.311454 -1021.951447 -163.223142 0.123372 0.385659 -0.081467 0.910719
1642689322.699930 666.727619 -1023.411127 -163.552689 0.120389 0.384426 -0.081979 0.911594
1642689322.733263 668.280624 -1025.011370 -163.914012 0.117434 0.382792 -0.082374 0.912631
1642689322.766597 669.767996 -1026.543368 -164.260011 0.114595 0.381132 -0.083170 0.913613
1642689322.799930 671.189524 -1028.006945 -164.590621 0.112006 0.379581 -0.084254 0.914480
1642689322.833263 672.748396 -1029.611320 -164.953120 0.109397 0.377776 -0.085642 0.915414
1642689322.866597 674.241439 -1031.147374 -165.300297 0.107100 0.375928 -0.086845 0.916333
1642689322.899930 674.854812 -1031.774978 -165.442878 0.107373 0.375778 -0.091770 0.915882
1642689322.933263 676.215168 -1033.173136 -165.758900 0.105655 0.374342 -0.091872 0.916659
1642689322.966597 677.713463 -1034.712363 -166.106943 0.103790 0.372595 -0.091750 0.917596
1642689322.999930 679.145395 -1036.182668 -166.439595 0.101778 0.370965 -0.091633 0.918493
1642689323.033263 680.715780 -1037.794137 -166.804491 0.099207 0.369352 -0.091819 0.919405
1642689323.066597 682.219989 -1039.336686 -167.154054 0.096549 0.368341 -0.092109 0.920065
1642689323.099930 683.657682 -1040.810258 -167.488185 0.093876 0.367594 -0.092228 0.920628
1642689323.133263 685.234303 -1042.425561 -167.854637 0.090749 0.366833 -0.091567 0.921311
1642689323.166597 686.744369 -1043.971996 -168.205564 0.087959 0.366081 -0.090612 0.921975
1642689323.199930 688.187609 -1045.449367 -168.540834 0.085558 0.365504 -0.089421 0.922546
1642689323.233263 689.770269 -1047.068719 -168.908415 0.082897 0.364742 -0.088080 0.923219
1642689323.266597 691.286012 -1048.618723 -169.260336 0.079939 0.363999 -0.087014 0.923874
1642689323.299930 692.734509 -1050.099214 -169.596424 0.076619 0.362759 -0.086430 0.924697
1642689323.333263 694.322767 -1051.721902 -169.964689 0.073336 0.360996 -0.085681 0.925723
1642689323.366597 694.046616 -1051.441511 -169.900110 0.073325 0.360358 -0.082119 0.926295
1642689323.399930 695.290563 -1052.712036 -170.187942 0.070899 0.358609 -0.079026 0.927431
1642689323.433263 696.882259 -1054.336907 -170.556614 0.067830 0.356381 -0.075483 0.928813
1642689323.466597 698.406846 -1055.892254 -170.909879 0.065026 0.354663 -0.071746 0.929967
1642689323.499930 699.864089 -1057.377935 -171.247649 0.062213 0.353547 -0.068293 0.930844
1642689323.533263 701.462354 -1059.006299 -171.618242 0.059054 0.352700 -0.064584 0.931635
1642689323.566597 702.366746 -1059.927758 -171.827990 0.057384 0.352939 -0.062028 0.931823
1642689323.599930 703.620370 -1061.203781 -172.118585 0.055511 0.352781 -0.059355 0.932170
1642689323.633263 705.224048 -1062.835984 -172.490435 0.053773 0.352624 -0.055636 0.932561
1642689323.666597 706.760222 -1064.398858 -172.846279 0.052903 0.352465 -0.051719 0.932896
1642689323.699930 708.228574 -1065.892155 -173.185898 0.052954 0.351883 -0.048147 0.933304
1642689323.733263 709.838850 -1067.528983 -173.558102 0.053181 0.351240 -0.044065 0.933735
1642689323.766597 710.749872 -1068.454493 -173.768796 0.053500 0.350664 -0.040979 0.934074
1642689323.799930 712.012422 -1069.736575 -174.060884 0.053507 0.350026 -0.036804 0.934486
1642689323.833263 713.627354 -1071.375876 -174.434633 0.053039 0.349426 -0.031296 0.934938
1642689323.866597 715.174142 -1072.944959 -174.792762 0.051751 0.349317 -0.026488 0.935199
1642689323.899930 716.652727 -1074.443761 -175.135049 0.049952 0.349673 -0.022789 0.935261
1642689323.933263 718.274559 -1076.086766 -175.510307 0.047755 0.350607 -0.019388 0.935103
1642689323.966597 719.192350 -1077.016553 -175.722475 0.046268 0.351675 -0.018088 0.934803
1642689323.999930 720.464506 -1078.304223 -176.016762 0.044843 0.352905 -0.015861 0.934449
1642689324.033263 722.091770 -1079.951044 -176.393173 0.043091 0.354511 -0.013090 0.933967
1642689324.066597 723.650206 -1081.527675 -176.753585 0.041552 0.355758 -0.010189 0.933598
1642689324.099930 725.139661 -1083.033976 -177.097846 0.040224 0.356979 -0.006856 0.933221
1642689324.133263 726.773064 -1084.685194 -177.475187 0.039045 0.358164 -0.002497 0.932839
1642689324.166597 728.337369 -1086.265910 -177.836456 0.037959 0.359254 0.002128 0.932465
1642689324.199930 729.832343 -1087.775864 -178.181641 0.036718 0.360164 0.006150 0.932146
1642689324.233263 730.545005 -1088.495481 -178.346225 0.035800 0.360625 0.008169 0.931988
1642689324.266597 731.900067 -1089.863137 -178.659266 0.034544 0.361745 0.011455 0.931567
1642689324.299930 733.399818 -1091.376079 -179.005603 0.033175 0.363492 0.015037 0.930885
1642689324.333263 735.044869 -1093.034700 -179.385361 0.032167 0.365657 0.019139 0.929997
1642689324.366597 736.620598 -1094.622783 -179.748980 0.031543 0.367778 0.023027 0.929093
1642689324.399930 738.126621 -1096.140019 -180.096362 0.031559 0.369763 0.026424 0.928214
1642689324.433263 739.778195 -1097.803085 -180.477219 0.031599 0.372055 0.029748 0.927196
1642689324.466597 741.359987 -1099.395067 -180.841947 0.031524 0.374069 0.032622 0.926291
1642689324.499930 742.006970 -1100.046408 -180.991144 0.031684 0.374853 0.034518 0.925900
1642689324.533263 743.447429 -1101.495292 -181.323349 0.031912 0.376777 0.037757 0.924984
1642689324.566597 745.033864 -1103.090192 -181.689063 0.032397 0.379078 0.041563 0.923863
1642689324.599930 746.550122 -1104.613756 -182.038494 0.033108 0.381366 0.045224 0.922723
1642689324.633263 748.212782 -1106.283607 -182.421579 0.033429 0.383448 0.048805 0.921666
1642689324.666597 749.805063 -1107.882003 -182.788428 0.033347 0.385315 0.051495 0.920744
1642689324.699930 750.674282 -1108.754466 -182.988622 0.033058 0.386304 0.052794 0.920266
1642689324.733263 752.124716 -1110.209270 -183.322596 0.032895 0.387975 0.055792 0.919391
1642689324.766597 753.721934 -1111.810765 -183.690190 0.032748 0.389705 0.059564 0.918428
1642689324.799930 755.248474 -1113.340652 -184.041375 0.032662 0.391423 0.063311 0.917449
1642689324.833263 756.922447 -1115.017527 -184.426324 0.032513 0.393133 0.067321 0.916437
1642689324.866597 758.525577 -1116.622742 -184.794858 0.032004 0.394523 0.071148 0.915568
1642689324.899930 759.400659 -1117.498966 -184.996037 0.031603 0.394900 0.073237 0.915255
1642689324.933263 760.860818 -1118.960123 -185.331367 0.031105 0.395805 0.076619 0.914604
1642689324.966597 762.468738 -1120.568700 -185.700480 0.030568 0.396639 0.079905 0.913979
1642689324.999930 764.005384 -1122.105401 -186.053054 0.029999 0.397314 0.083006 0.913428
1642689325.033263 765.690311 -1123.789739 -186.439579 0.029124 0.397779 0.085916 0.912985
1642689325.066597 767.303946 -1125.402148 -186.809660 0.028199 0.398163 0.088430 0.912607
1642689325.099930 768.846167 -1126.942586 -187.163248 0.027207 0.398623 0.090669 0.912217
1642689325.133263 770.537471 -1128.631326 -187.550918 0.026420 0.399088 0.093287 0.911772
1642689325.166597 771.124688 -1129.220242 -187.685694 0.025810 0.399235 0.097136 0.911323
1642689325.199930 772.450851 -1130.543405 -187.989620 0.025695 0.399741 0.099125 0.910890
1642689325.233263 774.147378 -1132.235940 -188.378438 0.025883 0.400654 0.101509 0.910221
1642689325.266597 775.772401 -1133.856471 -188.750875 0.026510 0.401679 0.103805 0.909492
1642689325.299930 777.325606 -1135.404653 -189.106747 0.027131 0.402791 0.105759 0.908756
1642689325.333263 779.028866 -1137.101692 -189.496938 0.027823 0.404201 0.107045 0.907958
1642689325.366596 780.660029 -1138.726298 -189.870569 0.028531 0.405497 0.108043 0.907240
1642689325.399930 782.218840 -1140.278295 -190.227508 0.029263 0.406659 0.109105 0.906570
1642689325.433263 783.928123 -1141.979450 -190.618723 0.030111 0.407819 0.110386 0.905865
1642689325.466597 785.565100 -1143.607883 -190.993298 0.030813 0.408828 0.112353 0.905145
1642689325.499930 785.937025 -1143.977675 -191.078213 0.030750 0.409097 0.113426 0.904892
1642689325.533263 787.427572 -1145.459197 -191.419267 0.031127 0.410379 0.115829 0.903993
1642689325.566597 789.069197 -1147.089999 -191.794789 0.031651 0.411979 0.118735 0.902870
1642689325.599930 790.638218 -1148.647761 -192.153595 0.031880 0.413611 0.121247 0.901781
1642689325.633263 792.358863 -1150.355213 -192.546961 0.031837 0.415449 0.123746 0.900597
1642689325.666597 794.006807 -1151.989826 -192.923588 0.031921 0.417130 0.125950 0.899511
1642689325.699930 795.581720 -1153.551478 -193.283426 0.032282 0.418657 0.128206 0.898470
1642689325.733263 797.308639 -1155.263266 -193.677879 0.032633 0.420223 0.130722 0.897362
1642689325.766597 797.909350 -1155.859126 -193.814989 0.032623 0.420814 0.131462 0.896978
1642689325.799930 799.262753 -1157.200173 -194.124079 0.032704 0.421954 0.133353 0.896160
1642689325.833263 800.993868 -1158.915022 -194.519132 0.032636 0.423131 0.135612 0.895268
1642689325.866596 802.651757 -1160.556845 -194.897271 0.032846 0.424188 0.137785 0.894428
1642689325.899930 804.236160 -1162.125400 -195.258508 0.033204 0.425155 0.139785 0.893645
1642689325.933263 805.973447 -1163.844782 -195.654568 0.033673 0.426139 0.141839 0.892835
1642689325.966597 807.637156 -1165.490934 -196.033804 0.034389 0.426854 0.143808 0.892151
1642689325.999930 809.227053 -1167.063636 -196.396094 0.035320 0.427497 0.145735 0.891493
1642689326.033263 809.984794 -1167.813087 -196.568641 0.036775 0.427676 0.145328 0.891415
1642689326.066597 811.425839 -1169.237819 -196.897014 0.038173 0.428262 0.147361 0.890741
1642689326.099930 813.020495 -1170.813628 -197.260128 0.040102 0.429009 0.149591 0.889925
1642689326.133263 814.769242 -1172.541015 -197.658289 0.042571 0.429849 0.151844 0.889022
1642689326.166597 816.444077 -1174.194653 -198.039598 0.045101 0.430780 0.153995 0.888076
1642689326.199930 818.044654 -1175.774244 -198.403927 0.047393 0.431558 0.156242 0.887187
1642689326.233263 819.799625 -1177.505530 -198.803315 0.049634 0.432056 0.158556 0.886411
1642689326.266597 821.480198 -1179.162771 -199.185567 0.051661 0.432336 0.160782 0.885757
1642689326.299930 822.168090 -1179.840955 -199.341683 0.052078 0.432108 0.161754 0.885667
1642689326.333263 823.698318 -1181.348758 -199.689267 0.053367 0.432129 0.163811 0.885202
1642689326.366596 825.383327 -1183.008623 -200.071825 0.054623 0.431984 0.166340 0.884725
1642689326.399930 826.993544 -1184.594274 -200.437263 0.055330 0.431730 0.168804 0.884337
1642689326.433263 828.759200 -1186.332430 -200.837827 0.056111 0.431154 0.171421 0.884066
1642689326.466597 830.450239 -1187.996549 -201.221227 0.056844 0.430400 0.173680 0.883946
1642689326.499930 831.373562 -1188.905052 -201.430404 0.057149 0.429882 0.174385 0.884039
1642689326.533263 832.913653 -1190.419899 -201.779489 0.057856 0.429007 0.175630 0.884172
1642689326.566597 834.609526 -1192.087695 -202.163766 0.059008 0.427974 0.176977 0.884328
1642689326.599930 836.230265 -1193.681097 -202.530953 0.060454 0.427007 0.178565 0.884378
1642689326.633263 838.007584 -1195.427813 -202.933518 0.062382 0.425843 0.180664 0.884379
1642689326.666597 839.709769 -1197.100062 -203.318981 0.064465 0.424746 0.183077 0.884261
1642689326.699930 840.639195 -1198.012848 -203.529410 0.065855 0.424096 0.184536 0.884168
1642689326.733263 842.189655 -1199.534609 -203.880340 0.067926 0.423016 0.186477 0.884121
1642689326.766597 843.897009 -1201.209829 -204.266712 0.069920 0.421818 0.188681 0.884070
1642689326.799930 845.528762 -1202.810052 -204.635857 0.071638 0.420733 0.190880 0.883978
1642689326.833263 847.318190 -1204.564125 -205.040525 0.073561 0.419572 0.192893 0.883935
1642689326.866596 849.031989 -1206.243457 -205.427933 0.075658 0.418182 0.194533 0.884057
1642689326.899930 849.967985 -1207.160164 -205.639279 0.076880 0.417310 0.194827 0.884299
1642689326.933263 851.528896 -1208.688926 -205.992155 0.078819 0.416211 0.195554 0.884485
1642689326.966597 853.248114 -1210.371935 -206.380752 0.081345 0.415210 0.196363 0.884548
1642689326.999930 854.891239 -1211.979848 -206.752247 0.084292 0.414455 0.197126 0.884457
1642689327.033263 856.693140 -1213.742498 -207.159722 0.087483 0.413493 0.198114 0.884376
1642689327.066597 858.418993 -1215.430117 -207.549999 0.090829 0.412680 0.198795 0.884266
1642689327.099930 860.068496 -1217.042449 -207.922944 0.094080 0.411920 0.199261 0.884176
1642689327.133263 861.877469 -1218.809937 -208.331838 0.097741 0.411145 0.199702 0.884040
1642689327.166597 862.506967 -1219.424980 -208.473903 0.098981 0.411049 0.200412 0.883786
1642689327.199930 863.925422 -1220.809566 -208.794339 0.101810 0.410641 0.200349 0.883668
1642689327.233263 865.739454 -1222.580363 -209.204205 0.105382 0.410143 0.200044 0.883550
1642689327.266597 867.476817 -1224.275662 -209.596709 0.108800 0.409915 0.199196 0.883433
1642689327.299930 869.137167 -1225.895208 -209.971757 0.111914 0.409719 0.198007 0.883402
1642689327.333263 870.957827 -1227.670525 -210.382859 0.115163 0.409322 0.196328 0.883543
1642689327.366596 872.701373 -1229.370201 -210.776345 0.118353 0.408647 0.194179 0.883909
1642689327.399930 874.367508 -1230.993982 -211.152131 0.121036 0.407504 0.191772 0.884598
1642689327.433263 876.194496 -1232.773982 -211.563945 0.123766 0.406024 0.189280 0.885438
1642689327.466597 877.944265 -1234.478238 -211.958193 0.126556 0.404268 0.187224 0.886283
1642689327.499930 878.342478 -1234.865705 -212.047655 0.127530 0.403050 0.186385 0.886875
1642689327.533263 879.935700 -1236.416624 -212.406660 0.130993 0.401423 0.185922 0.887206
1642689327.566597 881.690703 -1238.124196 -212.802201 0.135470 0.399913 0.186033 0.887192
1642689327.599930 883.368017 -1239.755501 -213.180419 0.139756 0.398488 0.186749 0.887018
1642689327.633263 885.207329 -1241.543744 -213.595287 0.144670 0.396807 0.187692 0.886784
1642689327.666597 886.969002 -1243.255954 -213.992559 0.149691 0.395107 0.188089 0.886626
1642689327.699930 888.652776 -1244.891853 -214.372084 0.154700 0.393586 0.188113 0.886438
1642689327.733263 890.499197 -1246.685145 -214.788103 0.160074 0.391848 0.187944 0.886289
1642689327.766597 891.142000 -1247.308864 -214.932472 0.162072 0.391062 0.187080 0.886456
1642689327.799930 892.589177 -1248.713523 -215.258503 0.166108 0.389612 0.186306 0.886510
1642689327.833263 894.440111 -1250.509510 -215.675387 0.170980 0.387646 0.184757 0.886770
1642689327.866596 896.212697 -1252.228399 -216.074402 0.175183 0.385639 0.182768 0.887237
1642689327.899930 897.906915 -1253.869941 -216.455408 0.177955 0.384064 0.180515 0.887830
1642689327.933263 899.764827 -1255.668643 -216.872988 0.179777 0.382807 0.177082 0.888696
1642689327.966597 900.816295 -1256.685787 -217.109060 0.179843 0.382431 0.174032 0.889447
1642689327.999930 902.273335 -1258.094893 -217.436466 0.180730 0.381794 0.170709 0.890185
1642689328.033263 904.137259 -1259.896694 -217.855131 0.182111 0.381049 0.166727 0.890977
1642689328.066597 905.922446 -1261.621631 -218.256043 0.183796 0.380056 0.163397 0.891671
1642689328.099930 907.628626 -1263.269566 -218.639148 0.185890 0.379256 0.160655 0.892076
1642689328.133263 909.499571 -1265.075923 -219.059185 0.188291 0.378258 0.158089 0.892455
1642689328.166597 910.558178 -1266.097649 -219.296744 0.189833 0.377402 0.156915 0.892697
1642689328.199930 912.025342 -1267.512905 -219.626071 0.191889 0.376417 0.154973 0.893013
1642689328.233263 913.902117 -1269.322458 -220.047197 0.194396 0.375577 0.152400 0.893267
1642689328.266597 915.699427 -1271.054359 -220.450395 0.195894 0.375026 0.149432 0.893673
1642689328.299930 917.416956 -1272.708570 -220.835611 0.196720 0.374591 0.145850 0.894265
1642689328.333263 919.300389 -1274.521763 -221.257785 0.197667 0.374040 0.141124 0.895045
1642689328.366596 920.366179 -1275.547735 -221.496410 0.198148 0.373771 0.137486 0.895617
1642689328.399930 921.842980 -1276.968804 -221.827203 0.199258 0.373233 0.133430 0.896208
1642689328.433263 923.732198 -1278.786151 -222.250183 0.200965 0.372360 0.128593 0.896898
1642689328.466597 925.541617 -1280.525933 -222.655230 0.202554 0.371765 0.124166 0.897411
1642689328.499930 927.270917 -1282.187853 -223.042252 0.203757 0.371412 0.120014 0.897849
1642689328.533263 929.167353 -1284.009477 -223.466490 0.204952 0.371534 0.115095 0.898170
1642689328.566597 930.240398 -1285.039762 -223.706311 0.205131 0.372140 0.111718 0.898305
1642689328.599930 931.727355 -1286.467050 -224.038786 0.205844 0.372521 0.107433 0.898507
1642689328.633263 933.629209 -1288.292126 -224.463940 0.206926 0.372914 0.101968 0.898732
1642689328.666597 935.450508 -1290.039318 -224.870971 0.208073 0.373192 0.097010 0.898901
1642689328.699930 937.191044 -1291.708261 -225.259737 0.208892 0.373412 0.092771 0.899067
1642689328.733263 939.099602 -1293.537440 -225.685864 0.209395 0.373671 0.088397 0.899283
1642689328.766597 940.179614 -1294.571804 -225.926656 0.209116 0.373697 0.086277 0.899543
1642689328.799930 941.675956 -1296.004670 -226.260492 0.208480 0.373990 0.082707 0.899904
1642689328.833263 943.589858 -1297.836642 -226.687198 0.207574 0.374093 0.077602 0.900525
1642689328.866596 945.422561 -1299.590227 -227.095687 0.206784 0.374199 0.072316 0.901103
1642689328.899930 947.173825 -1301.265241 -227.485950 0.205856 0.374011 0.067119 0.901795
1642689328.933263 949.094056 -1303.101155 -227.913770 0.205225 0.373672 0.062186 0.902433
1642689328.966597 950.180370 -1304.139859 -228.155863 0.205715 0.373100 0.059578 0.902734
