1642689802.849168 -0.112188 -0.075472 0.077178 0.146194 0.324308 -0.053070 0.933079
1642689803.982501 -0.103900 -0.069540 0.082460 0.141001 0.315590 -0.044568 0.937302
1642689804.115834 -0.107969 -0.052293 0.091236 0.128932 0.301629 -0.018084 0.944494
1642689804.182501 -0.110872 -0.035996 0.096713 0.118222 0.293875 0.001738 0.948503
1642689804.249168 -0.114366 -0.018830 0.103341 0.105308 0.286638 0.024019 0.951931
1642689804.315835 -0.118929 0.000850 0.108082 0.091570 0.279844 0.047931 0.954466
1642689804.382501 -0.123325 0.021273 0.112075 0.077652 0.274179 0.072412 0.955800
1642689804.582501 -0.141088 0.083247 0.118772 0.031768 0.266004 0.150769 0.951578
1642689804.782501 -0.159087 0.150065 0.118161 -0.014605 0.273975 0.233407 0.932870
1642689804.982501 -0.178755 0.213387 0.112160 -0.054297 0.289313 0.306891 0.905079
1642689805.182501 -0.202097 0.261693 0.100706 -0.084173 0.306483 0.365200 0.874993
1642689805.515835 -0.174572 0.279380 0.051820 -0.086487 0.378944 0.370365 0.843654
1642689805.582501 -0.159825 0.272433 0.043370 -0.078959 0.395994 0.357321 0.842185
1642689805.615834 -0.133602 0.254217 0.055411 -0.087742 0.407871 0.353433 0.837274
1642689805.649168 -0.128125 0.211096 0.053671 -0.082244 0.409440 0.336196 0.844137
1642689805.682501 -0.122165 0.205501 0.050616 -0.076749 0.415868 0.326526 0.845307
1642689805.715834 -0.114698 0.207688 0.051857 -0.071747 0.423549 0.318027 0.845173
1642689805.749168 -0.108925 0.201714 0.049896 -0.066488 0.427972 0.307482 0.847274
1642689805.782501 -0.098632 0.193488 0.052108 -0.060516 0.433217 0.294481 0.849671
1642689805.815835 -0.092399 0.186008 0.051418 -0.053881 0.436218 0.281626 0.852935
1642689805.849168 -0.084702 0.177760 0.051189 -0.045521 0.439162 0.267572 0.856428
1642689805.882501 -0.077880 0.168691 0.051533 -0.037122 0.441090 0.253939 0.859986
1642689805.915834 -0.071951 0.163129 0.056233 -0.028004 0.443370 0.240156 0.863113
1642689805.949168 -0.065667 0.154567 0.057192 -0.019484 0.444092 0.228681 0.866088
1642689805.982501 -0.058131 0.140790 0.050329 -0.009054 0.443879 0.217207 0.869316
1642689806.015835 -0.051690 0.131043 0.051793 -0.000287 0.443981 0.204380 0.872416
1642689806.049168 -0.051618 0.120942 0.056978 0.008893 0.442667 0.188473 0.876610
1642689806.082501 -0.046441 0.110875 0.059422 0.017815 0.440879 0.174022 0.880355
1642689806.115834 -0.041817 0.101079 0.062262 0.026432 0.438394 0.159190 0.884178
1642689806.149168 -0.038095 0.092643 0.065080 0.033578 0.435559 0.145815 0.887637
1642689806.182501 -0.034009 0.082950 0.068834 0.041848 0.431622 0.130112 0.891640
1642689806.215834 -0.030877 0.075335 0.072443 0.048035 0.427538 0.117416 0.895052
1642689806.249168 -0.040765 0.061608 0.073047 0.054335 0.420724 0.104713 0.899485
1642689806.282501 -0.039180 0.054938 0.077621 0.059331 0.414673 0.093896 0.903166
1642689806.315835 -0.038211 0.049247 0.082728 0.063568 0.407709 0.083668 0.907046
1642689806.349168 -0.037856 0.045011 0.087727 0.066851 0.400291 0.075423 0.910829
1642689806.382501 -0.037912 0.040886 0.094245 0.070402 0.390765 0.067446 0.915313
1642689806.415834 -0.038070 0.038408 0.100194 0.072820 0.381919 0.062605 0.919193
1642689806.449168 -0.038362 0.037102 0.106965 0.074690 0.371832 0.058186 0.923459
1642689806.482501 -0.038856 0.037363 0.113381 0.075481 0.361988 0.054227 0.927538
1642689806.515835 -0.039691 0.039000 0.119673 0.075701 0.351564 0.050838 0.931712
1642689806.549168 -0.040618 0.041599 0.125269 0.075301 0.342107 0.048940 0.935359
1642689806.582501 -0.041948 0.046175 0.132069 0.074473 0.330536 0.048352 0.939607
1642689806.615834 -0.043177 0.051322 0.138025 0.073317 0.320192 0.050604 0.943155
1642689806.649168 -0.044541 0.058416 0.144844 0.071366 0.308342 0.056299 0.946923
1642689806.682501 -0.045690 0.066707 0.151575 0.068074 0.296720 0.065892 0.950253
1642689806.715834 -0.046664 0.076481 0.158328 0.063448 0.285613 0.078809 0.952989
1642689806.749168 -0.047294 0.086519 0.164175 0.058358 0.276845 0.092961 0.954625
1642689806.782501 -0.047819 0.100371 0.170789 0.051275 0.267246 0.111849 0.955741
1642689806.815835 -0.047934 0.113721 0.175970 0.043931 0.260562 0.129336 0.955746
1642689806.849168 -0.047702 0.129967 0.181161 0.034611 0.254324 0.149009 0.954944
1642689806.882501 -0.047127 0.146875 0.185625 0.024253 0.250094 0.167259 0.953357
1642689806.915834 -0.046399 0.165261 0.189513 0.012192 0.247267 0.184181 0.951203
1642689806.949168 -0.045771 0.182927 0.192337 0.000156 0.246195 0.198418 0.948693
1642689806.982501 -0.045176 0.205609 0.194751 -0.015116 0.246052 0.215681 0.944834
1642689807.015834 -0.044900 0.225675 0.195807 -0.028571 0.247125 0.230649 0.940699
1642689807.049168 -0.044912 0.248071 0.196015 -0.042990 0.248886 0.247401 0.935414
1642689807.082501 -0.045176 0.269186 0.195425 -0.055531 0.251056 0.263809 0.929673
1642689807.115834 -0.045428 0.289731 0.194248 -0.066513 0.253597 0.281102 0.923172
1642689807.149168 -0.045429 0.307756 0.192978 -0.075004 0.256515 0.297086 0.916687
1642689807.182501 -0.045144 0.329331 0.191212 -0.084367 0.260667 0.315701 0.908442
1642689807.215834 -0.044754 0.347547 0.189523 -0.091435 0.264530 0.330012 0.901530
1642689807.249168 -0.044127 0.367205 0.187394 -0.098453 0.268638 0.344161 0.894256
1642689807.282501 -0.043282 0.385436 0.184844 -0.104184 0.272273 0.356074 0.887820
1642689807.315835 -0.042218 0.403173 0.181436 -0.109249 0.275586 0.366800 0.881802
1642689807.349168 -0.040879 0.418820 0.177620 -0.113497 0.279357 0.374942 0.876640
1642689807.382501 -0.038591 0.437648 0.172255 -0.119141 0.285578 0.382494 0.870603
1642689807.415834 -0.035873 0.453557 0.167046 -0.124431 0.292522 0.386157 0.865928
1642689807.449168 -0.031753 0.470884 0.160845 -0.130434 0.301015 0.387658 0.861451
1642689807.482501 -0.026664 0.487075 0.154899 -0.136006 0.309373 0.386277 0.858243
1642689807.515834 -0.020458 0.502506 0.148964 -0.141149 0.317106 0.382750 0.856168
1642689807.549168 -0.014026 0.515382 0.143829 -0.145285 0.323175 0.377760 0.855422
1642689807.582501 -0.005116 0.529657 0.137903 -0.149709 0.330208 0.371099 0.854889
1642689807.615834 0.003424 0.540418 0.132848 -0.152391 0.336630 0.365163 0.854467
1642689807.649168 0.013714 0.550727 0.127420 -0.153926 0.343998 0.358353 0.854140
1642689807.682501 0.024157 0.559044 0.122474 -0.153364 0.350904 0.351024 0.854475
1642689807.715834 0.035034 0.566077 0.117726 -0.151443 0.357409 0.342164 0.855715
1642689807.749168 0.045251 0.571379 0.113835 -0.148474 0.363131 0.332381 0.857680
1642689807.782501 0.058471 0.576627 0.109549 -0.143555 0.370270 0.319013 0.860536
1642689807.815835 0.070542 0.580292 0.106215 -0.138303 0.376649 0.305328 0.863587
1642689807.849168 0.084449 0.583402 0.102853 -0.131920 0.383473 0.288316 0.867421
1642689807.882501 0.098159 0.585381 0.099997 -0.124867 0.389987 0.270600 0.871260
1642689807.915834 0.112112 0.586458 0.097442 -0.117228 0.396241 0.251697 0.875157
1642689807.949168 0.124715 0.586744 0.095450 -0.109692 0.401575 0.233715 0.878682
1642689807.982501 -0.022034 0.406874 -0.005729 -0.101692 0.406035 0.217086 0.881855
1642689808.015834 -0.011652 0.401129 -0.008705 -0.092299 0.410770 0.197656 0.885257
1642689808.049168 -0.038405 0.205480 -0.008749 -0.075860 0.412503 0.186683 0.888390
1642689808.082501 -0.029860 0.190774 -0.010114 -0.064718 0.415742 0.166340 0.891797
1642689808.115834 -0.013543 0.109039 -0.016626 -0.048198 0.411530 0.141920 0.898988
1642689808.149168 -0.008283 0.094061 -0.016533 -0.038082 0.412115 0.124820 0.901738
1642689808.182501 -0.003333 0.076274 -0.022164 -0.024942 0.412078 0.102980 0.904967
1642689808.215834 0.002328 0.058258 -0.023072 -0.016509 0.411382 0.088697 0.906987
1642689808.249168 0.004944 0.048666 -0.017520 -0.010261 0.410482 0.072300 0.908940
1642689808.282501 0.009143 0.035099 -0.013731 -0.005399 0.408556 0.058110 0.910865
1642689808.315835 0.014571 0.027439 -0.004088 -0.004278 0.406005 0.046314 0.912687
1642689808.349168 0.020901 0.016467 -0.000237 -0.002441 0.401597 0.036397 0.915090
1642689808.382501 0.019865 0.015365 0.014720 -0.003110 0.395583 0.027194 0.918022
1642689808.415834 0.022207 0.008513 0.022966 -0.002091 0.388744 0.020835 0.921108
1642689808.449168 0.018916 0.014313 0.040020 -0.002385 0.380925 0.017146 0.924444
1642689808.482501 0.020058 0.010628 0.050493 -0.000238 0.371948 0.014124 0.928146
1642689808.515834 0.025239 0.003728 0.065978 -0.000933 0.361904 0.019809 0.932004
1642689808.549168 0.024580 0.003336 0.076096 0.001773 0.352257 0.020354 0.935680
1642689808.582501 0.020916 0.007092 0.086351 0.003561 0.339327 0.024503 0.940343
1642689808.615834 0.018023 0.010092 0.096548 0.004859 0.327965 0.029679 0.944211
1642689808.649168 0.012689 0.014891 0.102916 0.004036 0.314459 0.037774 0.948511
1642689808.682501 0.007746 0.022021 0.112446 0.001730 0.301928 0.046787 0.952180
1642689808.715834 0.003073 0.024662 0.117038 -0.002359 0.288626 0.060012 0.955556
1642689808.749168 -0.002472 0.033694 0.124075 -0.005468 0.277710 0.072075 0.957942
1642689808.782501 -0.007533 0.039884 0.125994 -0.010201 0.264860 0.091488 0.959883
1642689808.815835 -0.012956 0.051189 0.131321 -0.013823 0.256171 0.108434 0.960431
1642689808.849168 -0.019100 0.056141 0.133885 -0.018402 0.247837 0.128112 0.960118
1642689808.882501 -0.023859 0.069802 0.137382 -0.023639 0.242579 0.145337 0.958892
1642689808.915834 -0.027081 0.072429 0.133560 -0.030417 0.238746 0.163831 0.956679
1642689808.949168 -0.031363 0.085545 0.134453 -0.036623 0.237947 0.178105 0.954106
1642689808.982501 -0.012708 0.072647 0.129695 -0.045360 0.237298 0.201989 0.949122
1642689809.015834 -0.018426 0.085796 0.127593 -0.051288 0.238262 0.216856 0.945290
1642689809.049168 -0.020001 0.083843 0.122411 -0.058266 0.238692 0.236703 0.940002
1642689809.082501 -0.027497 0.095954 0.117674 -0.064821 0.239902 0.253461 0.934881
1642689809.115834 -0.032019 0.098713 0.111733 -0.072185 0.240310 0.272970 0.928724
1642689809.149168 -0.039227 0.108367 0.106069 -0.079119 0.240770 0.289700 0.922954
1642689809.182501 -0.029920 0.097211 0.100828 -0.089026 0.241203 0.312770 0.914369
1642689809.215834 -0.037838 0.106904 0.093868 -0.097633 0.242738 0.325740 0.908537
1642689809.249168 -0.046109 0.117086 0.082018 -0.106524 0.244153 0.334277 0.904047
1642689809.282501 -0.055174 0.126770 0.073858 -0.116234 0.245212 0.340673 0.900168
1642689809.315835 -0.058488 0.130300 0.066995 -0.125454 0.246553 0.345920 0.896556
1642689809.349168 -0.066689 0.138187 0.059644 -0.133691 0.247279 0.352150 0.892732
1642689809.382501 -0.074585 0.145955 0.049864 -0.143238 0.248230 0.361593 0.887195
1642689809.415834 -0.083356 0.153816 0.042533 -0.151276 0.248713 0.371952 0.881424
1642689809.449168 -0.088454 0.158610 0.038493 -0.160013 0.248882 0.385875 0.873816
1642689809.482501 -0.098130 0.166650 0.032762 -0.167347 0.248938 0.398108 0.866911
1642689809.515834 -0.106309 0.173052 0.030251 -0.173532 0.248569 0.410727 0.859886
1642689809.549168 -0.114828 0.179530 0.028066 -0.178373 0.247305 0.421954 0.853802
1642689809.582501 -0.118213 0.184032 0.030262 -0.182632 0.244502 0.436446 0.846392
1642689809.615834 -0.125474 0.189663 0.032103 -0.184516 0.241335 0.448201 0.840730
1642689809.649168 -0.138923 0.208228 0.038520 -0.182405 0.238669 0.455828 0.837846
1642689809.682501 -0.144129 0.212374 0.044124 -0.179822 0.234726 0.467444 0.833105
1642689809.715834 -0.148187 0.215418 0.051102 -0.175508 0.230920 0.477888 0.829154
1642689809.749168 -0.150883 0.217128 0.058130 -0.169551 0.227170 0.486019 0.826699
1642689809.782501 -0.152878 0.217777 0.067254 -0.160429 0.222173 0.494433 0.824886
1642689809.815835 -0.153568 0.217262 0.075252 -0.150523 0.217460 0.499086 0.825208
1642689809.849168 -0.153229 0.215657 0.083981 -0.138787 0.212602 0.501382 0.827136
1642689809.882501 -0.151834 0.213266 0.092019 -0.127393 0.209402 0.499686 0.830804
1642689809.915834 -0.149597 0.210175 0.099392 -0.115690 0.206396 0.494411 0.836405
1642689809.949168 -0.146674 0.206750 0.105248 -0.105113 0.204129 0.487179 0.842579
1642689809.982501 -0.141754 0.201594 0.111222 -0.092029 0.202384 0.476736 0.850467
1642689810.015834 -0.136322 0.196511 0.115314 -0.081075 0.202403 0.466735 0.857099
1642689810.049168 -0.129065 0.190301 0.118641 -0.069449 0.204764 0.455604 0.863524
1642689810.082501 -0.121340 0.183884 0.120364 -0.059250 0.209306 0.444477 0.868977
1642689810.115834 -0.113229 0.177044 0.120507 -0.050269 0.215267 0.432562 0.874084
1642689810.149168 -0.105981 0.170500 0.119225 -0.043861 0.221974 0.420168 0.878785
1642689810.182501 -0.097726 0.162106 0.115685 -0.037385 0.230517 0.401679 0.885505
1642689810.215834 -0.091553 0.154665 0.110811 -0.032774 0.237524 0.381762 0.892617
1642689810.249168 -0.085698 0.146077 0.103741 -0.029140 0.245756 0.357625 0.900477
1642689810.282501 -0.081197 0.137300 0.095708 -0.026704 0.254218 0.333273 0.907518
1642689810.315835 -0.077811 0.127843 0.086750 -0.025033 0.263060 0.308925 0.913640
1642689810.349168 -0.075693 0.118605 0.078067 -0.024114 0.271467 0.288262 0.917948
1642689810.382501 -0.074465 0.106317 0.066683 -0.022857 0.280758 0.264196 0.922417
1642689810.415834 -0.074700 0.094831 0.056494 -0.021415 0.287994 0.244583 0.925624
1642689810.449168 -0.017305 0.129032 0.051275 -0.009652 0.299964 0.199924 0.932716
1642689810.482501 -0.017750 0.115114 0.041977 -0.007788 0.307972 0.181190 0.933950
1642689810.515834 -0.019036 0.100677 0.033441 -0.004761 0.314570 0.162455 0.935217
1642689810.549168 -0.020859 0.087316 0.026547 -0.000720 0.319201 0.146085 0.936360
1642689810.582501 -0.023733 0.070480 0.019237 0.005707 0.324306 0.126964 0.937376
1642689810.615834 -0.026584 0.055717 0.014177 0.012423 0.328523 0.110494 0.937928
1642689810.649168 -0.030182 0.039497 0.010000 0.019949 0.332522 0.090260 0.938554
1642689810.682501 -0.034008 0.024280 0.007444 0.027192 0.335171 0.069893 0.939168
1642689810.715834 -0.038229 0.009232 0.006488 0.034801 0.336334 0.050170 0.939761
1642689810.749168 -0.042477 -0.004009 0.007172 0.041383 0.335497 0.033473 0.940536
1642689810.782501 -0.048354 -0.019370 0.010443 0.048062 0.332776 0.014013 0.941676
1642689810.815835 -0.054622 -0.031637 0.015785 0.052672 0.326472 -0.001626 0.943737
1642689810.849168 -0.062492 -0.043527 0.024003 0.056692 0.315507 -0.016375 0.947087
1642689810.882501 -0.070162 -0.052649 0.033674 0.058527 0.302511 -0.026208 0.950986
1642689810.915834 -0.077855 -0.059337 0.044940 0.057462 0.287951 -0.033910 0.955318
1642689810.949168 -0.084587 -0.063105 0.056039 0.054101 0.273881 -0.040100 0.959403
1642689810.982501 -0.092141 -0.065048 0.070236 0.047962 0.257107 -0.046112 0.964090
1642689811.015834 -0.097536 -0.064867 0.082399 0.040856 0.243573 -0.049038 0.967780
1642689811.049168 -0.102337 -0.063073 0.095157 0.032719 0.229866 -0.050476 0.971362
1642689811.082501 -0.105894 -0.060335 0.106144 0.025515 0.218744 -0.049262 0.974204
1642689811.115834 -0.108456 -0.056782 0.115749 0.019053 0.209666 -0.045525 0.976527
1642689811.149168 -0.109907 -0.052660 0.123145 0.013334 0.203645 -0.040947 0.978097
1642689811.182501 -0.110917 -0.045999 0.130420 0.005819 0.197524 -0.036165 0.979613
1642689811.215834 -0.111333 -0.038496 0.135072 -0.002020 0.193177 -0.033419 0.980593
1642689811.249168 -0.111315 -0.028451 0.138336 -0.012068 0.189603 -0.029960 0.981329
1642689811.282501 -0.110746 -0.015637 0.139535 -0.024348 0.187809 -0.023604 0.981620
1642689811.315835 -0.110022 -0.005351 0.139158 -0.034376 0.189238 -0.014827 0.981217
1642689811.349168 -0.109257 0.006154 0.137513 -0.045658 0.192656 -0.003310 0.980198
1642689811.382501 -0.108626 0.021124 0.133886 -0.059697 0.198075 0.011451 0.978300
1642689811.415834 -0.108603 0.034878 0.129236 -0.072006 0.204159 0.023579 0.976001
1642689811.449168 -0.109264 0.050717 0.122325 -0.085097 0.210878 0.036072 0.973133
1642689811.482501 -0.110798 0.066060 0.114100 -0.096225 0.217188 0.047361 0.970220
1642689811.515834 -0.113437 0.081429 0.104597 -0.106233 0.223517 0.059064 0.967091
1642689811.549168 -0.116976 0.094972 0.095081 -0.113638 0.228559 0.071905 0.964197
1642689811.582501 -0.122930 0.110907 0.082239 -0.120464 0.233627 0.091164 0.960519
1642689811.615834 -0.129790 0.124025 0.070467 -0.124423 0.237442 0.112650 0.956792
1642689811.649168 -0.138995 0.138249 0.057121 -0.128103 0.242149 0.138887 0.951664
1642689811.682501 -0.149004 0.151992 0.044113 -0.131295 0.247453 0.163415 0.945952
1642689811.715834 -0.160050 0.166171 0.030913 -0.135351 0.253172 0.185663 0.939741
1642689811.749168 -0.170820 0.179259 0.019188 -0.140329 0.258568 0.203565 0.933816
1642689811.782501 -0.184925 0.195229 0.005551 -0.147451 0.265533 0.225328 0.925731
1642689811.815834 -0.198037 0.208515 -0.005292 -0.154748 0.271115 0.244886 0.917922
1642689811.849168 -0.130044 0.242052 0.000151 -0.166720 0.274052 0.278312 0.905341
1642689811.882501 -0.144350 0.254877 -0.008531 -0.174799 0.276088 0.301070 0.895867
1642689811.915834 -0.083378 0.180026 -0.013879 -0.188391 0.273736 0.345579 0.877583
1642689811.949168 -0.096501 0.188800 -0.017778 -0.194221 0.273187 0.362722 0.869529
1642689811.982501 -0.113603 0.198029 -0.013884 -0.197692 0.271884 0.380667 0.861446
1642689812.015834 -0.126672 0.203660 -0.012725 -0.198600 0.270444 0.398845 0.853429
1642689812.049168 -0.147711 0.218617 -0.004821 -0.195688 0.269007 0.416709 0.845988
1642689812.082501 -0.158502 0.220975 0.001662 -0.191013 0.266829 0.437780 0.837058
1642689812.115834 -0.167348 0.222402 0.009787 -0.184939 0.264197 0.458660 0.828027
1642689812.149168 -0.173568 0.223372 0.017947 -0.179225 0.261436 0.475874 0.820411
1642689812.182501 -0.179018 0.224400 0.028495 -0.172053 0.256695 0.492922 0.813347
1642689812.215834 -0.182117 0.225234 0.037752 -0.166214 0.251258 0.501375 0.811089
1642689812.249168 -0.184113 0.225960 0.047940 -0.159424 0.243674 0.503181 0.813644
1642689812.282501 -0.184510 0.226495 0.057232 -0.151906 0.234861 0.498408 0.820581
1642689812.315834 -0.183173 0.226621 0.065999 -0.144149 0.225592 0.489970 0.829614
1642689812.349168 -0.180473 0.226178 0.073371 -0.136393 0.217449 0.480417 0.838637
1642689812.382501 -0.175249 0.225308 0.081445 -0.126084 0.207794 0.468457 0.849396
1642689812.415834 -0.169118 0.224589 0.087522 -0.116799 0.200697 0.457646 0.858277
1642689812.449168 -0.160920 0.223726 0.093465 -0.106871 0.194865 0.443901 0.868077
1642689812.482501 -0.152129 0.222883 0.098416 -0.099276 0.191975 0.427230 0.877932
1642689812.515834 -0.142631 0.221981 0.102459 -0.093601 0.191337 0.407124 0.888188
1642689812.549168 -0.133436 0.220894 0.105051 -0.089574 0.192881 0.387734 0.896903
1642689812.582501 -0.121464 0.218758 0.106391 -0.085082 0.195056 0.363859 0.906819
1642689812.615834 -0.110847 0.215816 0.105378 -0.081110 0.196640 0.343308 0.914819
1642689812.649168 -0.098982 0.211575 0.101802 -0.077506 0.199146 0.320846 0.922709
1642689812.682501 -0.087408 0.207049 0.095968 -0.075326 0.204113 0.300246 0.928717
1642689812.715834 -0.075391 0.202366 0.087742 -0.073884 0.211552 0.281701 0.932969
1642689812.749168 -0.064403 0.198075 0.078266 -0.073891 0.220803 0.267397 0.935032
1642689812.782501 -0.051135 0.192880 0.064028 -0.074858 0.233726 0.251254 0.936290
1642689812.815834 -0.040277 0.188428 0.049455 -0.077287 0.245912 0.238554 0.936294
1642689812.849168 -0.029191 0.183449 0.031133 -0.081784 0.259589 0.225133 0.935543
1642689812.882501 -0.020005 0.178526 0.012061 -0.088135 0.272267 0.212671 0.934277
1642689812.915834 -0.012564 0.172869 -0.007712 -0.095646 0.285322 0.201435 0.932130
1642689812.949168 -0.007485 0.166770 -0.025284 -0.102871 0.297080 0.194161 0.929227
1642689812.982501 -0.002949 0.158068 -0.046023 -0.110973 0.311260 0.188887 0.924729
1642689813.015834 -0.000009 0.149531 -0.062758 -0.117119 0.323074 0.188774 0.919930
1642689813.049168 0.002856 0.139439 -0.080042 -0.123192 0.335769 0.192593 0.913778
1642689813.082501 0.005411 0.129776 -0.095614 -0.128934 0.346867 0.198329 0.907593
1642689813.115834 0.008056 0.120289 -0.110252 -0.134559 0.358011 0.202509 0.901506
1642689813.149168 0.009774 0.112044 -0.122794 -0.139548 0.367637 0.200573 0.897296
1642689813.182501 0.010768 0.102057 -0.137461 -0.144105 0.377466 0.194226 0.893885
1642689813.215834 0.010965 0.092918 -0.149567 -0.145190 0.384879 0.189532 0.891552
1642689813.249168 0.010643 0.082168 -0.162454 -0.143503 0.392130 0.188451 0.888891
1642689813.282501 0.010468 0.071450 -0.174495 -0.138794 0.398188 0.193272 0.885905
1642689813.315834 0.011116 0.059722 -0.187539 -0.131373 0.404353 0.203273 0.881997
1642689813.349168 0.012387 0.049696 -0.199663 -0.124868 0.409845 0.212432 0.878241
1642689813.382501 0.013655 0.043590 -0.209059 -0.122549 0.413664 0.216012 0.875901
1642689813.415834 0.015884 0.038151 -0.218971 -0.122517 0.417315 0.216501 0.874051
1642689813.449168 0.019759 0.033922 -0.229010 -0.125707 0.420051 0.215432 0.872550
1642689813.482501 0.024680 0.031255 -0.237360 -0.132032 0.419778 0.212309 0.872513
1642689813.515834 0.030223 0.029482 -0.244069 -0.140864 0.416138 0.205534 0.874495
1642689813.549168 0.035783 0.027958 -0.248378 -0.149778 0.410350 0.196827 0.877746
1642689813.582501 0.043085 0.025723 -0.251252 -0.159855 0.402443 0.185683 0.882048
1642689813.615834 0.049691 0.022861 -0.251388 -0.166692 0.395443 0.177087 0.885708
1642689813.649168 0.057021 0.018445 -0.248986 -0.171952 0.388139 0.170399 0.889238
1642689813.682501 0.063658 0.013005 -0.244166 -0.174210 0.381285 0.166670 0.892465
1642689813.715834 0.069213 0.006351 -0.236598 -0.173961 0.373793 0.163502 0.896261
1642689813.749168 0.072921 -0.000450 -0.227729 -0.171910 0.366026 0.160728 0.900355
1642689813.782501 0.076219 -0.009273 -0.215044 -0.168224 0.357233 0.158104 0.905035
1642689813.815834 0.078028 -0.016708 -0.202847 -0.164653 0.350034 0.154689 0.909086
1642689813.849168 0.078268 -0.024503 -0.188390 -0.161331 0.341141 0.148186 0.914131
1642689813.882501 0.077308 -0.031496 -0.174118 -0.158280 0.332351 0.142058 0.918863
1642689813.915834 0.075856 -0.038378 -0.159484 -0.154414 0.324296 0.139134 0.922838
1642689813.949168 0.074085 -0.044652 -0.146151 -0.150360 0.317366 0.139260 0.925893
1642689813.982501 0.071407 -0.052369 -0.129870 -0.144268 0.308754 0.141381 0.929445
1642689814.015834 0.068791 -0.058858 -0.115894 -0.138283 0.301063 0.144413 0.932408
1642689814.049168 0.065452 -0.065628 -0.100625 -0.130985 0.292939 0.146007 0.935794
1642689814.082501 0.062013 -0.071462 -0.086378 -0.124061 0.287050 0.144912 0.938729
1642689814.115834 0.058233 -0.076750 -0.072536 -0.117543 0.283756 0.141319 0.941114
1642689814.149168 0.054099 -0.081199 -0.060883 -0.111960 0.282646 0.136169 0.942886
1642689814.182501 0.048267 -0.086111 -0.049691 -0.105868 0.281994 0.129317 0.944748
1642689814.215834 0.040310 -0.092012 -0.040119 -0.098062 0.281566 0.121864 0.946707
1642689814.249168 0.032436 -0.097419 -0.033628 -0.089985 0.281801 0.117174 0.948030
1642689814.282501 0.023783 -0.102997 -0.030596 -0.081392 0.282649 0.115033 0.948816
1642689814.315834 0.013334 -0.108994 -0.031228 -0.071501 0.283661 0.115231 0.949287
1642689814.349168 0.002608 -0.113799 -0.035489 -0.063009 0.285465 0.117148 0.949113
1642689814.382501 -0.008204 -0.116806 -0.042361 -0.056345 0.288066 0.119659 0.948433
1642689814.415834 -0.020813 -0.118010 -0.052428 -0.050547 0.291738 0.121583 0.947392
1642689814.449168 -0.044765 -0.129147 0.042050 -0.047121 0.298265 0.106252 0.947380
1642689814.482501 -0.057434 -0.126227 0.033884 -0.048814 0.302005 0.098512 0.946945
1642689814.515834 -0.071186 -0.120644 0.025357 -0.054016 0.303751 0.087139 0.947219
1642689814.549168 -0.084296 -0.113437 0.017841 -0.062331 0.302407 0.075272 0.948156
1642689814.582501 -0.101136 -0.102284 0.009215 -0.075453 0.298616 0.062067 0.949359
1642689814.615834 -0.116566 -0.091142 0.002520 -0.089238 0.292126 0.052822 0.950741
1642689814.649168 -0.134151 -0.077403 -0.003855 -0.106429 0.283076 0.046595 0.952034
1642689814.682501 -0.151023 -0.063216 -0.008804 -0.123384 0.273769 0.045381 0.952768
1642689814.715834 -0.169456 -0.046495 -0.012885 -0.142550 0.263374 0.047495 0.952921
1642689814.749168 -0.186566 -0.028945 -0.015605 -0.162032 0.254268 0.051729 0.952060
1642689814.782501 -0.199655 0.002871 0.070671 -0.180149 0.245078 0.048908 0.951363
1642689814.815834 -0.215658 0.021666 0.071409 -0.199850 0.240494 0.058803 0.948032
1642689814.849168 -0.184350 0.020329 0.062644 -0.219969 0.238221 0.073884 0.943083
1642689814.882501 -0.199543 0.040001 0.064266 -0.237908 0.235328 0.095876 0.937459
1642689814.915834 -0.124404 0.027605 0.040347 -0.252434 0.235171 0.133218 0.929099
1642689814.949168 -0.133994 0.043602 0.042082 -0.260823 0.236292 0.160553 0.922150
1642689814.982501 -0.067991 0.063472 0.026187 -0.266958 0.241258 0.196582 0.912076
1642689815.015834 -0.073267 0.078198 0.029264 -0.265912 0.244659 0.220896 0.905891
1642689815.049168 0.019656 0.118707 0.000388 -0.259181 0.250621 0.241725 0.900879
1642689815.082501 0.019158 0.132529 0.004456 -0.249304 0.253391 0.258092 0.898348
1642689815.115834 0.028529 0.152088 0.008914 -0.234033 0.256713 0.266831 0.898959
1642689815.149168 0.028826 0.161483 0.014240 -0.217932 0.257698 0.277097 0.899619
1642689815.182501 0.035653 0.194340 0.047659 -0.195871 0.258620 0.284654 0.902066
1642689815.215834 0.035421 0.201376 0.053796 -0.173021 0.258240 0.291567 0.904635
1642689815.249168 0.048486 0.207144 0.066366 -0.147340 0.258411 0.296931 0.907384
1642689815.282501 0.047686 0.212561 0.070326 -0.123963 0.258018 0.299819 0.910038
1642689815.315834 0.062707 0.226024 0.082764 -0.101107 0.259521 0.298045 0.913014
1642689815.349168 0.061771 0.230405 0.083587 -0.081684 0.261803 0.297110 0.914611
1642689815.382501 0.066612 0.229880 0.068827 -0.058205 0.265317 0.290955 0.917368
1642689815.415834 0.064944 0.234017 0.065987 -0.041559 0.270486 0.287239 0.917934
1642689815.449168 0.062672 0.238851 0.060769 -0.026053 0.278091 0.282979 0.917556
1642689815.482501 0.060156 0.244061 0.053870 -0.015361 0.287723 0.279558 0.915875
1642689815.515834 0.068931 0.231079 0.021925 -0.005694 0.296301 0.272023 0.915520
1642689815.549168 0.065865 0.236779 0.012545 -0.004169 0.306195 0.271243 0.912499
1642689815.582501 0.054845 0.242684 -0.010291 -0.004554 0.318986 0.272782 0.907644
1642689815.615834 0.049936 0.249092 -0.020828 -0.003996 0.328924 0.271122 0.904592
1642689815.649168 0.009312 0.255293 -0.027710 -0.004908 0.338443 0.269534 0.901545
1642689815.682501 0.001180 0.262756 -0.037047 -0.009106 0.346193 0.270351 0.898320
1642689815.715834 -0.019185 0.268065 -0.044690 -0.021236 0.350112 0.281106 0.893280
1642689815.749168 -0.027907 0.275298 -0.050191 -0.033456 0.347757 0.286313 0.892172
1642689815.782501 -0.039275 0.284628 -0.055462 -0.053493 0.339160 0.293159 0.892282
1642689815.815834 -0.049646 0.293376 -0.059241 -0.075814 0.326381 0.298562 0.893638
1642689815.849168 -0.082140 0.275840 -0.053626 -0.093599 0.313292 0.302097 0.895447
1642689815.882501 -0.089397 0.281450 -0.054988 -0.115720 0.300549 0.304148 0.896534
1642689815.915834 -0.133869 0.309006 -0.040602 -0.139196 0.289821 0.307869 0.895458
1642689815.949168 -0.136514 0.312586 -0.038800 -0.156018 0.281586 0.307665 0.895383
1642689815.982501 -0.156916 0.336451 -0.031704 -0.172711 0.273541 0.308226 0.894619
1642689816.015834 -0.153224 0.337368 -0.024973 -0.178664 0.267037 0.304025 0.896850
1642689816.049168 -0.148064 0.349697 -0.015617 -0.180084 0.260694 0.299034 0.900104
1642689816.082501 -0.138112 0.347429 -0.003402 -0.174977 0.255933 0.295394 0.903672
1642689816.115834 -0.102746 0.301275 -0.001231 -0.164097 0.251725 0.294462 0.907193
1642689816.149168 -0.089693 0.296469 0.011851 -0.152392 0.249558 0.291623 0.910743
1642689816.182501 -0.049375 0.280319 0.031103 -0.135428 0.248114 0.285240 0.915826
1642689816.215834 -0.033795 0.273590 0.044816 -0.121391 0.248051 0.278481 0.919882
1642689816.249168 -0.008059 0.269033 0.069596 -0.104287 0.249703 0.263996 0.925785
1642689816.282501 0.008471 0.260086 0.081296 -0.088724 0.253855 0.254139 0.929031
1642689816.315834 0.031575 0.236705 0.091876 -0.073250 0.261825 0.246731 0.930164
1642689816.349168 0.047023 0.226061 0.098295 -0.057224 0.271275 0.241917 0.929845
1642689816.382501 0.067509 0.210848 0.103596 -0.035085 0.286281 0.238641 0.927288
1642689816.415834 0.087085 0.195261 0.105461 -0.015151 0.301471 0.236893 0.923454
1642689816.449168 0.136920 0.169703 0.083890 0.000237 0.312151 0.230059 0.921756
1642689816.482501 0.150725 0.154727 0.083964 0.012240 0.326413 0.226960 0.917493
1642689816.515834 0.106118 0.124803 0.029894 0.025378 0.336948 0.214871 0.916325
1642689816.549168 0.114418 0.111960 0.022811 0.032360 0.347525 0.204556 0.914514
1642689816.582501 0.125667 0.086403 -0.001431 0.037511 0.358699 0.192602 0.912596
1642689816.615834 0.130409 0.073375 -0.011042 0.041560 0.368031 0.182995 0.910680
1642689816.649168 0.133470 0.055236 -0.025615 0.044101 0.376987 0.177487 0.907984
1642689816.682501 0.135450 0.042389 -0.035997 0.045708 0.384118 0.170169 0.906315
1642689816.715834 0.142001 0.032551 -0.038927 0.043218 0.388700 0.164150 0.905593
1642689816.749168 0.142071 0.023549 -0.046200 0.039487 0.391184 0.156445 0.906058
1642689816.782501 0.134272 0.011135 -0.055576 0.030613 0.391432 0.146786 0.907908
1642689816.815834 0.130937 0.004784 -0.058527 0.018156 0.385941 0.134392 0.912501
1642689816.849168 0.130123 -0.001223 -0.059434 0.000043 0.375463 0.123879 0.918521
1642689816.882501 0.124320 -0.004631 -0.057917 -0.017084 0.361311 0.115635 0.925090
1642689816.915834 0.104786 -0.004224 -0.062113 -0.036038 0.344908 0.113635 0.931035
1642689816.949168 0.099601 -0.005544 -0.057642 -0.051547 0.330449 0.114993 0.935373
1642689816.982501 0.088092 0.001882 -0.043003 -0.073064 0.312911 0.118774 0.939490
1642689817.015834 0.084339 0.002967 -0.036854 -0.090818 0.298612 0.121035 0.942302
1642689817.049168 0.074868 0.003685 -0.032708 -0.110064 0.283493 0.121039 0.944916
1642689817.082501 0.072082 0.007664 -0.026189 -0.130449 0.269663 0.118611 0.946676
1642689817.115834 0.058963 0.021831 -0.020109 -0.151650 0.256990 0.111407 0.947917
1642689817.149168 0.057341 0.028771 -0.015650 -0.170830 0.247819 0.109379 0.947333
1642689817.182501 0.046375 0.035157 -0.024527 -0.193658 0.238666 0.112587 0.944912
1642689817.215834 0.046846 0.044820 -0.022667 -0.211095 0.236872 0.118590 0.940886
1642689817.249168 0.040166 0.067591 -0.028577 -0.228867 0.240095 0.127095 0.934784
1642689817.282501 0.044083 0.078903 -0.030610 -0.242455 0.249874 0.142888 0.926478
1642689817.315834 0.025660 0.085342 -0.045808 -0.254529 0.256840 0.159262 0.918631
1642689817.349168 0.029462 0.095461 -0.050389 -0.260504 0.271671 0.173803 0.910014
1642689817.382501 0.026359 0.112508 -0.044117 -0.265025 0.290271 0.185207 0.900668
1642689817.415834 0.027037 0.123081 -0.050744 -0.265849 0.301077 0.189457 0.895982
1642689817.449168 0.038366 0.129832 -0.060437 -0.263195 0.309827 0.191442 0.893356
1642689817.482501 0.034043 0.140733 -0.068465 -0.260083 0.312235 0.194431 0.892783
1642689817.515834 0.033118 0.145296 -0.077783 -0.252093 0.310812 0.201417 0.894022
1642689817.549168 0.025488 0.154912 -0.085279 -0.242339 0.309894 0.211613 0.894683
1642689817.582501 0.011353 0.165463 -0.086269 -0.230446 0.307689 0.229222 0.894248
1642689817.615834 0.000090 0.174433 -0.092800 -0.219186 0.306682 0.242898 0.893815
1642689817.649168 -0.007129 0.183770 -0.097426 -0.208803 0.306141 0.258657 0.892063
1642689817.682501 -0.019934 0.192846 -0.101134 -0.195241 0.307429 0.272122 0.890684
1642689817.715834 -0.038630 0.195248 -0.102318 -0.179282 0.309651 0.287822 0.888331
1642689817.749168 -0.050077 0.201596 -0.102904 -0.163047 0.311793 0.298929 0.887041
1642689817.782501 -0.062680 0.218398 -0.105040 -0.140062 0.314816 0.305977 0.887497
1642689817.815834 -0.073167 0.222890 -0.102150 -0.118563 0.317079 0.317189 0.885887
1642689817.849168 -0.088007 0.220181 -0.089132 -0.091462 0.320022 0.331264 0.882885
1642689817.882501 -0.095950 0.222817 -0.083625 -0.064082 0.322184 0.342092 0.880377
1642689817.915834 -0.104991 0.237440 -0.082072 -0.032036 0.323878 0.345781 0.880064
1642689817.949168 -0.108693 0.238785 -0.077182 -0.003158 0.325686 0.355562 0.876068
1642689817.982501 -0.101805 0.244086 -0.066000 0.034330 0.327909 0.365946 0.870276
1642689818.015834 -0.101857 0.245528 -0.063420 0.063006 0.330894 0.372908 0.864569
1642689818.049168 -0.098542 0.246886 -0.060889 0.088809 0.335133 0.374620 0.859918
1642689818.082501 -0.095507 0.249752 -0.059304 0.103361 0.341770 0.369785 0.857770
1642689818.115834 -0.091142 0.253274 -0.057974 0.112400 0.350594 0.357605 0.858236
1642689818.149168 -0.086016 0.255943 -0.057679 0.116685 0.359363 0.342126 0.860345
1642689818.182501 -0.054660 0.222571 -0.077371 0.118636 0.365694 0.330066 0.862119
1642689818.215834 -0.048297 0.221922 -0.079603 0.116984 0.371138 0.317658 0.864676
1642689818.249168 -0.037322 0.202756 -0.082517 0.107245 0.376118 0.311295 0.866100
1642689818.282501 -0.030735 0.199755 -0.087735 0.099510 0.378525 0.299576 0.870098
1642689818.315834 -0.020636 0.182935 -0.099276 0.087952 0.380833 0.290397 0.873442
1642689818.349168 -0.015144 0.177902 -0.105753 0.076499 0.384792 0.276042 0.877430
1642689818.382501 -0.012071 0.169525 -0.114987 0.057922 0.391475 0.261024 0.880488
1642689818.415834 -0.006286 0.162243 -0.123494 0.041805 0.398436 0.244039 0.883145
1642689818.449168 -0.006972 0.164764 -0.131663 0.021722 0.407260 0.222458 0.885539
1642689818.482501 -0.001576 0.155403 -0.141783 0.002970 0.415210 0.203400 0.886691
1642689818.515834 0.007480 0.143266 -0.150627 -0.017190 0.423931 0.185877 0.886249
1642689818.549168 0.011937 0.133296 -0.159128 -0.034628 0.430424 0.169492 0.885894
1642689818.582501 0.028645 0.125587 -0.162027 -0.053435 0.437520 0.147019 0.885498
1642689818.615834 0.032190 0.112856 -0.167434 -0.067710 0.439068 0.126306 0.886951
1642689818.649168 0.034451 0.100781 -0.166857 -0.078753 0.438729 0.101111 0.889433
1642689818.682501 0.037971 0.087060 -0.167663 -0.088771 0.434261 0.080598 0.892771
1642689818.715834 0.044988 0.090501 -0.163935 -0.100920 0.427479 0.061502 0.896267
1642689818.749168 0.047367 0.079415 -0.160656 -0.106321 0.419092 0.050393 0.900288
1642689818.782501 0.050683 0.059615 -0.152887 -0.108507 0.407767 0.043444 0.905574
1642689818.815834 0.053424 0.049547 -0.145830 -0.113806 0.394444 0.037200 0.911086
1642689818.849168 0.047198 0.054093 -0.134515 -0.121603 0.375125 0.027941 0.918539
1642689818.882501 0.049626 0.047351 -0.125411 -0.131046 0.359031 0.023183 0.923789
1642689818.915834 0.042145 0.043223 -0.117271 -0.141262 0.343599 0.020037 0.928215
1642689818.949168 0.045181 0.039836 -0.108732 -0.152102 0.331639 0.019942 0.930851
1642689818.982501 0.047408 0.042596 -0.100075 -0.167643 0.317441 0.023878 0.933037
1642689819.015834 0.050835 0.042199 -0.091251 -0.178072 0.308010 0.032366 0.934009
1642689819.049168 0.044442 0.045303 -0.089737 -0.186871 0.299880 0.046767 0.934325
1642689819.082501 0.048454 0.046468 -0.080625 -0.192636 0.294440 0.061950 0.934001
1642689819.115834 0.056506 0.047159 -0.071435 -0.193903 0.289479 0.079583 0.933954
1642689819.149168 0.060220 0.049728 -0.063751 -0.191870 0.282424 0.094849 0.935108
1642689819.182501 0.064365 0.050888 -0.060195 -0.184447 0.272651 0.114589 0.937289
1642689819.215834 0.069401 0.055149 -0.052940 -0.177069 0.264455 0.130660 0.938956
1642689819.249168 0.065608 0.067412 -0.041211 -0.169266 0.254689 0.144570 0.941054
1642689819.282501 0.071544 0.073021 -0.035286 -0.160256 0.248675 0.158123 0.942060
1642689819.315834 0.083972 0.078416 -0.023875 -0.151575 0.246030 0.168936 0.942314
1642689819.349168 0.090042 0.084304 -0.020694 -0.144990 0.246691 0.178323 0.941447
1642689819.382501 0.099392 0.087919 -0.026641 -0.136872 0.250687 0.187306 0.939861
1642689819.415834 0.105218 0.093556 -0.026066 -0.130943 0.258616 0.195983 0.936783
1642689819.449168 0.108155 0.092932 -0.033386 -0.126233 0.271414 0.206204 0.931601
1642689819.482501 0.111671 0.096348 -0.036238 -0.123733 0.287092 0.212679 0.925763
1642689819.515834 0.117736 0.098155 -0.046890 -0.120422 0.304403 0.218785 0.919223
1642689819.549168 0.116349 0.097918 -0.051769 -0.114934 0.313136 0.223052 0.915960
1642689819.582501 0.111041 0.095232 -0.059425 -0.106903 0.320161 0.228656 0.913118
1642689819.615834 0.102701 0.090596 -0.067807 -0.099392 0.323557 0.234652 0.911247
1642689819.649168 0.110737 0.087602 -0.063269 -0.095301 0.327549 0.241701 0.908411
1642689819.682501 0.100167 0.081486 -0.070442 -0.090404 0.328622 0.248990 0.906553
1642689819.715834 0.087020 0.074528 -0.077879 -0.087092 0.328257 0.256119 0.905022
1642689819.749168 0.073370 0.067595 -0.084790 -0.085748 0.327242 0.261252 0.904050
1642689819.782501 0.066209 0.049483 -0.089659 -0.084368 0.323656 0.263105 0.904934
1642689819.815834 0.053433 0.042026 -0.094889 -0.085918 0.322919 0.263002 0.905081
1642689819.849168 0.039550 0.033524 -0.098567 -0.087365 0.322432 0.260348 0.905883
1642689819.882501 0.025169 0.024004 -0.098858 -0.087990 0.321788 0.257113 0.906974
1642689819.915834 0.012742 0.014320 -0.095107 -0.087119 0.321056 0.255771 0.907697
1642689819.949168 0.002277 0.004380 -0.087846 -0.082320 0.319750 0.255944 0.908557
1642689819.982501 -0.005998 -0.005300 -0.078039 -0.074180 0.317392 0.257749 0.909574
1642689820.015834 -0.012368 -0.015544 -0.064298 -0.062822 0.313422 0.262337 0.910494
1642689820.049168 -0.007358 -0.008796 -0.058797 -0.053672 0.311671 0.268728 0.909816
1642689820.082501 -0.008792 -0.013083 -0.043914 -0.045877 0.306799 0.271017 0.911219
1642689820.115834 -0.012215 -0.013148 -0.029999 -0.042565 0.296929 0.268046 0.915518
1642689820.149168 -0.011833 -0.014757 -0.016776 -0.042537 0.291937 0.263312 0.918493
1642689820.182501 -0.019488 -0.016703 -0.003186 -0.043479 0.285439 0.253476 0.923246
1642689820.215834 -0.017286 -0.015887 0.009257 -0.045007 0.278753 0.242638 0.928115
1642689820.249168 -0.010607 -0.004030 0.014985 -0.047276 0.269831 0.228995 0.934087
1642689820.282501 -0.006129 0.000649 0.025708 -0.048508 0.262979 0.221507 0.937776
1642689820.315834 -0.008168 0.003530 0.038268 -0.051422 0.259562 0.216730 0.939687
1642689820.349168 -0.002254 0.008700 0.045164 -0.054274 0.259448 0.213028 0.940404
1642689820.382501 0.006300 0.015573 0.051434 -0.058162 0.261148 0.210316 0.940312
1642689820.415834 0.014314 0.022193 0.054384 -0.061818 0.263202 0.207593 0.940111
1642689820.449168 0.021245 0.028316 0.054144 -0.065867 0.264991 0.202338 0.940479
1642689820.482501 0.027478 0.034255 0.051163 -0.071137 0.268158 0.193997 0.940955
1642689820.515834 0.036144 0.030218 0.034069 -0.074113 0.273044 0.181975 0.941722
1642689820.549168 0.041845 0.033711 0.027973 -0.079704 0.280865 0.171188 0.940987
1642689820.582501 0.049352 0.046843 0.011606 -0.086131 0.293335 0.160439 0.938507
1642689820.615834 0.053080 0.050815 0.002471 -0.088942 0.304444 0.158568 0.935018
1642689820.649168 0.062792 0.055039 -0.000627 -0.091703 0.317673 0.163680 0.929453
1642689820.682501 0.064605 0.056733 -0.011076 -0.089356 0.327028 0.170439 0.925213
1642689820.715834 0.078858 0.042542 -0.012682 -0.084234 0.335406 0.180158 0.920842
1642689820.749168 0.078566 0.040560 -0.021572 -0.080083 0.341585 0.182339 0.918509
1642689820.782501 0.076533 0.037715 -0.032282 -0.075863 0.349138 0.182380 0.916016
1642689820.815834 0.073814 0.034417 -0.041986 -0.072512 0.356921 0.183397 0.913080
1642689820.849168 0.077824 0.030664 -0.049325 -0.070485 0.363584 0.186033 0.910072
1642689820.882501 0.074631 0.026524 -0.056786 -0.069476 0.370119 0.189865 0.906717
1642689820.915834 0.067639 0.017973 -0.066279 -0.069785 0.375613 0.195667 0.903194
1642689820.949168 0.064307 0.012674 -0.070110 -0.069659 0.379113 0.197040 0.901441
1642689820.982501 0.060486 0.005926 -0.072089 -0.068359 0.380251 0.196743 0.901126
1642689821.015834 0.056047 -0.002769 -0.071384 -0.064802 0.377825 0.194584 0.902877
1642689821.049168 0.051159 -0.012051 -0.067640 -0.059746 0.371292 0.189800 0.906945
1642689821.082501 0.045526 -0.022980 -0.060431 -0.052294 0.360186 0.184467 0.912964
1642689821.115834 0.056815 -0.026734 -0.047678 -0.044130 0.349956 0.181957 0.917865
1642689821.149168 0.054868 -0.033778 -0.038707 -0.037163 0.337099 0.178381 0.923668
1642689821.182501 0.034341 -0.043168 -0.027824 -0.030020 0.319015 0.171210 0.931673
1642689821.215834 0.032750 -0.048567 -0.017149 -0.025153 0.305873 0.164661 0.937388
1642689821.249168 0.029345 -0.045623 -0.005981 -0.021799 0.291664 0.153126 0.943933
1642689821.282501 0.029662 -0.047718 0.005852 -0.019750 0.281488 0.143149 0.948622
1642689821.315834 0.025091 -0.046560 0.016755 -0.018194 0.273458 0.131350 0.952700
1642689821.349168 0.026632 -0.045400 0.027259 -0.016527 0.268462 0.122756 0.955294
1642689821.382501 0.018419 -0.027523 0.032014 -0.014238 0.263926 0.115219 0.957531
1642689821.415834 0.019665 -0.022273 0.041007 -0.008972 0.262611 0.117594 0.957667
1642689821.449168 0.022770 -0.020940 0.045260 -0.001942 0.263263 0.128015 0.956191
1642689821.482501 0.024978 -0.014379 0.051005 0.003726 0.264072 0.138666 0.954476
1642689821.515834 0.040181 -0.018584 0.054875 0.008223 0.264783 0.152752 0.952097
1642689821.549168 0.042336 -0.011493 0.056805 0.010248 0.266347 0.161428 0.950208
1642689821.582501 0.051043 -0.007385 0.059894 0.011700 0.268675 0.169844 0.948066
1642689821.615834 0.051283 0.001234 0.059050 0.009687 0.271222 0.174345 0.946546
1642689821.649168 0.049645 0.010986 0.057058 0.006329 0.274139 0.179106 0.944843
1642689821.682501 0.045860 0.021402 0.053688 0.002844 0.276956 0.187384 0.942430
1642689821.715834 0.048612 0.033531 0.040971 -0.001306 0.278987 0.198727 0.939507
1642689821.749168 0.043392 0.042752 0.037100 -0.004654 0.280760 0.210387 0.936424
1642689821.782501 0.044850 0.045564 0.041726 -0.009984 0.282357 0.227048 0.932000
1642689821.815834 0.036790 0.054689 0.036224 -0.014154 0.284393 0.237595 0.928692
1642689821.849168 0.029489 0.064944 0.021866 -0.019495 0.287184 0.248253 0.924941
1642689821.882501 0.018965 0.073152 0.015830 -0.024549 0.290388 0.262498 0.919873
1642689821.915834 0.013758 0.073142 0.009778 -0.031069 0.294549 0.283634 0.912046
1642689821.949168 0.004194 0.078239 0.004542 -0.036207 0.298412 0.299841 0.905392
1642689821.982501 -0.002964 0.080339 0.000499 -0.041805 0.303082 0.316815 0.897787
1642689822.015834 -0.012328 0.080419 -0.004032 -0.044778 0.305424 0.328512 0.892631
1642689822.049168 -0.013969 0.070772 -0.000729 -0.046116 0.307053 0.339644 0.887825
1642689822.082501 -0.022181 0.067039 -0.004376 -0.046909 0.305098 0.346268 0.885897
1642689822.115834 -0.030145 0.060462 -0.007848 -0.046392 0.301653 0.352948 0.884467
1642689822.149168 -0.036309 0.052346 -0.010492 -0.044928 0.298320 0.357867 0.883695
1642689822.182501 -0.041586 0.041922 -0.012459 -0.043756 0.295156 0.359450 0.884174
1642689822.215834 -0.045044 0.030687 -0.013450 -0.042702 0.292705 0.356311 0.886309
1642689822.249168 -0.046409 0.019354 -0.013612 -0.040619 0.290826 0.349694 0.889654
1642689822.282501 -0.045655 0.006579 -0.013174 -0.037430 0.288471 0.338679 0.894807
1642689822.315834 -0.027552 0.005222 -0.029525 -0.032627 0.288209 0.321212 0.901495
1642689822.349168 -0.023570 -0.004157 -0.028324 -0.027835 0.285370 0.305046 0.908150
1642689822.382501 -0.032293 -0.007780 -0.029107 -0.020209 0.280457 0.276905 0.918836
1642689822.415834 -0.027675 -0.015816 -0.026614 -0.015720 0.279682 0.253606 0.925859
1642689822.449168 -0.022314 -0.007178 -0.021509 -0.010667 0.278412 0.223290 0.934085
1642689822.482501 -0.015435 -0.011561 -0.018336 -0.004950 0.276231 0.200834 0.939860
1642689822.515834 -0.011881 -0.012426 -0.013112 -0.001130 0.274949 0.182323 0.944013
1642689822.549168 -0.003934 -0.012870 -0.009428 0.001272 0.273631 0.168220 0.947009
1642689822.582501 0.008806 -0.011021 -0.009181 0.002908 0.271591 0.153619 0.950069
1642689822.615834 0.017634 -0.007866 -0.004491 0.003284 0.271087 0.142957 0.951874
1642689822.649168 0.024036 -0.005798 0.000999 0.003120 0.271855 0.133609 0.953013
1642689822.682501 0.031329 0.000397 0.005026 0.003352 0.273434 0.125232 0.953698
1642689822.715834 0.036647 0.008514 0.007860 0.004136 0.275236 0.119947 0.953856
1642689822.749168 0.038542 0.016519 0.008561 0.005982 0.277163 0.121486 0.953093
1642689822.782501 0.037474 0.025205 0.006858 0.009102 0.280341 0.130609 0.950930
1642689822.815834 0.033591 0.034050 0.002602 0.011029 0.284309 0.145145 0.947618
1642689822.849168 0.037457 0.044745 -0.007596 0.005949 0.290114 0.162309 0.943109
1642689822.882501 0.031700 0.055098 -0.015502 0.002189 0.297371 0.177011 0.938207
1642689822.915834 0.044966 0.036780 -0.025005 -0.002656 0.305639 0.194795 0.932004
1642689822.949168 0.038914 0.043288 -0.035085 -0.010431 0.314131 0.201234 0.927749
1642689822.982501 0.040301 0.054994 -0.050741 -0.019407 0.324933 0.205099 0.923026
1642689823.015834 0.032748 0.062523 -0.062239 -0.027147 0.334433 0.210492 0.918210
1642689823.049168 0.027484 0.068821 -0.076501 -0.035397 0.345799 0.220025 0.911460
1642689823.082501 0.018184 0.078504 -0.087403 -0.042022 0.355832 0.229189 0.905036
1642689823.115834 0.024546 0.082859 -0.090348 -0.046870 0.365344 0.238326 0.898625
1642689823.149168 0.015659 0.092154 -0.096839 -0.053503 0.372005 0.247519 0.893020
1642689823.182501 -0.002853 0.097984 -0.100966 -0.063644 0.378660 0.263307 0.885006
1642689823.215834 -0.013541 0.109053 -0.103892 -0.071759 0.381910 0.276089 0.879074
1642689823.249168 -0.016310 0.121531 -0.102573 -0.080928 0.382293 0.291357 0.873163
1642689823.282501 -0.027557 0.132533 -0.100895 -0.088597 0.381267 0.307786 0.867211
1642689823.315834 -0.038435 0.132682 -0.096823 -0.095802 0.378064 0.328117 0.860365
1642689823.349168 -0.046691 0.141294 -0.090850 -0.101973 0.371982 0.343274 0.856385
1642689823.382501 -0.055368 0.155621 -0.086939 -0.110384 0.361901 0.360831 0.852434
1642689823.415834 -0.060822 0.161816 -0.076183 -0.113747 0.352843 0.373676 0.850252
1642689823.449168 -0.062450 0.155611 -0.061721 -0.115120 0.342063 0.388249 0.847940
1642689823.482501 -0.064851 0.157837 -0.047851 -0.114673 0.332136 0.394894 0.848878
1642689823.515834 -0.074392 0.173457 -0.042375 -0.111936 0.322610 0.392691 0.853924
1642689823.549168 -0.074613 0.171370 -0.030233 -0.108348 0.314360 0.392210 0.857677
1642689823.582501 -0.077265 0.164519 -0.015097 -0.103625 0.305099 0.390331 0.862449
1642689823.615834 -0.074705 0.158540 -0.005802 -0.097755 0.298779 0.383345 0.868459
1642689823.649168 -0.070053 0.166469 -0.003544 -0.089221 0.293878 0.366688 0.878188
1642689823.682501 -0.066852 0.156447 0.000157 -0.080633 0.292013 0.352933 0.885248
1642689823.715834 -0.067811 0.157302 -0.004714 -0.071395 0.293219 0.333952 0.892973
1642689823.749168 -0.064582 0.147659 -0.006974 -0.064037 0.297779 0.318774 0.897558
1642689823.782501 -0.061451 0.128721 -0.021961 -0.057070 0.307273 0.301306 0.900856
1642689823.815834 -0.058014 0.118618 -0.029492 -0.055703 0.320208 0.284792 0.901808
1642689823.849168 -0.032706 0.107433 -0.046108 -0.055215 0.337341 0.263181 0.902158
1642689823.882501 -0.028219 0.096225 -0.056460 -0.057620 0.353913 0.243124 0.901286
1642689823.915834 -0.012391 0.081864 -0.058266 -0.057958 0.370502 0.222173 0.900005
1642689823.949168 -0.005547 0.071075 -0.066238 -0.056085 0.381260 0.203459 0.900056
1642689823.982501 0.007331 0.066148 -0.069748 -0.051393 0.390702 0.177844 0.901711
1642689824.015834 0.015350 0.054274 -0.073143 -0.045094 0.397004 0.159291 0.902763
1642689824.049168 0.022582 0.035821 -0.079780 -0.035373 0.401500 0.139463 0.904487
1642689824.082501 0.031923 0.023336 -0.076252 -0.026676 0.401243 0.120267 0.907650
1642689824.115834 0.032109 0.018781 -0.066314 -0.019474 0.395510 0.102283 0.912541
1642689824.149168 0.039126 0.009630 -0.057398 -0.012790 0.389946 0.089326 0.916406
1642689824.182501 0.040680 -0.001010 -0.047172 -0.006301 0.382007 0.076259 0.920986
1642689824.215834 0.045982 -0.006470 -0.033997 -0.002616 0.372397 0.069516 0.925463
1642689824.249168 0.045013 -0.007472 -0.021155 -0.001259 0.360294 0.068209 0.930341
1642689824.282501 0.046400 -0.007647 -0.007452 0.000590 0.349383 0.070678 0.934310
1642689824.315834 0.046774 -0.010660 0.001632 0.001074 0.339089 0.078901 0.937439
1642689824.349168 0.045209 -0.006965 0.009812 -0.000630 0.329812 0.086690 0.940058
1642689824.382501 0.047524 -0.005669 0.010431 -0.007117 0.319762 0.099852 0.942195
1642689824.415834 0.041755 0.000340 0.012288 -0.015926 0.314746 0.112443 0.942358
1642689824.449168 0.042894 0.001856 0.005447 -0.027947 0.312143 0.130585 0.940603
1642689824.482501 0.035546 0.009265 -0.000594 -0.040010 0.313695 0.146258 0.937338
1642689824.515834 0.041298 0.013046 -0.016652 -0.051248 0.320028 0.162706 0.931924
1642689824.549168 0.036363 0.017072 -0.026688 -0.060433 0.328222 0.175676 0.926151
1642689824.582501 0.045955 0.016176 -0.040568 -0.069074 0.342463 0.191243 0.917264
1642689824.615834 0.044326 0.017073 -0.053035 -0.074418 0.355379 0.200780 0.909866
1642689824.649168 0.055362 0.017800 -0.061360 -0.075442 0.371304 0.204897 0.902474
1642689824.682501 0.058144 0.014365 -0.073851 -0.074974 0.385678 0.206126 0.896183
1642689824.715834 0.061877 0.007323 -0.085687 -0.070720 0.400389 0.201198 0.891183
1642689824.749168 0.067191 0.000286 -0.094102 -0.065439 0.411302 0.192697 0.888491
1642689824.782501 0.075520 0.001136 -0.092371 -0.055439 0.420980 0.176076 0.888087
1642689824.815834 0.082936 -0.007036 -0.095469 -0.044416 0.427989 0.164259 0.887621
1642689824.849168 0.083098 -0.016174 -0.096239 -0.030738 0.434362 0.149926 0.887641
1642689824.882501 0.092339 -0.024698 -0.094199 -0.018796 0.436650 0.135453 0.889177
1642689824.915834 0.098770 -0.029308 -0.087257 -0.008757 0.433224 0.118705 0.893392
1642689824.949168 0.105729 -0.035211 -0.080206 -0.001471 0.429627 0.106193 0.896739
1642689824.982501 0.105906 -0.039025 -0.071666 0.005966 0.423580 0.093471 0.901003
1642689825.015834 0.110720 -0.040526 -0.059594 0.011846 0.415084 0.086102 0.905622
1642689825.049168 0.109170 -0.036202 -0.049468 0.015281 0.402837 0.083151 0.911359
1642689825.082501 0.110052 -0.033913 -0.034265 0.021046 0.391738 0.083488 0.916039
1642689825.115834 0.109647 -0.032649 -0.019743 0.026794 0.381422 0.089483 0.919670
1642689825.149168 0.107937 -0.027083 -0.006956 0.031824 0.372014 0.098907 0.922394
1642689825.182501 0.105667 -0.026417 -0.001918 0.034815 0.361281 0.114552 0.924739
1642689825.215834 0.099505 -0.019271 0.008032 0.035226 0.352056 0.122939 0.927201
1642689825.249168 0.100643 -0.013455 0.017399 0.034187 0.343225 0.130978 0.929447
1642689825.282501 0.090922 -0.002687 0.021710 0.030588 0.335994 0.138275 0.931157
1642689825.315834 0.075322 0.013790 0.010500 0.025197 0.330155 0.147012 0.932068
1642689825.349168 0.063695 0.024882 0.007372 0.019392 0.329206 0.157484 0.930831
1642689825.382501 0.062229 0.032492 -0.003307 0.011136 0.331898 0.172963 0.927256
1642689825.415834 0.049701 0.044198 -0.013344 0.003323 0.338025 0.183951 0.922979
1642689825.449168 0.055208 0.051790 -0.026716 -0.004372 0.348122 0.193385 0.917275
1642689825.482501 0.042945 0.063489 -0.040363 -0.012603 0.358111 0.200277 0.911859
1642689825.515834 0.037151 0.076216 -0.048173 -0.021609 0.369704 0.207033 0.905532
1642689825.549168 0.025402 0.088286 -0.059527 -0.028775 0.377554 0.212706 0.900767
1642689825.582501 0.024040 0.104996 -0.067697 -0.037525 0.385318 0.221367 0.895053
1642689825.615834 0.012534 0.120741 -0.074144 -0.045580 0.390297 0.234980 0.889031
1642689825.649168 -0.002571 0.129852 -0.074715 -0.054777 0.394969 0.256343 0.880504
1642689825.682501 -0.011064 0.146050 -0.072449 -0.063285 0.394407 0.273797 0.874913
1642689825.715834 -0.008518 0.150172 -0.063878 -0.069767 0.387291 0.290829 0.872099
1642689825.749168 -0.012175 0.160315 -0.053253 -0.073815 0.378839 0.303581 0.871132
1642689825.782501 -0.020206 0.158954 -0.038597 -0.079990 0.365680 0.321539 0.869766
1642689825.815834 -0.021610 0.162514 -0.023331 -0.083318 0.352425 0.328341 0.872380
1642689825.849168 -0.036406 0.176879 -0.012407 -0.085408 0.336546 0.326931 0.878953
1642689825.882501 -0.037601 0.173208 0.001094 -0.083637 0.324603 0.324632 0.884450
1642689825.915834 -0.039676 0.163966 0.009809 -0.080199 0.313931 0.318517 0.890821
1642689825.949168 -0.039919 0.156896 0.015945 -0.074774 0.307634 0.306997 0.897509
1642689825.982501 -0.057889 0.172056 0.007751 -0.065501 0.302283 0.281181 0.908445
1642689826.015834 -0.059632 0.164632 0.006867 -0.057080 0.301601 0.265205 0.914027
1642689826.049168 -0.054623 0.155637 -0.003667 -0.047916 0.304738 0.247585 0.918445
1642689826.082501 -0.057293 0.149966 -0.011019 -0.039555 0.309724 0.232658 0.921074
1642689826.115834 -0.044641 0.151192 -0.025411 -0.031929 0.316826 0.219390 0.922209
1642689826.149168 -0.047879 0.149814 -0.035258 -0.028017 0.324747 0.212572 0.921177
1642689826.182501 -0.045608 0.139029 -0.046127 -0.025558 0.336863 0.209875 0.917509
1642689826.215834 -0.048767 0.141641 -0.057922 -0.026311 0.347436 0.205101 0.914620
1642689826.249168 -0.038036 0.149309 -0.061264 -0.029191 0.359560 0.199654 0.911045
1642689826.282501 -0.041479 0.156491 -0.072251 -0.033800 0.370473 0.197291 0.907019
1642689826.315834 -0.044193 0.159030 -0.081747 -0.041127 0.382252 0.200900 0.901017
1642689826.349168 -0.047873 0.168369 -0.089410 -0.046243 0.390145 0.203500 0.896792
1642689826.382501 -0.042638 0.178191 -0.092167 -0.051197 0.396996 0.208482 0.892361
1642689826.415834 -0.047894 0.189550 -0.097396 -0.055863 0.402308 0.216561 0.887766
1642689826.449168 -0.055229 0.195597 -0.106812 -0.062545 0.407095 0.231333 0.881389
1642689826.482501 -0.061745 0.209030 -0.110179 -0.068536 0.409410 0.243162 0.876675
1642689826.515834 -0.072651 0.224869 -0.110150 -0.075845 0.409785 0.254065 0.872797
1642689826.549168 -0.078848 0.237013 -0.110854 -0.083232 0.409453 0.264866 0.869061
1642689826.582501 -0.080307 0.242777 -0.108998 -0.093275 0.407959 0.282362 0.863215
1642689826.615834 -0.087404 0.255399 -0.107397 -0.101260 0.405041 0.295148 0.859404
1642689826.649168 -0.095776 0.272516 -0.105344 -0.109700 0.400194 0.307666 0.856243
1642689826.682501 -0.103294 0.283429 -0.101756 -0.116925 0.394899 0.320525 0.853022
1642689826.715834 -0.112045 0.288563 -0.096629 -0.123190 0.389163 0.334266 0.849496
1642689826.749168 -0.118714 0.296720 -0.091268 -0.127481 0.384174 0.343075 0.847619
1642689826.782501 -0.119673 0.313523 -0.084923 -0.130169 0.378394 0.348790 0.847479
1642689826.815834 -0.126107 0.320210 -0.076455 -0.130593 0.373625 0.357655 0.845833
1642689826.849168 -0.128943 0.330487 -0.066162 -0.128936 0.367974 0.368216 0.844030
1642689826.882501 -0.133865 0.335209 -0.054295 -0.126293 0.361473 0.377859 0.842977
1642689826.915834 -0.133633 0.339057 -0.043333 -0.122166 0.354055 0.385177 0.843421
1642689826.949168 -0.136232 0.339529 -0.030851 -0.119259 0.345346 0.389845 0.845301
1642689826.982501 -0.138431 0.342651 -0.018222 -0.114786 0.333240 0.391378 0.850058
1642689827.015834 -0.140655 0.339873 -0.003593 -0.110922 0.321014 0.391212 0.855336
1642689827.049168 -0.146991 0.347814 0.011897 -0.106780 0.306586 0.389666 0.861838
1642689827.082501 -0.148665 0.343259 0.027838 -0.100969 0.293055 0.388425 0.867785
1642689827.115834 -0.157731 0.347636 0.045491 -0.095603 0.280222 0.387043 0.873231
1642689827.149168 -0.157885 0.343028 0.059062 -0.090343 0.270344 0.385150 0.877731
1642689827.182501 -0.153539 0.338905 0.075076 -0.084899 0.260442 0.381910 0.882670
1642689827.215834 -0.150237 0.333241 0.087416 -0.081339 0.254314 0.375234 0.887642
1642689827.249168 -0.145040 0.328332 0.095287 -0.078844 0.249931 0.366298 0.892829
1642689827.282501 -0.139422 0.321695 0.105757 -0.076146 0.248810 0.356329 0.897399
1642689827.315834 -0.127819 0.312500 0.105741 -0.072918 0.249128 0.345615 0.901759
1642689827.349168 -0.122272 0.305451 0.111723 -0.068377 0.250323 0.337541 0.904837
1642689827.382501 -0.109438 0.297623 0.109423 -0.060990 0.251390 0.326690 0.909042
1642689827.415834 -0.103801 0.290018 0.110409 -0.054078 0.251295 0.321237 0.911446
1642689827.449168 -0.098059 0.281043 0.108332 -0.046174 0.251648 0.315965 0.913623
1642689827.482501 -0.093343 0.272321 0.103429 -0.039749 0.252948 0.311010 0.915265
1642689827.515834 -0.081704 0.254106 0.087693 -0.035369 0.255011 0.306531 0.916383
1642689827.549168 -0.078256 0.246107 0.078160 -0.033448 0.258771 0.300055 0.917543
1642689827.582501 -0.069810 0.229384 0.053729 -0.033444 0.265390 0.291482 0.918416
1642689827.615834 -0.067480 0.223336 0.040348 -0.036904 0.270879 0.284298 0.918933
1642689827.649168 -0.062304 0.219097 0.031350 -0.044576 0.278150 0.278582 0.918171
1642689827.682501 -0.060393 0.214083 0.014341 -0.051679 0.283871 0.271667 0.918120
1642689827.715834 -0.060142 0.213724 -0.000579 -0.058564 0.290265 0.264688 0.917745
1642689827.749168 -0.058870 0.209882 -0.016959 -0.063226 0.295480 0.258725 0.917472
1642689827.782501 -0.062095 0.202090 -0.038872 -0.069528 0.302739 0.254730 0.915766
1642689827.815834 -0.061665 0.198498 -0.056620 -0.073834 0.308971 0.251408 0.914264
1642689827.849168 -0.058471 0.200746 -0.071064 -0.077216 0.315735 0.245574 0.913260
1642689827.882501 -0.058834 0.196775 -0.088863 -0.080370 0.320903 0.243894 0.911634
1642689827.915834 -0.059725 0.184813 -0.104076 -0.083886 0.326865 0.245765 0.908693
1642689827.949168 -0.059625 0.181182 -0.119731 -0.086825 0.331335 0.246021 0.906726
1642689827.982501 -0.053064 0.182093 -0.130539 -0.088685 0.335177 0.244025 0.905673
1642689828.015834 -0.052657 0.178734 -0.145951 -0.091308 0.337523 0.245146 0.904237
1642689828.049168 -0.052402 0.174802 -0.162508 -0.094166 0.338811 0.245327 0.903413
1642689828.082501 -0.052080 0.169789 -0.179641 -0.097255 0.339086 0.244212 0.903284
1642689828.115834 -0.050122 0.152629 -0.193065 -0.098848 0.340672 0.245127 0.902266
1642689828.149168 -0.047711 0.146219 -0.204007 -0.100334 0.343078 0.242774 0.901826
1642689828.182501 -0.036155 0.140057 -0.210796 -0.101040 0.344601 0.234634 0.903320
1642689828.215834 -0.032095 0.131564 -0.218544 -0.104831 0.349948 0.228450 0.902418
1642689828.249168 -0.023465 0.117846 -0.228272 -0.109307 0.358013 0.221197 0.900528
1642689828.282501 -0.016720 0.106770 -0.231505 -0.112710 0.366873 0.213417 0.898417
1642689828.315834 -0.007147 0.107576 -0.226570 -0.113675 0.375194 0.204917 0.896837
1642689828.349168 -0.000140 0.097705 -0.224724 -0.112048 0.381143 0.203097 0.894945
1642689828.382501 0.008739 0.084287 -0.219575 -0.106995 0.385501 0.199980 0.894399
1642689828.415834 0.016815 0.071370 -0.211487 -0.100553 0.385814 0.193129 0.896514
1642689828.449168 0.026380 0.051610 -0.206206 -0.094122 0.384411 0.185100 0.899504
1642689828.482501 0.034748 0.038648 -0.193887 -0.087272 0.380629 0.174561 0.903899
1642689828.515834 0.041747 0.034747 -0.181970 -0.080617 0.375198 0.163366 0.908867
1642689828.549168 0.047498 0.024924 -0.167750 -0.073981 0.371106 0.158205 0.912019
1642689828.582501 0.051547 0.013294 -0.149085 -0.065131 0.366192 0.152476 0.915649
1642689828.615834 0.057173 0.003871 -0.130567 -0.059395 0.361326 0.149587 0.918444
1642689828.649168 0.066626 -0.006938 -0.111359 -0.055479 0.355498 0.148399 0.921152
1642689828.682501 0.072457 -0.014841 -0.090455 -0.052419 0.349247 0.145952 0.924109
1642689828.715834 0.076896 -0.020933 -0.073420 -0.050472 0.342967 0.143070 0.927015
1642689828.749168 0.081453 -0.025629 -0.054478 -0.048619 0.336816 0.141795 0.929562
1642689828.782501 0.083678 -0.026602 -0.034541 -0.047580 0.328262 0.142475 0.932567
1642689828.815834 0.085080 -0.028846 -0.016023 -0.045590 0.320862 0.144708 0.934895
1642689828.849168 0.086087 -0.032226 -0.000060 -0.042732 0.311991 0.150386 0.937134
1642689828.882501 0.083869 -0.032296 0.016109 -0.039620 0.300913 0.155493 0.940055
1642689828.915834 0.075511 -0.029968 0.022069 -0.036354 0.287812 0.161932 0.943197
1642689828.949168 0.069083 -0.029060 0.032270 -0.033562 0.275613 0.168362 0.945814
1642689828.982501 0.063065 -0.031403 0.046158 -0.031595 0.261684 0.176653 0.948323
1642689829.015834 0.052787 -0.030208 0.051208 -0.030504 0.251527 0.182949 0.949912
1642689829.049168 0.041701 -0.028285 0.040947 -0.029352 0.241537 0.188779 0.951400
1642689829.082501 0.028343 -0.027079 0.040484 -0.028701 0.234848 0.194710 0.951898
1642689829.115834 0.021442 -0.024824 0.035154 -0.028610 0.230325 0.202960 0.951283
1642689829.149168 0.010226 -0.022800 0.030554 -0.028209 0.226932 0.210154 0.950548
1642689829.182501 -0.003443 -0.020077 0.022631 -0.027593 0.224214 0.219683 0.949055
1642689829.215834 -0.015271 -0.017270 0.013194 -0.027490 0.222877 0.229323 0.947091
1642689829.249167 -0.005553 -0.013093 -0.002336 -0.026649 0.223371 0.235892 0.945384
1642689829.282501 -0.010703 -0.009474 -0.012246 -0.026154 0.225367 0.244246 0.942799
1642689829.315834 -0.009629 -0.010067 -0.020321 -0.026104 0.229797 0.253865 0.939183
1642689829.349168 -0.009375 -0.005726 -0.027587 -0.025247 0.234954 0.260896 0.935998
1642689829.382501 -0.000559 0.001897 -0.036484 -0.024298 0.241731 0.265402 0.933026
1642689829.415834 0.004717 0.007022 -0.042051 -0.026142 0.248506 0.266971 0.930746
1642689829.449168 0.012767 0.013939 -0.047611 -0.030105 0.256025 0.265513 0.929004
1642689829.482501 0.022389 0.021651 -0.052652 -0.035712 0.263039 0.262138 0.927803
1642689829.515834 0.032325 0.028387 -0.060183 -0.041314 0.269643 0.260146 0.926234
1642689829.549168 0.043646 0.036356 -0.064143 -0.045870 0.274352 0.258031 0.925228
1642689829.582501 0.059307 0.046337 -0.068100 -0.050457 0.280628 0.256394 0.923561
1642689829.615834 0.074787 0.055164 -0.070306 -0.054042 0.286398 0.255148 0.921930
1642689829.649168 0.089171 0.062598 -0.070695 -0.056162 0.289826 0.253382 0.921219
1642689829.682501 0.103791 0.069531 -0.068702 -0.057132 0.291609 0.250333 0.921430
1642689829.715834 0.115869 0.074594 -0.064345 -0.057654 0.292002 0.245388 0.922603
1642689829.749167 0.125342 0.077938 -0.058766 -0.057939 0.291970 0.239690 0.924091
1642689829.782501 0.107770 0.088744 -0.055120 -0.056644 0.289528 0.232946 0.926661
1642689829.815834 0.110662 0.089100 -0.050067 -0.055957 0.288664 0.228716 0.928025
1642689829.849168 0.111192 0.087313 -0.044833 -0.053669 0.287471 0.225686 0.929272
1642689829.882501 0.108739 0.083059 -0.040270 -0.049855 0.285897 0.225049 0.930124
1642689829.915834 0.103552 0.076990 -0.037182 -0.045288 0.284868 0.227097 0.930175
1642689829.949168 0.095840 0.069675 -0.035356 -0.040462 0.284270 0.230284 0.929797
1642689829.982501 0.086372 0.061719 -0.034662 -0.035723 0.284102 0.235278 0.928792
1642689830.015834 0.073955 0.052030 -0.035004 -0.030966 0.284487 0.242094 0.927092
1642689830.049168 0.060155 0.041984 -0.036192 -0.026661 0.284831 0.248068 0.925539
1642689830.082501 0.043259 0.030544 -0.038124 -0.021926 0.285186 0.253915 0.923967
1642689830.115834 0.062297 0.044163 -0.055852 -0.023081 0.287776 0.258499 0.921862
1642689830.149168 0.049712 0.037306 -0.058055 -0.020787 0.287346 0.262351 0.920963
1642689830.182501 0.033084 0.028883 -0.060619 -0.017810 0.285584 0.266786 0.920299
1642689830.215834 0.016644 0.021347 -0.062507 -0.015940 0.282456 0.269124 0.920618
1642689830.249167 0.001018 0.014429 -0.063244 -0.014197 0.278955 0.270211 0.921395
1642689830.282501 -0.015084 0.008023 -0.061909 -0.011863 0.274627 0.269475 0.922942
1642689830.315834 -0.028642 0.003327 -0.057524 -0.010162 0.270531 0.268559 0.924438
1642689830.349168 -0.039563 -0.000392 -0.050359 -0.009682 0.267953 0.269135 0.925026
1642689830.382501 -0.049504 -0.003731 -0.039728 -0.008478 0.264111 0.270060 0.925873
1642689830.415834 -0.057053 -0.006252 -0.028098 -0.005331 0.256899 0.272288 0.927272
1642689830.449168 -0.035280 -0.009531 -0.015172 -0.003012 0.249239 0.273221 0.929097
1642689830.482501 -0.037496 -0.009733 -0.004960 -0.000260 0.238681 0.271681 0.932320
1642689830.515834 -0.045582 -0.013189 -0.000975 0.002269 0.228428 0.269145 0.935616
1642689830.549168 -0.046216 -0.011948 0.006399 0.003359 0.221140 0.266095 0.938232
1642689830.582501 -0.044952 -0.008544 0.014367 0.003366 0.214482 0.262694 0.940733
1642689830.615834 -0.042089 -0.003909 0.020276 0.002350 0.210795 0.260397 0.942207
1642689830.649168 -0.035475 0.007409 0.026276 -0.000195 0.209442 0.257760 0.943236
1642689830.682501 -0.032824 0.014163 0.027008 -0.002992 0.208537 0.255866 0.943947
1642689830.715834 -0.029981 0.022611 0.025560 -0.007946 0.207264 0.253361 0.944874
1642689830.749167 -0.027652 0.031711 0.022557 -0.014158 0.207396 0.249371 0.945833
1642689830.782501 -0.025495 0.042753 0.018266 -0.022771 0.210621 0.243672 0.946438
1642689830.815834 -0.024278 0.054227 0.012637 -0.033688 0.216092 0.237601 0.946422
1642689830.849168 -0.014139 0.056251 -0.000683 -0.042562 0.222861 0.235148 0.945107
1642689830.882501 -0.014373 0.065867 -0.008237 -0.054696 0.232251 0.231727 0.943065
1642689830.915834 -0.019225 0.074485 -0.014837 -0.067980 0.243344 0.231473 0.939459
1642689830.949168 -0.022563 0.083161 -0.022985 -0.077831 0.254012 0.232931 0.935502
1642689830.982501 -0.015347 0.091904 -0.032610 -0.087210 0.266837 0.236535 0.930185
1642689831.015834 -0.019999 0.099550 -0.041888 -0.094352 0.277204 0.242628 0.924871
1642689831.049168 -0.018859 0.096037 -0.055283 -0.099601 0.288258 0.253351 0.918042
1642689831.082501 -0.024168 0.102309 -0.064521 -0.103002 0.297373 0.260501 0.912743
1642689831.115834 -0.026786 0.107583 -0.069688 -0.105091 0.305845 0.265929 0.908128
1642689831.149168 -0.032436 0.112037 -0.076492 -0.107215 0.313674 0.271350 0.903594
1642689831.182501 -0.038875 0.112661 -0.083562 -0.109595 0.323637 0.280128 0.897093
1642689831.215834 -0.044704 0.118186 -0.088802 -0.110452 0.331250 0.286335 0.892236
1642689831.249167 -0.048553 0.130689 -0.090436 -0.111068 0.337950 0.293293 0.887374
1642689831.282501 -0.055394 0.137197 -0.092318 -0.110623 0.343316 0.301937 0.882457
1642689831.315834 -0.062076 0.138542 -0.093530 -0.108644 0.347638 0.314058 0.876762
1642689831.349168 -0.067562 0.144333 -0.091587 -0.106758 0.349188 0.323443 0.872958
1642689831.382501 -0.073408 0.152812 -0.091307 -0.104048 0.348303 0.334682 0.869395
1642689831.415834 -0.078757 0.156635 -0.084885 -0.101967 0.345661 0.346155 0.866197
1642689831.449168 -0.085366 0.154150 -0.075616 -0.100815 0.341272 0.362841 0.861229
1642689831.482501 -0.090055 0.157002 -0.065876 -0.098750 0.335112 0.376761 0.857904
1642689831.515834 -0.091971 0.161242 -0.058576 -0.096054 0.326513 0.389608 0.855785
1642689831.549168 -0.095047 0.161451 -0.047939 -0.093727 0.317123 0.400846 0.854383
1642689831.582501 -0.089983 0.164054 -0.035160 -0.090108 0.304021 0.413984 0.853270
1642689831.615834 -0.090968 0.163139 -0.024222 -0.086230 0.291826 0.423149 0.853432
1642689831.649168 -0.093157 0.167979 -0.015361 -0.081247 0.278961 0.430973 0.854308
1642689831.682501 -0.091211 0.165632 -0.005998 -0.075612 0.268302 0.435084 0.856154
1642689831.715834 -0.088405 0.169812 0.002267 -0.068656 0.260174 0.433712 0.859936
1642689831.749167 -0.083239 0.165979 0.007458 -0.062068 0.253032 0.428831 0.865001
1642689831.782501 -0.079078 0.161774 0.008867 -0.053876 0.244514 0.417012 0.873734
1642689831.815834 -0.072516 0.155592 0.011788 -0.046762 0.240498 0.404135 0.881277
1642689831.849168 -0.072325 0.158369 0.008982 -0.040447 0.238957 0.385768 0.890195
1642689831.882501 -0.065139 0.150390 0.008981 -0.035850 0.241560 0.370449 0.896176
1642689831.915834 -0.055288 0.148278 0.002561 -0.033764 0.247651 0.356015 0.900434
1642689831.949168 -0.049281 0.140479 0.000221 -0.032290 0.254475 0.346003 0.902486
1642689831.982501 -0.035721 0.122819 -0.013644 -0.029510 0.261630 0.335638 0.904448
1642689832.015834 -0.030502 0.113549 -0.017961 -0.027168 0.267236 0.327276 0.905945
1642689832.049168 -0.024845 0.100968 -0.027076 -0.025506 0.273819 0.317278 0.907583
1642689832.082501 -0.022756 0.089354 -0.033458 -0.025374 0.280407 0.307930 0.908794
1642689832.115834 -0.019727 0.073141 -0.039267 -0.026719 0.288020 0.300975 0.908705
1642689832.149168 -0.019566 0.063175 -0.045314 -0.028078 0.293917 0.294846 0.908785
1642689832.182501 -0.015532 0.058804 -0.052868 -0.029787 0.300601 0.286193 0.909310
1642689832.215834 -0.015750 0.048712 -0.058299 -0.033678 0.307027 0.280779 0.908715
1642689832.249167 -0.006285 0.029019 -0.065923 -0.038526 0.314364 0.276247 0.907402
1642689832.282501 -0.005203 0.017755 -0.070401 -0.043899 0.319610 0.270106 0.907174
1642689832.315834 0.000382 0.010921 -0.068447 -0.047690 0.322746 0.260816 0.908590
1642689832.349168 0.002500 -0.000098 -0.069752 -0.049934 0.325751 0.253541 0.909456
1642689832.382501 0.003555 -0.013674 -0.072250 -0.050355 0.329501 0.246259 0.910083
1642689832.415834 0.007006 -0.024706 -0.069412 -0.047191 0.331240 0.242967 0.910505
1642689832.449168 0.012646 -0.036555 -0.064536 -0.040446 0.332165 0.242017 0.910746
1642689832.482501 0.019700 -0.047094 -0.058491 -0.032416 0.332138 0.241839 0.911124
1642689832.515834 0.031054 -0.056672 -0.052104 -0.023808 0.331203 0.237286 0.912926
1642689832.549168 0.038747 -0.065231 -0.046095 -0.017304 0.329264 0.230985 0.915386
1642689832.582501 0.043965 -0.080709 -0.042911 -0.010912 0.326583 0.222463 0.918550
1642689832.615834 0.052304 -0.088839 -0.035833 -0.007939 0.322084 0.214901 0.921963
1642689832.649168 0.060866 -0.090768 -0.026432 -0.007288 0.316594 0.207589 0.925539
1642689832.682501 0.068264 -0.096331 -0.018548 -0.007198 0.313035 0.203839 0.927581
1642689832.715834 0.076795 -0.101912 -0.010444 -0.007358 0.310488 0.202108 0.928814
1642689832.749167 0.084804 -0.106592 -0.003750 -0.007584 0.310140 0.199154 0.929566
1642689832.782501 0.096002 -0.120215 0.000896 -0.008948 0.313906 0.193337 0.929518
1642689832.815834 0.102024 -0.124792 0.004080 -0.010486 0.316002 0.183223 0.930839
1642689832.849168 0.097053 -0.117692 0.001085 -0.010375 0.315646 0.170481 0.933379
1642689832.882501 0.098304 -0.121408 0.002142 -0.009932 0.315904 0.161428 0.934905
1642689832.915834 0.097927 -0.125706 0.000008 -0.009339 0.316997 0.156217 0.935426
1642689832.949168 0.096847 -0.129848 -0.004971 -0.007140 0.320925 0.156647 0.934033
1642689832.982501 0.094457 -0.134223 -0.008515 -0.005174 0.327467 0.159118 0.931354
1642689833.015834 0.090601 -0.135935 -0.016636 -0.002899 0.333213 0.158811 0.929376
1642689833.049168 0.084235 -0.136779 -0.025857 -0.000491 0.338744 0.157039 0.927680
1642689833.082501 0.075082 -0.136276 -0.036255 0.001405 0.342711 0.156221 0.926360
1642689833.115834 0.085507 -0.140233 -0.044634 0.002989 0.345120 0.160941 0.924652
1642689833.149168 0.079436 -0.138867 -0.051968 0.003799 0.348344 0.164885 0.922743
1642689833.182501 0.071377 -0.135536 -0.061534 0.004771 0.351903 0.169057 0.920631
1642689833.215834 0.063518 -0.130170 -0.069860 0.004426 0.356115 0.169420 0.918945
1642689833.249167 0.063698 -0.141663 -0.073137 0.003318 0.360462 0.166564 0.917776
1642689833.282501 0.056569 -0.136570 -0.078605 0.002453 0.362184 0.161264 0.918047
1642689833.315834 0.048751 -0.130037 -0.082683 0.002550 0.362884 0.158521 0.918248
1642689833.349168 0.041892 -0.123217 -0.084725 0.002508 0.363365 0.162596 0.917345
1642689833.382501 0.035125 -0.098515 -0.083266 0.001837 0.361724 0.171510 0.916372
1642689833.415834 0.029785 -0.089114 -0.080173 -0.000631 0.360841 0.184331 0.914230
1642689833.449168 0.029093 -0.095168 -0.073044 -0.005277 0.358992 0.202258 0.911147
1642689833.482501 0.027753 -0.085495 -0.065971 -0.010047 0.352912 0.212912 0.911055
1642689833.515834 0.041392 -0.078979 -0.063453 -0.014780 0.343737 0.217945 0.913305
1642689833.549168 0.041298 -0.072085 -0.054524 -0.018678 0.334661 0.219666 0.916188
1642689833.582501 0.023688 -0.052560 -0.042428 -0.024529 0.322006 0.222452 0.919905
1642689833.615834 0.022694 -0.042039 -0.031693 -0.029810 0.308990 0.229160 0.922563
1642689833.649168 0.028750 -0.031590 -0.026159 -0.036989 0.294745 0.236164 0.925194
1642689833.682501 0.028930 -0.022245 -0.015178 -0.043211 0.283214 0.237081 0.928286
1642689833.715834 0.024932 -0.016617 -0.010680 -0.048965 0.274811 0.231873 0.931835
1642689833.749167 0.025914 -0.009800 -0.001732 -0.053952 0.268033 0.222314 0.935855
1642689833.782501 0.021610 0.011479 0.010207 -0.059949 0.260346 0.203164 0.941993
1642689833.815834 0.018264 0.019102 0.016541 -0.064540 0.255998 0.189706 0.945680
1642689833.849168 0.007503 0.034603 0.020768 -0.071724 0.253045 0.177813 0.948265
1642689833.882501 -0.001547 0.043341 0.020916 -0.078582 0.251233 0.170884 0.949476
1642689833.915834 -0.013617 0.051791 0.016787 -0.087290 0.250033 0.167025 0.949719
1642689833.949168 -0.026961 0.059270 0.009153 -0.095027 0.249338 0.166155 0.949312
1642689833.982501 -0.041066 0.066102 -0.000855 -0.101706 0.248923 0.166756 0.948623
1642689834.015834 -0.057893 0.073747 -0.013995 -0.109191 0.249162 0.167249 0.947641
1642689834.049167 -0.038043 0.074461 -0.032208 -0.115147 0.251888 0.169157 0.945875
1642689834.082501 -0.050684 0.082201 -0.045271 -0.124551 0.254571 0.168898 0.944010
1642689834.115834 -0.065207 0.091959 -0.059795 -0.137223 0.257722 0.167468 0.941650
1642689834.149168 -0.079636 0.103606 -0.073083 -0.149631 0.260519 0.164992 0.939424
1642689834.182501 -0.078248 0.098219 -0.078507 -0.158663 0.261316 0.166220 0.937503
1642689834.215834 -0.090126 0.109348 -0.086103 -0.170007 0.262706 0.167373 0.934917
1642689834.249167 -0.102942 0.122177 -0.092107 -0.181394 0.264097 0.171775 0.931581
1642689834.282501 -0.116371 0.136261 -0.095593 -0.191073 0.264686 0.182517 0.927427
1642689834.315834 -0.120485 0.153504 -0.086717 -0.195085 0.263773 0.196116 0.924069
1642689834.349168 -0.130790 0.165558 -0.085575 -0.198734 0.262470 0.212902 0.919938
1642689834.382501 -0.146357 0.163389 -0.079930 -0.204297 0.259139 0.241720 0.912514
1642689834.415834 -0.155808 0.174484 -0.075599 -0.207848 0.253320 0.258627 0.908703
1642689834.449168 -0.156160 0.182483 -0.071121 -0.210753 0.242828 0.273454 0.906554
1642689834.482501 -0.162071 0.192152 -0.061690 -0.212446 0.231140 0.283268 0.906201
1642689834.515834 -0.183761 0.206637 -0.054373 -0.213909 0.220597 0.291653 0.905825
1642689834.549167 -0.187024 0.214530 -0.044378 -0.213178 0.212755 0.295927 0.906486
1642689834.582501 -0.185927 0.233664 -0.037755 -0.210255 0.206069 0.297065 0.908340
1642689834.615834 -0.187676 0.240338 -0.027380 -0.206127 0.202116 0.298764 0.909616
1642689834.649168 -0.188903 0.246651 -0.017014 -0.201124 0.199191 0.298167 0.911575
1642689834.682501 -0.190057 0.252035 -0.008333 -0.195326 0.196708 0.294842 0.914452
1642689834.715834 -0.201417 0.257670 -0.002687 -0.192182 0.195890 0.291546 0.916348
1642689834.749167 -0.202013 0.259823 -0.001320 -0.190376 0.195677 0.285931 0.918537
1642689834.782501 -0.203446 0.260625 -0.003415 -0.189166 0.197496 0.279262 0.920448
1642689834.815834 -0.205591 0.259305 -0.009414 -0.188329 0.201320 0.274832 0.921124
1642689834.849168 -0.208049 0.256337 -0.018177 -0.188129 0.207398 0.274250 0.919989
1642689834.882501 -0.210868 0.251240 -0.030396 -0.187723 0.216459 0.278589 0.916675
1642689834.915834 -0.199601 0.264944 -0.052411 -0.186353 0.223729 0.284480 0.913394
1642689834.949168 -0.202338 0.261779 -0.064010 -0.187924 0.234623 0.295738 0.906739
1642689834.982501 -0.195795 0.232068 -0.075045 -0.190505 0.249007 0.314234 0.896081
1642689835.015834 -0.195256 0.226310 -0.084868 -0.192260 0.263828 0.324996 0.887586
1642689835.049167 -0.181352 0.217629 -0.093926 -0.192072 0.281032 0.329967 0.880484
1642689835.082501 -0.175993 0.207915 -0.097459 -0.189079 0.296380 0.328886 0.876494
1642689835.115834 -0.173894 0.199225 -0.094675 -0.181178 0.305286 0.322111 0.877622
1642689835.149168 -0.166892 0.191213 -0.090155 -0.170394 0.308045 0.314291 0.881644
1642689835.182501 -0.163472 0.195909 -0.081250 -0.153031 0.305476 0.298236 0.891247
1642689835.215834 -0.157221 0.189076 -0.070396 -0.139131 0.297233 0.290351 0.898883
1642689835.249167 -0.161673 0.178781 -0.061574 -0.127434 0.287166 0.288344 0.904518
1642689835.282501 -0.155472 0.172352 -0.048303 -0.118181 0.275722 0.284361 0.910576
1642689835.315834 -0.149019 0.172275 -0.036581 -0.111246 0.263903 0.280410 0.916160
1642689835.349168 -0.143565 0.165414 -0.022499 -0.107016 0.253597 0.277008 0.920599
1642689835.382501 -0.140264 0.151392 -0.003521 -0.104981 0.242765 0.274054 0.924629
1642689835.415834 -0.134602 0.143111 0.012848 -0.101850 0.234463 0.265252 0.929675
1642689835.449168 -0.129615 0.150793 0.021575 -0.097733 0.225734 0.248645 0.936839
1642689835.482501 -0.125927 0.142709 0.038854 -0.093865 0.220829 0.238470 0.941040
1642689835.515834 -0.129309 0.140755 0.066884 -0.091331 0.217037 0.232572 0.943644
1642689835.549167 -0.125470 0.135402 0.080619 -0.089027 0.215186 0.230937 0.944689
1642689835.582501 -0.119943 0.127630 0.096302 -0.087151 0.214645 0.233646 0.944321
1642689835.615834 -0.114590 0.118949 0.109317 -0.086261 0.215490 0.239170 0.942826
1642689835.649168 -0.109584 0.109567 0.119655 -0.085532 0.216531 0.245519 0.941020
1642689835.682501 -0.104275 0.098057 0.128369 -0.084417 0.217387 0.251704 0.939288
1642689835.715834 -0.099416 0.086194 0.134290 -0.082392 0.217762 0.254409 0.938652
1642689835.749167 -0.094872 0.074152 0.137999 -0.079565 0.217249 0.253106 0.939367
1642689835.782501 -0.040553 0.055819 0.125353 -0.076650 0.217862 0.244116 0.941843
1642689835.815834 -0.033430 0.042919 0.126127 -0.072658 0.218088 0.234343 0.944586
1642689835.849168 -0.026630 0.026114 0.111480 -0.065636 0.217898 0.219596 0.948678
1642689835.882501 -0.020372 0.012034 0.110995 -0.060591 0.219489 0.207942 0.951269
1642689835.915834 -0.018633 0.003895 0.107139 -0.055788 0.221753 0.197841 0.953191
1642689835.949168 -0.014346 -0.007005 0.104739 -0.051928 0.224039 0.191851 0.954098
1642689835.982501 -0.010327 -0.018479 0.100780 -0.048015 0.226192 0.186485 0.954859
1642689836.015834 -0.006811 -0.029843 0.095085 -0.044738 0.228379 0.180735 0.955603
1642689836.049167 0.008478 -0.041959 0.089087 -0.042738 0.230407 0.175015 0.956272
1642689836.082501 0.011650 -0.050363 0.081007 -0.041328 0.231155 0.167193 0.957552
1642689836.115834 0.008148 -0.059372 0.063246 -0.040365 0.231784 0.158347 0.958944
1642689836.149168 0.009103 -0.065661 0.054599 -0.040224 0.232482 0.147582 0.960497
1642689836.182501 0.006401 -0.067720 0.043037 -0.039851 0.234576 0.133135 0.962113
1642689836.215834 0.005392 -0.070765 0.032640 -0.039224 0.238999 0.120612 0.962701
1642689836.249167 0.004406 -0.067680 0.018278 -0.038587 0.244713 0.107063 0.962894
1642689836.282501 0.001480 -0.066752 0.006661 -0.038355 0.250589 0.096584 0.962500
1642689836.315834 0.000792 -0.064892 -0.000181 -0.038783 0.256209 0.088748 0.961757
1642689836.349168 -0.002689 -0.061156 -0.010708 -0.039404 0.259745 0.084500 0.961166
1642689836.382501 -0.007943 -0.054587 -0.023804 -0.040623 0.264128 0.082735 0.960073
1642689836.415834 -0.013683 -0.046252 -0.035595 -0.043158 0.269744 0.084265 0.958267
1642689836.449168 -0.014313 -0.044968 -0.047981 -0.047584 0.276647 0.090422 0.955524
1642689836.482501 -0.019744 -0.034848 -0.058791 -0.052447 0.285480 0.096146 0.952106
1642689836.515834 -0.024937 -0.028147 -0.068668 -0.056928 0.295669 0.103793 0.947927
1642689836.549167 -0.030386 -0.017823 -0.078260 -0.060408 0.303863 0.109940 0.944421
1642689836.582501 -0.022674 -0.008583 -0.086227 -0.063762 0.311853 0.117901 0.940628
1642689836.615834 -0.029433 0.004109 -0.095559 -0.067698 0.318243 0.127103 0.937007
1642689836.649168 -0.040530 0.017324 -0.111947 -0.072402 0.325617 0.141174 0.932095
1642689836.682501 -0.049191 0.033838 -0.121733 -0.078106 0.332458 0.154276 0.927130
1642689836.715834 -0.038825 0.040166 -0.131082 -0.083622 0.338497 0.170203 0.921661
1642689836.749167 -0.046673 0.054167 -0.137243 -0.091173 0.345875 0.181623 0.916008
1642689836.782501 -0.052312 0.066408 -0.140677 -0.101370 0.354421 0.196254 0.908622
1642689836.815834 -0.061397 0.081885 -0.143878 -0.109286 0.357027 0.208615 0.903918
1642689836.849168 -0.073125 0.103005 -0.143069 -0.118495 0.355292 0.224956 0.899512
1642689836.882501 -0.083690 0.120302 -0.144081 -0.123911 0.353585 0.241211 0.895232
1642689836.915834 -0.100997 0.134758 -0.148286 -0.129627 0.352789 0.260280 0.889377
1642689836.949168 -0.110849 0.149377 -0.148417 -0.133806 0.350586 0.276273 0.884793
1642689836.982501 -0.113677 0.167585 -0.149061 -0.138733 0.347150 0.295931 0.879014
1642689837.015834 -0.122649 0.181031 -0.146478 -0.142039 0.344470 0.314628 0.873026
1642689837.049167 -0.138269 0.190730 -0.142494 -0.144094 0.341422 0.337472 0.865321
1642689837.082501 -0.145674 0.202740 -0.136213 -0.145433 0.337102 0.355024 0.859750
1642689837.115834 -0.146955 0.212208 -0.130536 -0.145356 0.330543 0.369696 0.856118
1642689837.149168 -0.152441 0.219168 -0.121828 -0.144139 0.323625 0.380263 0.854337
1642689837.182501 -0.162113 0.232063 -0.114622 -0.140939 0.314142 0.389341 0.854321
1642689837.215834 -0.167524 0.236155 -0.102327 -0.138687 0.306890 0.396866 0.853863
1642689837.249167 -0.170668 0.247180 -0.089999 -0.136011 0.299594 0.404590 0.853259
1642689837.282501 -0.173277 0.250681 -0.074677 -0.133159 0.291766 0.413605 0.852099
1642689837.315834 -0.167424 0.253317 -0.062639 -0.130715 0.283352 0.422876 0.850765
1642689837.349168 -0.166655 0.253743 -0.046509 -0.129373 0.274954 0.428279 0.851023
1642689837.382501 -0.165561 0.259638 -0.025747 -0.127666 0.264984 0.432936 0.852086
1642689837.415834 -0.161269 0.257102 -0.007867 -0.125770 0.254814 0.433447 0.855205
1642689837.449168 -0.159059 0.259850 0.011556 -0.124013 0.243461 0.430513 0.860236
1642689837.482501 -0.152170 0.254041 0.030088 -0.121782 0.232233 0.425536 0.866115
1642689837.515834 -0.158888 0.258136 0.053300 -0.120094 0.222472 0.415684 0.873665
1642689837.549167 -0.151445 0.250200 0.068922 -0.118061 0.214408 0.406411 0.880296
1642689837.582501 -0.143044 0.248559 0.083523 -0.115151 0.205143 0.390266 0.890140
1642689837.615834 -0.134452 0.238218 0.098126 -0.111618 0.198080 0.377831 0.897524
1642689837.649168 -0.124145 0.229444 0.110523 -0.107676 0.189768 0.361803 0.906362
1642689837.682501 -0.114230 0.216800 0.123541 -0.104128 0.181536 0.347525 0.914018
1642689837.715834 -0.102130 0.208364 0.135692 -0.100744 0.174641 0.332347 0.921356
1642689837.749167 -0.092819 0.194961 0.144795 -0.097949 0.169470 0.318488 0.927497
1642689837.782501 -0.080331 0.180940 0.150959 -0.094722 0.164267 0.299738 0.934987
1642689837.815834 -0.070406 0.165328 0.156669 -0.091497 0.161407 0.284827 0.940452
1642689837.849168 -0.054856 0.148965 0.155207 -0.087879 0.159841 0.267962 0.946004
1642689837.882501 -0.044157 0.131897 0.156954 -0.083901 0.159222 0.252915 0.950601
1642689837.915834 -0.029240 0.110495 0.156330 -0.078801 0.160134 0.238196 0.954678
1642689837.949168 -0.019509 0.093635 0.155059 -0.074481 0.162494 0.223762 0.958112
1642689837.982501 -0.004324 0.071062 0.147174 -0.069131 0.166121 0.206670 0.961723
1642689838.015834 0.000528 0.051804 0.144655 -0.064729 0.170080 0.192290 0.964317
1642689838.049167 0.014794 0.035084 0.133659 -0.060008 0.175722 0.176433 0.966640
1642689838.082501 0.025158 0.017491 0.124656 -0.056306 0.182214 0.161916 0.968200
1642689838.115834 0.036639 0.001920 0.112111 -0.052285 0.189645 0.147448 0.969309
1642689838.149168 0.045164 -0.012327 0.101129 -0.049762 0.198709 0.134938 0.969448
1642689838.182501 0.054751 -0.028663 0.103226 -0.047052 0.211311 0.120713 0.968794
1642689838.215834 0.062802 -0.042150 0.089354 -0.043404 0.221362 0.109984 0.967997
1642689838.249167 0.069847 -0.056521 0.073436 -0.039128 0.232479 0.100676 0.966585
1642689838.282501 0.075899 -0.067242 0.057615 -0.036326 0.242858 0.093614 0.964851
1642689838.315834 0.080806 -0.076273 0.047958 -0.033758 0.251972 0.087443 0.963184
1642689838.349168 0.083919 -0.082682 0.032750 -0.031451 0.260213 0.081769 0.961568
1642689838.382501 0.085624 -0.088903 0.017810 -0.029586 0.270442 0.073605 0.959462
1642689838.415834 0.086503 -0.091613 0.000695 -0.028995 0.278980 0.066084 0.957581
1642689838.449168 0.083354 -0.090664 -0.023146 -0.028498 0.287808 0.058330 0.955485
1642689838.482501 0.081445 -0.089011 -0.041408 -0.027802 0.296525 0.053730 0.953107
1642689838.515834 0.076215 -0.082148 -0.066007 -0.025600 0.304897 0.052288 0.950604
1642689838.549167 0.072022 -0.077177 -0.080821 -0.024120 0.312110 0.052945 0.948263
1642689838.582501 0.068650 -0.074500 -0.091614 -0.023590 0.320964 0.056680 0.945100
1642689838.615834 0.062753 -0.065596 -0.105807 -0.023757 0.328248 0.060567 0.942348
1642689838.649168 0.059996 -0.059653 -0.116921 -0.026784 0.337487 0.065947 0.938635
1642689838.682501 0.052762 -0.046061 -0.130601 -0.031188 0.345073 0.068660 0.935541
1642689838.715834 0.047194 -0.034109 -0.141800 -0.037168 0.351308 0.071779 0.932764
1642689838.749167 0.038719 -0.018879 -0.152386 -0.043778 0.355897 0.076177 0.930386
1642689838.782501 0.029888 -0.000996 -0.165214 -0.050534 0.360436 0.085682 0.927465
1642689838.815834 0.019346 0.017343 -0.173581 -0.056989 0.364202 0.097897 0.924405
1642689838.849167 0.021998 0.031036 -0.180399 -0.065610 0.368375 0.117032 0.919945
1642689838.882501 0.009605 0.052245 -0.187064 -0.072814 0.371881 0.134874 0.915539
1642689838.915834 -0.000004 0.066360 -0.193034 -0.079883 0.374708 0.155969 0.910432
1642689838.949168 -0.012056 0.086039 -0.197279 -0.087329 0.375303 0.172117 0.906585
1642689838.982501 -0.030892 0.112000 -0.202252 -0.098028 0.374608 0.191627 0.901853
1642689839.015834 -0.044458 0.133446 -0.204666 -0.105826 0.373517 0.209766 0.897376
1642689839.049167 -0.052614 0.148769 -0.202587 -0.113132 0.371794 0.232139 0.891674
1642689839.082501 -0.066224 0.170058 -0.202410 -0.119513 0.370617 0.255381 0.884952
1642689839.115834 -0.088191 0.195767 -0.203290 -0.127061 0.368853 0.279093 0.877445
1642689839.149168 -0.100120 0.214059 -0.201152 -0.133154 0.366034 0.300510 0.870622
1642689839.182501 -0.120406 0.239285 -0.196064 -0.141827 0.362619 0.325188 0.861769
1642689839.215834 -0.131630 0.257955 -0.190791 -0.150609 0.358752 0.345912 0.853791
1642689839.249167 -0.149705 0.275909 -0.182589 -0.158863 0.352640 0.369541 0.844895
1642689839.282501 -0.160362 0.293353 -0.173132 -0.165964 0.346580 0.389473 0.837048
1642689839.315834 -0.161344 0.291700 -0.157991 -0.168895 0.337805 0.410354 0.830043
1642689839.349167 -0.168377 0.301703 -0.146017 -0.170205 0.330084 0.427420 0.824249
1642689839.382501 -0.173516 0.308017 -0.129252 -0.169282 0.319651 0.448381 0.817387
1642689839.415834 -0.179232 0.314821 -0.114917 -0.166138 0.310390 0.464718 0.812461
1642689839.449168 -0.183207 0.318616 -0.099244 -0.161034 0.300100 0.480816 0.807975
1642689839.482501 -0.187549 0.322795 -0.083706 -0.154097 0.290368 0.493052 0.805506
1642689839.515834 -0.190502 0.323684 -0.068418 -0.144958 0.281915 0.502481 0.804378
1642689839.549167 -0.192562 0.327988 -0.054342 -0.135282 0.276083 0.508417 0.804356
1642689839.582501 -0.191001 0.328244 -0.035632 -0.122311 0.270868 0.514148 0.804564
1642689839.615834 -0.189077 0.328680 -0.018867 -0.111748 0.267872 0.517111 0.805204
1642689839.649168 -0.186390 0.329017 -0.000363 -0.101649 0.265470 0.519263 0.805952
1642689839.682501 -0.182766 0.329856 0.016426 -0.096178 0.263363 0.520302 0.806645
1642689839.715834 -0.181950 0.330688 0.033834 -0.093075 0.261288 0.520435 0.807597
1642689839.749167 -0.178354 0.330150 0.047169 -0.093161 0.259988 0.520629 0.807882
1642689839.782501 -0.173740 0.328502 0.061258 -0.094536 0.258290 0.520910 0.808085
1642689839.815834 -0.169661 0.325376 0.070992 -0.095982 0.255669 0.520269 0.809160
1642689839.849167 -0.171972 0.326233 0.075346 -0.095035 0.252250 0.518026 0.811780
1642689839.882501 -0.169105 0.321689 0.077440 -0.093789 0.250643 0.515855 0.813803
1642689839.915834 -0.165770 0.316298 0.075672 -0.092135 0.251389 0.513606 0.815183
1642689839.949168 -0.162246 0.310758 0.070064 -0.090642 0.255533 0.511706 0.815257
1642689839.982501 -0.158011 0.298097 0.049595 -0.089221 0.259781 0.509187 0.815648
1642689840.015834 -0.155862 0.292747 0.038003 -0.093190 0.268455 0.507229 0.813613
1642689840.049167 -0.173851 0.319191 0.040883 -0.093511 0.282288 0.497360 0.814986
1642689840.082501 -0.172810 0.310685 0.024074 -0.099405 0.291191 0.493842 0.813293
1642689840.115834 -0.170175 0.307884 0.002453 -0.105597 0.300817 0.490473 0.811045
1642689840.149168 -0.168216 0.298506 -0.013818 -0.108591 0.307751 0.487233 0.810001
1642689840.182501 -0.160033 0.283631 -0.037963 -0.111363 0.313367 0.479605 0.812021
1642689840.215834 -0.156662 0.273137 -0.054067 -0.114037 0.322653 0.473573 0.811553
1642689840.249167 -0.153369 0.268149 -0.071682 -0.117932 0.335643 0.466584 0.809775
1642689840.282501 -0.148194 0.254914 -0.087665 -0.120520 0.345668 0.456523 0.810910
1642689840.315834 -0.142505 0.239780 -0.098657 -0.120758 0.352666 0.441053 0.816405
1642689840.349167 -0.136327 0.226309 -0.111875 -0.119293 0.361186 0.429434 0.819085
1642689840.382501 -0.123350 0.211611 -0.128180 -0.116188 0.372203 0.415977 0.821540
1642689840.415834 -0.113985 0.195077 -0.140117 -0.110414 0.381234 0.402961 0.824677
1642689840.449168 -0.106439 0.167300 -0.171446 -0.100221 0.388468 0.391284 0.828218
1642689840.482501 -0.093594 0.147574 -0.180801 -0.090544 0.399851 0.384719 0.826990
1642689840.515834 -0.076701 0.129678 -0.187384 -0.083188 0.411623 0.377929 0.825116
1642689840.549167 -0.065073 0.110329 -0.192533 -0.076040 0.419135 0.360442 0.829834
1642689840.582501 -0.048393 0.081951 -0.190437 -0.064960 0.426327 0.332563 0.838706
1642689840.615834 -0.036569 0.059801 -0.192281 -0.056373 0.428144 0.308040 0.847719
1642689840.649168 -0.026194 0.043073 -0.180505 -0.047322 0.429124 0.279314 0.857669
1642689840.682501 -0.013292 0.019938 -0.178713 -0.038254 0.427779 0.257733 0.865514
1642689840.715834 -0.006154 0.002217 -0.184836 -0.029291 0.421736 0.233944 0.875529
1642689840.749167 0.005112 -0.017774 -0.180340 -0.024086 0.419013 0.209892 0.883059
1642689840.782501 0.024420 -0.044238 -0.163148 -0.020951 0.417481 0.181640 0.890099
1642689840.815834 0.036324 -0.063403 -0.154822 -0.017349 0.413046 0.159284 0.896505
1642689840.849167 0.049345 -0.078978 -0.139908 -0.014638 0.408220 0.141044 0.901803
1642689840.882501 0.061213 -0.097424 -0.127208 -0.010756 0.401785 0.128496 0.906610
1642689840.915834 0.075227 -0.116024 -0.110817 -0.008251 0.394265 0.123041 0.910686
1642689840.949168 0.085396 -0.129236 -0.096152 -0.007002 0.386702 0.113644 0.915149
1642689840.982501 0.097229 -0.142715 -0.076411 -0.006701 0.376107 0.100951 0.921036
1642689841.015834 0.107058 -0.152291 -0.057686 -0.006300 0.366739 0.090070 0.925932
1642689841.049167 0.117249 -0.160661 -0.034686 -0.005830 0.357410 0.078411 0.930632
1642689841.082501 0.125142 -0.166621 -0.010523 -0.005782 0.348263 0.069250 0.934818
1642689841.115834 0.131346 -0.170759 0.014522 -0.005285 0.338501 0.065370 0.938678
1642689841.149168 0.135916 -0.172610 0.037078 -0.005228 0.329169 0.066857 0.941887
1642689841.182501 0.139972 -0.172078 0.064180 -0.006561 0.317366 0.070995 0.945619
1642689841.215834 0.141904 -0.168966 0.086564 -0.010143 0.306403 0.076528 0.948767
1642689841.249167 0.142587 -0.162866 0.109696 -0.015311 0.293848 0.083497 0.952075
1642689841.282501 0.142060 -0.154766 0.129978 -0.020293 0.281922 0.090586 0.954936
1642689841.315834 0.140357 -0.144892 0.148281 -0.024773 0.270592 0.098446 0.957327
1642689841.349167 0.137628 -0.135016 0.163130 -0.027900 0.260408 0.106776 0.959171
1642689841.382501 0.132579 -0.122117 0.179181 -0.030460 0.246087 0.119705 0.961345
1642689841.415834 0.126884 -0.110352 0.191136 -0.031748 0.231478 0.134027 0.963040
1642689841.449168 0.119407 -0.096672 0.202326 -0.033112 0.214627 0.151548 0.964299
1642689841.482501 0.111662 -0.082989 0.210984 -0.034832 0.199173 0.169524 0.964561
1642689841.515834 0.103796 -0.068547 0.217802 -0.037656 0.186270 0.188198 0.963570
1642689841.549167 0.096811 -0.054879 0.222421 -0.040936 0.177289 0.204462 0.961815
1642689841.582501 0.088485 -0.037536 0.225787 -0.045071 0.169223 0.223499 0.958843
1642689841.615834 0.081785 -0.022396 0.226417 -0.048019 0.165509 0.239309 0.955527
1642689841.649168 0.075060 -0.005923 0.224600 -0.050113 0.163724 0.257100 0.951096
1642689841.682501 0.069286 0.009169 0.220471 -0.050634 0.164473 0.273673 0.946302
1642689841.715834 0.064008 0.023429 0.214200 -0.049021 0.167354 0.289510 0.941156
1642689841.749167 0.059590 0.035364 0.206739 -0.045611 0.171154 0.303310 0.936284
1642689841.782501 0.000065 0.064615 0.145272 -0.045095 0.171284 0.322046 0.930008
1642689841.815834 -0.008022 0.076126 0.131058 -0.041089 0.176507 0.337705 0.923641
1642689841.849167 -0.078983 0.134993 0.095165 -0.043780 0.178921 0.346869 0.919648
1642689841.882501 -0.091013 0.146677 0.081225 -0.044997 0.185329 0.362412 0.912297
1642689841.915834 -0.092234 0.151263 0.071965 -0.047487 0.194473 0.377439 0.904138
1642689841.949168 -0.098986 0.159654 0.057124 -0.049894 0.202190 0.385614 0.898850
1642689841.982501 -0.100422 0.165708 0.036163 -0.053443 0.212088 0.391602 0.893762
1642689842.015834 -0.105568 0.171084 0.020712 -0.055592 0.222728 0.395530 0.889302
1642689842.049167 -0.109062 0.188718 0.026544 -0.058357 0.243494 0.399847 0.881719
1642689842.082501 -0.109993 0.190779 0.009120 -0.057063 0.257595 0.402708 0.876479
1642689842.115834 -0.116980 0.196619 -0.014688 -0.054007 0.269970 0.404516 0.872104
1642689842.149168 -0.115093 0.195650 -0.030430 -0.049154 0.282995 0.408339 0.866462
1642689842.182501 -0.127631 0.199746 -0.054973 -0.041426 0.296754 0.413028 0.860017
1642689842.215834 -0.124028 0.196204 -0.071222 -0.036697 0.310953 0.413604 0.854923
1642689842.249167 -0.119169 0.190883 -0.088880 -0.032555 0.327110 0.410086 0.850746
1642689842.282501 -0.114064 0.184521 -0.105120 -0.031292 0.342137 0.400726 0.849342
1642689842.315834 -0.108196 0.177137 -0.120310 -0.033061 0.357087 0.386326 0.849793
1642689842.349167 -0.101986 0.169805 -0.132736 -0.036292 0.369597 0.370446 0.851382
1642689842.382501 -0.093562 0.159454 -0.146338 -0.040585 0.382433 0.349508 0.854366
1642689842.415834 -0.085474 0.148805 -0.156925 -0.043907 0.391293 0.333833 0.856456
1642689842.449168 -0.068191 0.132020 -0.137627 -0.041361 0.403981 0.310845 0.859339
1642689842.482501 -0.057342 0.118109 -0.144646 -0.040544 0.410490 0.296773 0.861267
1642689842.515834 -0.055841 0.106015 -0.148839 -0.033545 0.412457 0.281220 0.865834
1642689842.549167 -0.042806 0.091326 -0.150268 -0.032829 0.413995 0.263244 0.870766
1642689842.582501 -0.035027 0.085251 -0.129444 -0.031915 0.414563 0.234006 0.878840
1642689842.615834 -0.025092 0.072484 -0.125160 -0.030976 0.410031 0.213363 0.886223
1642689842.649168 -0.029796 0.070473 -0.125797 -0.027630 0.399761 0.187663 0.896778
1642689842.682501 -0.019642 0.057045 -0.117269 -0.025275 0.391538 0.169882 0.903990
1642689842.715834 -0.023907 0.057634 -0.115812 -0.023805 0.379345 0.148315 0.912981
1642689842.749167 -0.015524 0.046439 -0.105768 -0.021781 0.370192 0.134180 0.918956
1642689842.782501 -0.013052 0.033975 -0.091291 -0.024536 0.358118 0.117213 0.925965
1642689842.815834 0.004976 0.023887 -0.069722 -0.024164 0.353823 0.108041 0.928737
1642689842.849167 0.004046 0.018520 -0.066077 -0.025465 0.340585 0.093069 0.935250
1642689842.882501 0.011553 0.009792 -0.052565 -0.024264 0.332075 0.082467 0.939328
1642689842.915834 -0.001733 -0.008804 -0.065286 -0.020133 0.312590 0.071529 0.946977
1642689842.949168 0.012430 -0.017992 -0.048128 -0.019882 0.307480 0.065632 0.949080
1642689842.982501 0.006037 -0.023842 -0.043781 -0.020854 0.292388 0.056590 0.954396
1642689843.015834 0.008998 -0.029038 -0.030349 -0.021031 0.284707 0.053848 0.956870
1642689843.049167 0.008613 -0.042285 -0.021865 -0.021580 0.274026 0.055001 0.959906
1642689843.082501 0.009600 -0.045856 -0.007687 -0.022090 0.267355 0.055511 0.961744
1642689843.115834 0.031358 -0.070259 0.025058 -0.028145 0.264727 0.066050 0.961647
1642689843.149168 0.030342 -0.071578 0.037625 -0.027829 0.258252 0.067384 0.963323
1642689843.182501 0.031902 -0.078346 0.051512 -0.026156 0.249742 0.070886 0.965360
1642689843.215834 0.028386 -0.078063 0.063536 -0.024605 0.242063 0.074218 0.967105
1642689843.249167 0.023233 -0.077053 0.075800 -0.022576 0.232949 0.080574 0.968882
1642689843.282501 0.017387 -0.075621 0.086435 -0.020441 0.223619 0.089953 0.970302
1642689843.315834 0.023236 -0.082908 0.098785 -0.018399 0.214889 0.106958 0.970589
1642689843.349167 0.017084 -0.080908 0.106551 -0.016827 0.205663 0.118092 0.971326
1642689843.382501 0.008942 -0.078122 0.115417 -0.015383 0.194335 0.131356 0.971979
1642689843.415834 0.001637 -0.075325 0.122754 -0.014215 0.185498 0.141055 0.972364
1642689843.449168 -0.006473 -0.071629 0.130779 -0.013706 0.177823 0.149104 0.972604
