1642516754.925902 0.064823 0.046354 -0.046242 -0.001470 0.249794 0.013025 0.968210
1642516756.659235 0.078534 0.058962 -0.033392 0.007839 0.229676 0.002175 0.973233
1642516756.792568 0.084992 0.071140 -0.006945 0.013830 0.206043 -0.001313 0.978444
1642516756.925902 0.090268 0.092879 0.013023 0.013254 0.185319 0.014636 0.982480
1642516757.059235 0.094771 0.114394 0.005254 0.002081 0.190623 0.057621 0.979969
1642516757.125902 0.094971 0.126133 -0.010813 -0.011774 0.206472 0.072402 0.975699
1642516757.192568 0.096032 0.132332 -0.035747 -0.027768 0.228151 0.079749 0.969957
1642516757.325902 0.100465 0.123360 -0.100716 -0.052105 0.286276 0.080263 0.953357
1642516757.459235 0.102302 0.070447 -0.152745 -0.059555 0.326241 0.037209 0.942674
1642516757.592568 0.107852 -0.021298 -0.155208 -0.044052 0.335412 -0.009621 0.940992
1642516757.725902 0.102209 -0.125642 -0.109729 -0.010388 0.302975 -0.056948 0.951239
1642516757.859235 0.079993 -0.228814 -0.058319 0.039582 0.258496 -0.137246 0.955393
1642516757.925902 0.065533 -0.277003 -0.038698 0.064762 0.241035 -0.187215 0.950083
1642516757.959235 0.124527 -0.470342 0.049684 0.068162 0.252756 -0.200585 0.944052
1642516757.992568 0.120051 -0.499675 0.047521 0.077045 0.248890 -0.231183 0.937375
1642516758.025902 0.117164 -0.528660 0.051963 0.085640 0.247822 -0.252478 0.931399
1642516758.059235 0.114416 -0.562657 0.054320 0.095721 0.249356 -0.277248 0.922926
1642516758.092568 0.112861 -0.590557 0.053787 0.104521 0.254630 -0.296424 0.914534
1642516758.125902 0.105522 -0.600527 0.038940 0.113267 0.260608 -0.317910 0.904537
1642516758.159235 0.104496 -0.624642 0.032859 0.121025 0.270691 -0.330681 0.895952
1642516758.192568 0.104521 -0.645652 0.025200 0.127500 0.283132 -0.340452 0.887509
1642516758.225902 0.105607 -0.661041 0.017497 0.129692 0.295575 -0.347824 0.880246
1642516758.259235 0.096064 -0.638570 -0.013729 0.125501 0.310063 -0.357494 0.871957
1642516758.292568 0.099428 -0.644528 -0.023303 0.125329 0.324469 -0.360955 0.865288
1642516758.325902 0.104393 -0.647320 -0.032812 0.126289 0.340627 -0.356570 0.860745
1642516758.359235 0.110089 -0.646245 -0.040262 0.128674 0.355334 -0.341797 0.860439
1642516758.392568 0.126292 -0.607593 -0.061572 0.125574 0.369508 -0.319931 0.863330
1642516758.425902 0.134320 -0.596345 -0.065532 0.125813 0.380479 -0.296075 0.867033
1642516758.459235 0.145532 -0.576691 -0.067538 0.121761 0.391895 -0.267030 0.871945
1642516758.492568 0.156369 -0.554673 -0.066565 0.112275 0.399512 -0.242445 0.876929
1642516758.525902 0.168971 -0.526188 -0.062644 0.098526 0.405965 -0.213371 0.883152
1642516758.559235 0.180989 -0.496439 -0.056244 0.083888 0.410084 -0.180768 0.890009
1642516758.592568 0.158802 -0.365911 -0.097523 0.057996 0.413612 -0.133507 0.898742
1642516758.625902 0.166526 -0.331298 -0.090586 0.044297 0.414274 -0.097934 0.903783
1642516758.659235 0.125341 -0.192098 -0.129157 0.028123 0.404449 -0.079065 0.910702
1642516758.692568 0.131003 -0.151712 -0.119939 0.010594 0.400334 -0.051123 0.914881
1642516758.725902 0.136654 -0.108387 -0.108518 -0.008478 0.393748 -0.024704 0.918847
1642516758.759235 0.141535 -0.069619 -0.096452 -0.026618 0.384809 -0.003686 0.922605
1642516758.792568 0.146367 -0.034196 -0.083307 -0.042928 0.374814 0.011659 0.926032
1642516758.825902 0.150830 -0.005687 -0.070482 -0.055437 0.365770 0.018631 0.928866
1642516758.859235 0.155588 0.025546 -0.054182 -0.065802 0.352119 0.019076 0.933444
1642516758.892568 0.160176 0.046155 -0.039192 -0.073279 0.339663 0.020833 0.937457
1642516758.925902 0.165177 0.063496 -0.022290 -0.078319 0.324484 0.021457 0.942399
1642516758.959235 0.170174 0.074955 -0.006138 -0.080637 0.309649 0.019454 0.947226
1642516758.992568 0.175296 0.078740 0.007989 -0.076188 0.294973 0.003475 0.952457
1642516759.025902 0.180154 0.079745 0.022189 -0.073867 0.283315 -0.007270 0.956150
1642516759.059235 0.186613 0.075861 0.038783 -0.069106 0.270749 -0.023302 0.959884
1642516759.092568 0.192389 0.068295 0.051899 -0.063183 0.261618 -0.039847 0.962277
1642516759.125902 0.198688 0.056169 0.064348 -0.056150 0.252705 -0.061237 0.963970
1642516759.159235 0.204399 0.041297 0.073878 -0.048733 0.246255 -0.082438 0.964462
1642516759.192568 0.189799 0.020749 0.066291 -0.036328 0.240961 -0.113280 0.963216
1642516759.225902 0.175804 -0.001264 0.057065 -0.028198 0.235583 -0.133605 0.962214
1642516759.259235 0.155169 -0.043312 0.041343 -0.019013 0.231910 -0.159559 0.959373
1642516759.292568 0.156204 -0.065803 0.038199 -0.016944 0.234373 -0.175712 0.955985
1642516759.325902 0.093189 -0.113591 0.008904 -0.012185 0.235592 -0.192841 0.952450
1642516759.359235 0.091215 -0.138447 0.000000 -0.012993 0.245576 -0.207062 0.946915
1642516759.392568 0.020643 -0.262452 -0.061153 -0.011470 0.251890 -0.209355 0.944770
1642516759.425902 0.015673 -0.287444 -0.072841 -0.011933 0.266709 -0.221055 0.938008
1642516759.459235 -0.010186 -0.417021 -0.123585 -0.012120 0.281909 -0.218349 0.934186
1642516759.492568 -0.017869 -0.445471 -0.137424 -0.009344 0.296259 -0.234709 0.925772
1642516759.525902 -0.044214 -0.535729 -0.186436 0.005241 0.303087 -0.245298 0.920836
1642516759.559235 -0.056273 -0.565915 -0.199102 0.008582 0.312708 -0.268665 0.911021
1642516759.592568 -0.066030 -0.613053 -0.208234 0.012550 0.320573 -0.290059 0.901633
1642516759.625902 -0.076651 -0.639342 -0.213417 0.014675 0.327156 -0.315390 0.890664
1642516759.659235 -0.092995 -0.660479 -0.207170 0.016170 0.335557 -0.352782 0.873319
1642516759.692568 -0.102881 -0.684714 -0.204459 0.019593 0.337181 -0.374849 0.863373
1642516759.725902 -0.096737 -0.706180 -0.197275 0.022626 0.333235 -0.394500 0.856044
1642516759.759235 -0.106615 -0.723999 -0.187984 0.023931 0.325402 -0.416621 0.848509
1642516759.792568 -0.104580 -0.725536 -0.169285 0.024983 0.313522 -0.440017 0.841109
1642516759.825902 -0.110774 -0.732963 -0.156938 0.023329 0.300025 -0.455646 0.837751
1642516759.859235 -0.115589 -0.737094 -0.140300 0.020144 0.283716 -0.471128 0.834948
1642516759.892568 -0.117360 -0.736766 -0.125235 0.017056 0.270000 -0.479461 0.834821
1642516759.925902 -0.117542 -0.732232 -0.108828 0.013565 0.254546 -0.482630 0.837908
1642516759.959235 -0.116553 -0.723809 -0.094294 0.010093 0.239734 -0.479349 0.844186
1642516759.992568 -0.096665 -0.684258 -0.079122 0.000023 0.227667 -0.472305 0.851526
1642516760.025902 -0.091650 -0.667721 -0.069671 -0.001075 0.217343 -0.459578 0.861132
1642516760.059235 -0.059234 -0.608485 -0.076930 -0.005647 0.206335 -0.445226 0.871303
1642516760.092568 -0.051252 -0.584564 -0.072899 -0.004811 0.202291 -0.425427 0.882081
1642516760.125902 -0.041076 -0.556210 -0.071917 -0.003326 0.202706 -0.401669 0.893063
1642516760.159235 -0.030224 -0.527583 -0.074696 -0.001631 0.208236 -0.377238 0.902400
1642516760.192568 -0.018474 -0.497450 -0.081124 0.000162 0.217809 -0.352083 0.910273
1642516760.225902 -0.007566 -0.469035 -0.089858 0.001785 0.230262 -0.328819 0.915890
1642516760.259235 0.005689 -0.432436 -0.104019 0.003324 0.248225 -0.300498 0.920909
1642516760.292568 0.016578 -0.398693 -0.118914 0.003086 0.265747 -0.277633 0.923195
1642516760.325902 0.027552 -0.358678 -0.137527 0.000794 0.285544 -0.255240 0.923751
1642516760.359235 0.036583 -0.318249 -0.156022 -0.002890 0.304422 -0.234614 0.923187
1642516760.392568 0.044421 -0.276148 -0.173844 -0.007348 0.323935 -0.211892 0.922016
1642516760.425902 0.050340 -0.237100 -0.188314 -0.012261 0.340424 -0.188572 0.921087
1642516760.459235 0.056468 -0.188000 -0.202986 -0.017915 0.358999 -0.160722 0.919221
1642516760.492568 0.060732 -0.144263 -0.212085 -0.023700 0.370689 -0.139292 0.917946
1642516760.525902 0.018967 -0.205756 -0.301922 -0.021841 0.375462 -0.120101 0.918764
1642516760.559235 -0.008826 -0.216190 -0.305067 -0.026649 0.377419 -0.084809 0.921766
1642516760.592568 -0.023330 -0.193062 -0.280609 -0.028911 0.377459 -0.058910 0.923698
1642516760.625902 -0.029605 -0.129077 -0.257074 -0.029604 0.372748 -0.042509 0.926486
1642516760.659235 -0.030575 -0.074022 -0.198475 -0.037012 0.368685 -0.011026 0.928752
1642516760.692568 -0.033840 -0.040440 -0.184109 -0.040623 0.360534 0.008183 0.931825
1642516760.725902 -0.002290 0.008137 -0.120629 -0.044109 0.353215 0.024698 0.934175
1642516760.759235 -0.002808 0.035654 -0.100295 -0.046858 0.341192 0.038620 0.938030
1642516760.792568 0.015779 0.061697 -0.072074 -0.048089 0.329102 0.050791 0.941700
1642516760.825902 0.021099 0.082741 -0.059455 -0.049156 0.315858 0.056570 0.945842
1642516760.859235 0.007413 0.065833 -0.000228 -0.048787 0.299596 0.069316 0.950293
1642516760.892568 0.009349 0.073282 0.021528 -0.048278 0.285181 0.068315 0.954816
1642516760.925902 -0.002131 0.002319 0.052839 -0.041089 0.268439 0.063986 0.960291
1642516760.959235 -0.006603 -0.007079 0.047695 -0.041750 0.255385 0.061323 0.963989
1642516760.992568 0.007650 -0.094340 0.052537 -0.027540 0.245161 0.048504 0.967877
1642516761.025902 0.010956 -0.109135 0.064864 -0.021614 0.238976 0.040388 0.969944
1642516761.059235 0.004972 -0.167063 -0.002470 -0.009334 0.232188 0.025643 0.972288
1642516761.092568 0.007978 -0.190434 0.001821 -0.001934 0.230434 0.012261 0.973009
1642516761.125902 -0.001921 -0.242357 -0.029054 0.007888 0.227517 -0.014259 0.973638
1642516761.159235 -0.000939 -0.272150 -0.032952 0.014011 0.229078 -0.031986 0.972782
1642516761.192568 0.033383 -0.271702 -0.112035 0.021538 0.232184 -0.058421 0.970677
1642516761.225902 0.033091 -0.300754 -0.122898 0.024346 0.238899 -0.074725 0.967859
1642516761.259235 0.061022 -0.317857 -0.191809 0.026834 0.247825 -0.094534 0.963808
1642516761.292568 0.058657 -0.351642 -0.208960 0.027756 0.260740 -0.110367 0.958678
1642516761.325902 0.073154 -0.357895 -0.222485 0.027963 0.276730 -0.133120 0.951272
1642516761.359235 0.068424 -0.395001 -0.242920 0.027914 0.293706 -0.155144 0.942809
1642516761.392568 0.060764 -0.424342 -0.299855 0.027861 0.309239 -0.180950 0.933195
1642516761.425902 0.052936 -0.458984 -0.318094 0.028493 0.322282 -0.207526 0.923177
1642516761.459235 0.051217 -0.534800 -0.304380 0.031168 0.338454 -0.239273 0.909519
1642516761.492568 0.041022 -0.573922 -0.317543 0.038677 0.349855 -0.265458 0.897573
1642516761.525902 0.014777 -0.597113 -0.313623 0.045443 0.359496 -0.289737 0.885861
1642516761.559235 0.002621 -0.634267 -0.318854 0.055270 0.363682 -0.317108 0.874141
1642516761.592568 -0.010442 -0.658487 -0.305141 0.061448 0.362159 -0.344365 0.863989
1642516761.625902 -0.021051 -0.684085 -0.302698 0.065669 0.357214 -0.364355 0.857515
1642516761.659235 -0.033293 -0.710962 -0.296163 0.070477 0.348703 -0.385648 0.851302
1642516761.692568 -0.042510 -0.730791 -0.287906 0.074588 0.339240 -0.401679 0.847353
1642516761.725902 -0.050739 -0.748990 -0.276556 0.078242 0.327790 -0.418278 0.843490
1642516761.759235 -0.056217 -0.762930 -0.263946 0.081065 0.316551 -0.431791 0.840702
1642516761.792568 -0.048076 -0.765860 -0.230804 0.082208 0.305300 -0.438043 0.841518
1642516761.825902 -0.049468 -0.771922 -0.216866 0.083536 0.294587 -0.440398 0.843973
1642516761.859235 -0.049966 -0.774962 -0.199439 0.084866 0.280301 -0.438858 0.849490
1642516761.892568 -0.049721 -0.773295 -0.184872 0.084622 0.266015 -0.433188 0.856985
1642516761.925902 -0.048850 -0.766755 -0.169967 0.082421 0.248918 -0.424475 0.866641
1642516761.959235 -0.047131 -0.756731 -0.157468 0.079703 0.233260 -0.413589 0.876459
1642516761.992568 -0.044322 -0.743625 -0.147252 0.076079 0.220161 -0.400186 0.886337
1642516762.025902 -0.040572 -0.730006 -0.140375 0.073230 0.212374 -0.385814 0.894809
1642516762.059235 -0.034257 -0.711535 -0.135177 0.070943 0.208569 -0.366542 0.903943
1642516762.092568 -0.027522 -0.694189 -0.133928 0.070532 0.211744 -0.347188 0.910851
1642516762.125901 -0.019091 -0.673312 -0.136425 0.069993 0.219595 -0.323733 0.917647
1642516762.159235 -0.010348 -0.651450 -0.142547 0.069319 0.231199 -0.300762 0.922651
1642516762.192568 -0.001244 -0.627469 -0.151874 0.068765 0.245198 -0.278173 0.926158
1642516762.225902 0.006932 -0.603880 -0.162520 0.067928 0.259226 -0.258075 0.928216
1642516762.259235 0.016510 -0.572533 -0.177614 0.066141 0.277390 -0.231818 0.930022
1642516762.292568 0.024312 -0.543241 -0.191638 0.063367 0.294184 -0.208057 0.930673
1642516762.325902 0.032599 -0.508709 -0.207274 0.059387 0.313480 -0.181578 0.930179
1642516762.359235 0.040216 -0.474189 -0.220954 0.055060 0.331965 -0.155262 0.928796
1642516762.392568 0.047381 -0.438538 -0.232275 0.049663 0.348420 -0.127575 0.927287
1642516762.425902 0.053620 -0.405917 -0.239291 0.044098 0.361232 -0.102390 0.925788
1642516762.459235 0.060800 -0.365784 -0.242964 0.035708 0.372583 -0.073818 0.924369
1642516762.492568 0.066147 -0.331741 -0.241384 0.027827 0.375830 -0.052396 0.924787
1642516762.525902 0.071329 -0.296093 -0.234443 0.020085 0.375577 -0.029220 0.926113
1642516762.559235 0.075957 -0.265670 -0.223244 0.015818 0.372513 -0.005767 0.927874
1642516762.592568 0.080357 -0.239162 -0.208588 0.013235 0.368021 0.020789 0.929491
1642516762.625901 0.084547 -0.218815 -0.193476 0.011851 0.363687 0.043716 0.930419
1642516762.659235 0.089645 -0.197818 -0.173551 0.009839 0.356879 0.061881 0.932047
1642516762.692568 0.093011 -0.182711 -0.155768 0.006551 0.346637 0.065654 0.935676
1642516762.725902 0.096153 -0.170221 -0.135851 0.003772 0.332385 0.065796 0.940838
1642516762.759235 0.100036 -0.162914 -0.116922 0.004425 0.319736 0.065624 0.945221
1642516762.792568 0.105141 -0.160621 -0.098667 0.009846 0.310460 0.071677 0.947829
1642516762.825902 0.110980 -0.162337 -0.083618 0.018132 0.305943 0.080797 0.948442
1642516762.859235 0.119705 -0.168050 -0.068130 0.030310 0.304368 0.088984 0.947905
1642516762.892568 0.128022 -0.174974 -0.058434 0.041042 0.306591 0.089008 0.946782
1642516762.925902 0.136916 -0.184640 -0.052530 0.051025 0.309042 0.083219 0.946025
1642516762.959235 0.144771 -0.195647 -0.051837 0.057418 0.310408 0.073434 0.946022
1642516762.992568 0.152403 -0.209016 -0.055485 0.062942 0.312088 0.063808 0.945816
1642516763.025902 0.159420 -0.223232 -0.062097 0.068817 0.316310 0.056430 0.944472
1642516763.059235 0.168878 -0.242806 -0.073735 0.075304 0.325461 0.046867 0.941386
1642516763.092568 0.177782 -0.260855 -0.086463 0.079220 0.337482 0.036574 0.937279
1642516763.125901 0.188218 -0.281661 -0.102823 0.081161 0.353473 0.023590 0.931618
1642516763.159235 0.197658 -0.301441 -0.119799 0.077718 0.369823 0.007851 0.925813
1642516763.192568 0.205868 -0.320946 -0.137412 0.069714 0.384601 -0.012062 0.920368
1642516763.225902 0.212210 -0.338796 -0.153094 0.060192 0.396562 -0.033648 0.915414
1642516763.259235 0.218635 -0.361864 -0.171492 0.049296 0.409968 -0.060198 0.908775
1642516763.292568 0.223034 -0.383987 -0.186001 0.043062 0.420744 -0.080048 0.902614
1642516763.325902 0.226688 -0.410518 -0.200220 0.038187 0.432563 -0.099275 0.895308
1642516763.359235 0.229422 -0.437446 -0.211824 0.035739 0.444106 -0.118596 0.887371
1642516763.392568 0.231441 -0.465600 -0.221230 0.034592 0.455279 -0.141174 0.878404
1642516763.425902 0.232175 -0.491576 -0.227646 0.034510 0.462534 -0.164581 0.870508
1642516763.459235 0.231410 -0.523490 -0.232557 0.035097 0.468035 -0.196032 0.860978
1642516763.492568 0.229216 -0.550724 -0.233988 0.038047 0.468817 -0.224401 0.853468
1642516763.525902 0.225393 -0.579811 -0.232521 0.044111 0.467517 -0.252580 0.845982
1642516763.559235 0.220210 -0.605665 -0.228367 0.052882 0.463185 -0.273207 0.841440
1642516763.592568 0.214091 -0.628582 -0.221997 0.062643 0.456425 -0.289914 0.838870
1642516763.625901 0.208406 -0.645952 -0.214804 0.070683 0.449003 -0.304380 0.837110
1642516763.659235 0.201705 -0.663046 -0.204448 0.079599 0.438667 -0.320320 0.835841
1642516763.692568 0.196773 -0.674599 -0.194194 0.086792 0.429102 -0.330555 0.836105
1642516763.725902 0.192773 -0.684218 -0.181564 0.094546 0.418456 -0.339099 0.837238
1642516763.759235 0.190582 -0.690368 -0.168238 0.101177 0.408210 -0.343168 0.839859
1642516763.792568 0.189678 -0.693422 -0.153776 0.106479 0.396471 -0.343392 0.844722
1642516763.825902 0.189930 -0.693426 -0.139969 0.109217 0.384842 -0.340532 0.850885
1642516763.859235 0.191449 -0.689739 -0.122339 0.109939 0.370101 -0.335119 0.859438
1642516763.892568 0.193703 -0.683586 -0.106911 0.108555 0.356964 -0.328831 0.867561
1642516763.925902 0.197004 -0.673919 -0.090097 0.105731 0.342146 -0.320773 0.876848
1642516763.959235 0.200787 -0.662188 -0.075105 0.101976 0.328509 -0.312026 0.885620
1642516763.992568 0.251771 -0.589997 -0.052535 0.090706 0.321647 -0.289585 0.896915
1642516764.025902 0.259523 -0.574094 -0.043595 0.089918 0.316513 -0.277659 0.902574
1642516764.059235 0.327468 -0.471914 -0.046240 0.079333 0.317723 -0.250247 0.911117
1642516764.092568 0.365181 -0.425488 -0.047977 0.075713 0.321696 -0.225797 0.916403
1642516764.125901 0.382752 -0.380664 -0.066512 0.073864 0.326284 -0.208468 0.919034
1642516764.159235 0.394426 -0.350946 -0.075918 0.070467 0.335823 -0.194449 0.918938
1642516764.192568 0.406081 -0.319466 -0.089003 0.066576 0.347870 -0.180952 0.917502
1642516764.225902 0.416523 -0.289913 -0.103236 0.063243 0.361041 -0.168162 0.915080
1642516764.259235 0.427334 -0.251677 -0.139636 0.059651 0.375062 -0.155093 0.911985
1642516764.292568 0.436794 -0.218195 -0.158207 0.053953 0.390452 -0.138735 0.908509
1642516764.325902 0.446653 -0.180272 -0.178060 0.047574 0.407914 -0.120313 0.903807
1642516764.359235 0.455237 -0.144117 -0.194814 0.042612 0.424290 -0.099649 0.899018
1642516764.392568 0.462783 -0.108201 -0.208095 0.037544 0.438711 -0.076315 0.894594
1642516764.425902 0.468666 -0.076390 -0.216097 0.032141 0.447990 -0.055388 0.891742
1642516764.459235 0.474795 -0.038795 -0.220075 0.025031 0.455205 -0.031428 0.889480
1642516764.492568 0.478945 -0.008219 -0.218015 0.017935 0.455302 -0.011823 0.890078
1642516764.525902 0.507055 0.095308 -0.181010 0.000854 0.453313 0.015746 0.891212
1642516764.559235 0.510782 0.123295 -0.168713 -0.007956 0.442279 0.031492 0.896289
1642516764.592568 0.514141 0.147422 -0.153075 -0.015251 0.428311 0.046782 0.902291
1642516764.625901 0.517063 0.165611 -0.137072 -0.020463 0.413212 0.059575 0.908454
1642516764.659235 0.520881 0.183358 -0.116083 -0.025513 0.392878 0.071848 0.916425
1642516764.692568 0.524969 0.195022 -0.097751 -0.028666 0.374682 0.076411 0.923555
1642516764.725902 0.558426 0.178176 -0.054202 -0.026942 0.362469 0.085488 0.927676
1642516764.759235 0.569128 0.179524 -0.035210 -0.027496 0.347279 0.082314 0.933737
1642516764.792568 0.580218 0.133877 0.026859 -0.015123 0.333749 0.077278 0.939367
1642516764.825902 0.592899 0.117286 0.048081 -0.010754 0.323430 0.071129 0.943514
1642516764.859235 0.602090 0.097858 0.065905 -0.004945 0.311372 0.060264 0.948363
1642516764.892568 0.614001 0.081430 0.073032 -0.000719 0.304078 0.052342 0.951208
1642516764.925902 0.628251 0.060801 0.076350 0.003892 0.299462 0.042521 0.953152
1642516764.959235 0.643233 0.038798 0.075025 0.008902 0.300027 0.032625 0.953331
1642516764.992568 0.646310 0.007050 0.061530 0.014797 0.304366 0.022619 0.952172
1642516765.025902 0.660891 -0.016700 0.052130 0.018939 0.314118 0.012264 0.949116
1642516765.059235 0.679900 -0.047405 0.036788 0.023017 0.330531 -0.001437 0.943513
1642516765.092568 0.696640 -0.075126 0.020770 0.024417 0.348264 -0.014772 0.936962
1642516765.125901 0.714403 -0.106859 0.000744 0.023670 0.368930 -0.030690 0.928649
1642516765.159235 0.729558 -0.138093 -0.019550 0.020406 0.387515 -0.047901 0.920392
1642516765.192568 0.742959 -0.170645 -0.040039 0.015736 0.405270 -0.067175 0.911590
1642516765.225902 0.753790 -0.201498 -0.057734 0.011821 0.420800 -0.086025 0.902988
1642516765.259235 0.738588 -0.237666 -0.093499 0.003816 0.432209 -0.103114 0.895851
1642516765.292568 0.744933 -0.273338 -0.108988 0.003511 0.443780 -0.123034 0.887643
1642516765.325902 0.711781 -0.314133 -0.155552 0.011891 0.452150 -0.145412 0.879928
1642516765.359235 0.706083 -0.361805 -0.173333 0.019770 0.457629 -0.172248 0.872075
1642516765.392568 0.709941 -0.407182 -0.176615 0.027004 0.461637 -0.202266 0.863279
1642516765.425902 0.709872 -0.444315 -0.178578 0.032836 0.458904 -0.228103 0.858078
1642516765.459235 0.714218 -0.485293 -0.166235 0.043928 0.453860 -0.266133 0.849267
1642516765.492568 0.712799 -0.519605 -0.158625 0.051790 0.439937 -0.288828 0.848736
1642516765.525902 0.712974 -0.552042 -0.129805 0.060600 0.420867 -0.313502 0.849067
1642516765.559235 0.702586 -0.564233 -0.097104 0.069548 0.398239 -0.336235 0.850597
1642516765.592568 0.701734 -0.578621 -0.072080 0.072801 0.376896 -0.348509 0.855097
1642516765.625901 0.702674 -0.589510 -0.054378 0.077616 0.358805 -0.356208 0.859273
1642516765.659235 0.707402 -0.587225 -0.025199 0.076660 0.339015 -0.358837 0.866272
1642516765.692568 0.712608 -0.594846 -0.010319 0.078215 0.323811 -0.355399 0.873338
1642516765.725902 0.720325 -0.569990 0.028539 0.069461 0.309199 -0.345800 0.883172
1642516765.759235 0.728717 -0.567382 0.040235 0.067452 0.296231 -0.335248 0.891799
1642516765.792568 0.735690 -0.527879 0.062810 0.061139 0.283779 -0.325016 0.900054
1642516765.825902 0.748093 -0.510242 0.067779 0.057619 0.277399 -0.314112 0.906125
1642516765.859235 0.760483 -0.467005 0.064289 0.052420 0.273683 -0.299333 0.912551
1642516765.892568 0.773924 -0.450134 0.062381 0.052153 0.279520 -0.280771 0.916688
1642516765.925902 0.772541 -0.385597 0.040203 0.047539 0.286880 -0.264608 0.919469
1642516765.959235 0.788720 -0.360931 0.029416 0.049498 0.306756 -0.239650 0.919793
1642516765.992568 0.783714 -0.304181 -0.019481 0.047382 0.326503 -0.218091 0.918470
1642516766.025902 0.798007 -0.275543 -0.035769 0.047275 0.350819 -0.193435 0.915027
1642516766.059235 0.773711 -0.224445 -0.079851 0.042419 0.370547 -0.170845 0.911980
1642516766.092568 0.782538 -0.186697 -0.098067 0.036608 0.392326 -0.144039 0.907740
1642516766.125901 0.748558 -0.076556 -0.148577 0.020882 0.406902 -0.112946 0.906222
1642516766.159235 0.749174 -0.031440 -0.161729 0.010421 0.417431 -0.085227 0.904643
1642516766.192568 0.746705 0.014266 -0.169793 -0.000045 0.421286 -0.055051 0.905256
1642516766.225902 0.742458 0.055078 -0.172631 -0.009385 0.418145 -0.026654 0.907941
1642516766.259235 0.735692 0.103638 -0.170557 -0.020568 0.409733 0.006318 0.911952
1642516766.292568 0.729174 0.143343 -0.164448 -0.028881 0.397389 0.031221 0.916664
1642516766.325902 0.719434 0.191613 -0.116205 -0.034974 0.381282 0.057803 0.921987
1642516766.359235 0.713029 0.224788 -0.100718 -0.037402 0.362884 0.082574 0.927415
1642516766.392568 0.706989 0.253867 -0.083153 -0.037321 0.342593 0.103750 0.932991
1642516766.425902 0.701856 0.276701 -0.066285 -0.036405 0.322790 0.116993 0.938506
1642516766.459235 0.696394 0.300527 -0.045021 -0.034951 0.297915 0.125904 0.945607
1642516766.492568 0.693102 0.317597 -0.026851 -0.032473 0.278522 0.125119 0.951691
1642516766.525902 0.710353 0.304084 0.009091 -0.027306 0.258268 0.109178 0.959496
1642516766.559235 0.710860 0.312668 0.026671 -0.023777 0.243335 0.094249 0.965060
1642516766.592568 0.719404 0.295535 0.057069 -0.014002 0.230650 0.064272 0.970811
1642516766.625901 0.725617 0.280949 0.079574 -0.001380 0.224263 0.036560 0.973842
1642516766.659235 0.733410 0.251487 0.092644 0.016947 0.221949 -0.003293 0.974905
1642516766.692568 0.736284 0.239533 0.097276 0.031632 0.221379 -0.024465 0.974368
1642516766.725902 0.722820 0.189043 0.100121 0.062211 0.221271 -0.060228 0.971361
1642516766.759235 0.721551 0.165928 0.096195 0.084292 0.223507 -0.079759 0.967770
1642516766.792568 0.685287 0.097862 0.060861 0.122496 0.223052 -0.094295 0.962471
1642516766.825902 0.678737 0.069401 0.048494 0.143108 0.227386 -0.116182 0.956199
1642516766.859235 0.654429 -0.003207 0.035288 0.166195 0.235276 -0.142352 0.946974
1642516766.892568 0.640037 -0.046449 0.023917 0.186253 0.243026 -0.172125 0.936280
1642516766.925901 0.627229 -0.086005 0.002241 0.208008 0.253999 -0.205001 0.922058
1642516766.959235 0.613218 -0.125664 -0.020088 0.228753 0.266319 -0.234298 0.906560
1642516766.992568 0.606707 -0.208844 0.006495 0.248905 0.289835 -0.257263 0.887614
1642516767.025902 0.589791 -0.246339 -0.015815 0.270190 0.301673 -0.279358 0.870603
1642516767.059235 0.563377 -0.298472 -0.045323 0.297756 0.314829 -0.303994 0.848417
1642516767.092568 0.541222 -0.335909 -0.070012 0.316693 0.323043 -0.333234 0.827227
1642516767.125901 0.508296 -0.395294 -0.099479 0.338367 0.330719 -0.359678 0.804217
1642516767.159235 0.482102 -0.433458 -0.118672 0.346156 0.334347 -0.391756 0.784166
1642516767.192568 0.464313 -0.490341 -0.127430 0.351275 0.341568 -0.416294 0.765922
1642516767.225902 0.441583 -0.522960 -0.136844 0.351927 0.342107 -0.440179 0.751899
1642516767.259235 0.413004 -0.565751 -0.146142 0.350150 0.340668 -0.467322 0.736852
1642516767.292568 0.391873 -0.590931 -0.142540 0.347471 0.335843 -0.490809 0.724969
1642516767.325902 0.373698 -0.650329 -0.154773 0.345157 0.331345 -0.508683 0.715765
1642516767.359235 0.351043 -0.666545 -0.138939 0.339938 0.315443 -0.530534 0.709557
1642516767.392568 0.373348 -0.700494 -0.105290 0.324679 0.309781 -0.548967 0.705163
1642516767.425901 0.361582 -0.714728 -0.093818 0.317366 0.291602 -0.564422 0.704042
1642516767.459235 0.358868 -0.769154 -0.080686 0.306125 0.272245 -0.569900 0.712309
1642516767.492568 0.344673 -0.752468 -0.059733 0.293037 0.245975 -0.575477 0.722808
1642516767.525902 0.340168 -0.749782 -0.043106 0.272630 0.224849 -0.573784 0.738842
1642516767.559235 0.344869 -0.750503 -0.028471 0.252163 0.212407 -0.571311 0.751599
1642516767.592568 0.341900 -0.743647 -0.012884 0.224336 0.204279 -0.562737 0.768941
1642516767.625901 0.368333 -0.729187 0.001967 0.197088 0.205292 -0.554824 0.781781
1642516767.659235 0.389279 -0.721551 0.013391 0.164013 0.208332 -0.542105 0.797383
1642516767.692568 0.411066 -0.713531 0.021259 0.134431 0.216570 -0.529256 0.809268
1642516767.725902 0.438192 -0.703095 0.027199 0.102938 0.229023 -0.513040 0.820818
1642516767.759235 0.466124 -0.691636 0.029774 0.075252 0.244016 -0.494880 0.830595
1642516767.792568 0.490842 -0.648582 0.012635 0.042300 0.260776 -0.471624 0.841295
1642516767.825902 0.517684 -0.632305 0.006875 0.017850 0.277412 -0.451391 0.847921
1642516767.859235 0.524761 -0.600913 -0.008626 -0.013514 0.295329 -0.429466 0.853321
1642516767.892568 0.552232 -0.577781 -0.021819 -0.039931 0.312251 -0.411394 0.855371
1642516767.925901 0.573966 -0.542469 -0.048971 -0.067247 0.327577 -0.394748 0.855772
1642516767.959235 0.601051 -0.513656 -0.068894 -0.093013 0.343529 -0.376499 0.855327
1642516767.992568 0.617184 -0.485139 -0.093033 -0.113810 0.357097 -0.359122 0.854728
1642516768.025902 0.639202 -0.457681 -0.113467 -0.129471 0.372789 -0.335850 0.855261
1642516768.059235 0.658401 -0.424625 -0.141885 -0.142184 0.389955 -0.308711 0.855813
1642516768.092568 0.679475 -0.393666 -0.164587 -0.149065 0.408080 -0.285232 0.854338
1642516768.125901 0.699874 -0.358840 -0.189284 -0.150965 0.425774 -0.258784 0.853790
1642516768.159235 0.719159 -0.323112 -0.210608 -0.147241 0.440788 -0.230800 0.854843
1642516768.192568 0.736752 -0.286334 -0.228740 -0.138434 0.453810 -0.202135 0.856758
1642516768.225902 0.752883 -0.251444 -0.241169 -0.128263 0.464245 -0.175787 0.858559
1642516768.259235 0.749776 -0.193988 -0.242262 -0.112640 0.471262 -0.142634 0.863064
1642516768.292568 0.747764 -0.147011 -0.240118 -0.097478 0.477267 -0.109608 0.866430
1642516768.325902 0.751370 -0.107517 -0.218739 -0.078546 0.480459 -0.082348 0.869603
1642516768.359235 0.764602 -0.070172 -0.208803 -0.055928 0.480981 -0.055430 0.873188
1642516768.392568 0.757779 -0.059425 -0.172467 -0.031411 0.479230 -0.027954 0.876681
1642516768.425901 0.767504 -0.032984 -0.153247 -0.009645 0.473380 -0.006685 0.880780
1642516768.459235 0.778235 -0.005792 -0.125246 0.017163 0.462626 0.018237 0.886200
1642516768.492568 0.786566 0.012495 -0.098253 0.040889 0.448928 0.036237 0.891896
1642516768.525902 0.795608 0.026521 -0.066445 0.068172 0.434115 0.050201 0.896870
1642516768.559235 0.803319 0.033973 -0.035086 0.091946 0.420339 0.057619 0.900856
1642516768.592568 0.809589 0.035384 -0.004347 0.114862 0.407382 0.059904 0.904023
1642516768.625901 0.812798 0.031391 0.021107 0.134820 0.394623 0.059576 0.906944
1642516768.659235 0.812285 0.020403 0.047912 0.157306 0.374938 0.057113 0.911819
1642516768.692568 0.807295 0.005730 0.065860 0.176371 0.354555 0.053680 0.916680
1642516768.725902 0.798071 -0.015362 0.079820 0.198360 0.332269 0.045676 0.920958
1642516768.759235 0.788579 -0.038373 0.088420 0.219496 0.318251 0.026096 0.921877
1642516768.792568 0.783276 -0.058185 0.084987 0.237668 0.312321 -0.001948 0.919764
1642516768.825902 0.776244 -0.081423 0.084851 0.251620 0.312609 -0.026846 0.915556
1642516768.859235 0.765043 -0.102941 0.068035 0.262109 0.315901 -0.059068 0.909954
1642516768.892568 0.758517 -0.127455 0.060368 0.267315 0.325066 -0.084164 0.903212
1642516768.925901 0.756442 -0.138548 0.026007 0.262566 0.337658 -0.113809 0.896713
1642516768.959235 0.750805 -0.162402 0.010542 0.259017 0.354938 -0.140250 0.887276
1642516768.992568 0.743479 -0.170801 -0.023692 0.248023 0.373955 -0.167249 0.877878
1642516769.025902 0.725746 -0.189814 -0.065388 0.237469 0.391105 -0.195277 0.867475
1642516769.059235 0.703905 -0.221992 -0.129229 0.227295 0.404743 -0.228445 0.855765
1642516769.092568 0.691609 -0.243207 -0.167261 0.216796 0.424137 -0.251344 0.842576
1642516769.125901 0.683979 -0.270749 -0.195947 0.207849 0.452830 -0.273397 0.822799
1642516769.159235 0.670475 -0.296410 -0.224231 0.197251 0.477454 -0.295416 0.803653
1642516769.192568 0.652762 -0.323644 -0.251071 0.187871 0.497456 -0.318705 0.784646
1642516769.225902 0.632746 -0.349890 -0.272696 0.182693 0.510011 -0.337119 0.769976
1642516769.259235 0.614056 -0.398749 -0.289366 0.189890 0.525499 -0.363230 0.745558
1642516769.292568 0.587166 -0.431868 -0.304885 0.190671 0.532550 -0.383646 0.729966
1642516769.325902 0.564516 -0.479838 -0.310419 0.200251 0.541321 -0.411150 0.705569
1642516769.359235 0.532848 -0.518143 -0.318595 0.204223 0.542958 -0.436628 0.687638
1642516769.392568 0.506358 -0.561622 -0.316080 0.215645 0.542596 -0.462503 0.667217
1642516769.425901 0.475772 -0.597113 -0.316668 0.224985 0.537281 -0.484123 0.652944
1642516769.459235 0.439442 -0.639829 -0.312413 0.238024 0.528292 -0.509645 0.636014
1642516769.492568 0.407789 -0.674178 -0.307194 0.248136 0.517166 -0.530574 0.624067
1642516769.525902 0.396397 -0.707032 -0.282134 0.254336 0.506587 -0.551140 0.612314
1642516769.559235 0.369871 -0.738589 -0.272086 0.258074 0.492450 -0.573108 0.602028
1642516769.592568 0.346884 -0.767399 -0.260714 -0.258483 -0.478887 0.594053 -0.592415
1642516769.625901 0.328920 -0.790980 -0.249390 -0.257972 -0.466936 0.609981 -0.585956
1642516769.659235 0.312780 -0.815310 -0.233368 -0.251381 -0.452872 0.624572 -0.584486
1642516769.692568 0.301159 -0.833241 -0.219065 -0.242482 -0.439683 0.637146 -0.584745
1642516769.725902 0.290658 -0.851006 -0.202677 -0.227455 -0.425619 0.652253 -0.584533
1642516769.759235 0.290623 -0.861616 -0.183209 -0.212241 -0.412043 0.667765 -0.582464
1642516769.792568 0.288053 -0.870113 -0.166057 -0.198101 -0.395142 0.679908 -0.585101
1642516769.825902 0.287194 -0.874649 -0.151449 -0.187780 -0.378741 0.686637 -0.591458
1642516769.859235 0.287940 -0.876340 -0.136102 -0.178105 -0.358823 0.691299 -0.601357
1642516769.892568 0.290346 -0.875325 -0.126252 -0.174690 -0.343650 0.691623 -0.610774
1642516769.925901 0.295177 -0.872673 -0.119529 -0.175812 -0.331228 0.688853 -0.620371
1642516769.959235 0.302111 -0.869732 -0.117435 -0.183616 -0.325724 0.682419 -0.628087
1642516769.992568 0.310860 -0.866717 -0.119451 -0.197662 -0.326422 0.669646 -0.637145
1642516770.025902 0.319794 -0.863791 -0.124563 -0.213353 -0.331866 0.650568 -0.648927
1642516770.059235 0.331578 -0.859697 -0.134312 0.232710 0.341333 -0.622408 0.664790
1642516770.092568 0.342003 -0.855126 -0.144767 0.246167 0.350439 -0.598231 0.677285
1642516770.125901 0.353089 -0.849502 -0.157152 0.257039 0.360393 -0.578784 0.684878
1642516770.159235 0.361923 -0.844269 -0.168555 0.263717 0.368753 -0.570023 0.685236
1642516770.192568 0.306087 -0.799043 -0.198523 0.259433 0.372195 -0.547324 0.703279
1642516770.225902 0.302761 -0.793962 -0.207464 0.264818 0.376393 -0.544782 0.701008
1642516770.259235 0.295807 -0.790168 -0.215441 0.271232 0.378005 -0.544434 0.697952
1642516770.292568 0.285019 -0.787728 -0.221403 0.277214 0.376899 -0.548053 0.693353
1642516770.325902 0.241619 -0.798816 -0.200051 0.288317 0.374545 -0.541784 0.695024
1642516770.359235 0.224563 -0.801619 -0.198258 0.290228 0.367969 -0.552114 0.689592
1642516770.392568 0.226394 -0.826956 -0.184086 0.289825 0.364399 -0.562111 0.683554
1642516770.425901 0.211314 -0.832734 -0.176696 0.288568 0.353589 -0.574302 0.679618
1642516770.459235 0.210779 -0.840724 -0.154641 0.281065 0.341260 -0.590869 0.674846
1642516770.492568 0.199427 -0.845168 -0.141188 0.278405 0.327697 -0.602210 0.672642
1642516770.525902 0.201735 -0.851470 -0.122207 0.269924 0.314309 -0.611374 0.674221
1642516770.559235 0.196749 -0.852533 -0.105114 0.262978 0.298197 -0.618431 0.677838
1642516770.592568 0.203343 -0.855464 -0.064369 0.245478 0.291933 -0.606519 0.697604
1642516770.625901 0.205148 -0.855551 -0.046699 0.234665 0.279598 -0.609658 0.703615
1642516770.659235 0.227640 -0.855729 -0.028324 0.215417 0.268212 -0.615358 0.709220
1642516770.692568 0.235353 -0.847906 -0.013690 0.201423 0.254651 -0.611042 0.721948
1642516770.725902 0.262520 -0.844739 0.009464 0.184690 0.247818 -0.604091 0.734540
1642516770.759235 0.274240 -0.832449 0.018797 0.169901 0.235285 -0.591862 0.751980
1642516770.792568 0.287300 -0.812583 0.020625 0.156023 0.224871 -0.575285 0.770803
1642516770.825902 0.299791 -0.794491 0.018899 0.146976 0.219095 -0.561770 0.784098
1642516770.859235 0.310546 -0.786598 0.028219 0.145730 0.225881 -0.535350 0.800713
1642516770.892568 0.324115 -0.774037 0.021585 0.143878 0.232013 -0.519304 0.809810
1642516770.925901 0.325653 -0.761795 0.015023 0.147641 0.243278 -0.495613 0.820601
1642516770.959235 0.340792 -0.748308 -0.000316 0.149887 0.258263 -0.477392 0.826397
1642516770.992568 0.350680 -0.728201 -0.016403 0.152043 0.273669 -0.462068 0.829748
1642516771.025902 0.364370 -0.711585 -0.034091 0.151549 0.291266 -0.446888 0.832159
1642516771.059235 0.384706 -0.696204 -0.056400 0.151894 0.319045 -0.425873 0.832929
1642516771.092568 0.401952 -0.676667 -0.080684 0.149490 0.343443 -0.405294 0.833928
1642516771.125901 0.417011 -0.652883 -0.097254 0.144766 0.369449 -0.384802 0.833353
1642516771.159235 0.437598 -0.624578 -0.126568 0.141182 0.395275 -0.356257 0.834809
1642516771.192568 0.461576 -0.587902 -0.143069 0.131908 0.418698 -0.331693 0.835028
1642516771.225902 0.478334 -0.560548 -0.163211 0.125966 0.437974 -0.306325 0.835749
1642516771.259235 0.497700 -0.522284 -0.179519 0.114046 0.458321 -0.279370 0.835995
1642516771.292568 0.515254 -0.488279 -0.194927 0.102386 0.473396 -0.256660 0.836385
1642516771.325902 0.526626 -0.454364 -0.210923 0.083688 0.486352 -0.228543 0.839182
1642516771.359235 0.544351 -0.415624 -0.219093 0.069858 0.495691 -0.203185 0.841502
1642516771.392568 0.566351 -0.377594 -0.227657 0.056979 0.502238 -0.174212 0.845080
1642516771.425901 0.578286 -0.345566 -0.232968 0.049916 0.504070 -0.145225 0.849901
1642516771.459235 0.595202 -0.303489 -0.227599 0.037039 0.501824 -0.110815 0.857042
1642516771.492568 0.609028 -0.267964 -0.218701 0.026524 0.495762 -0.082399 0.864134
1642516771.525902 0.611437 -0.233923 -0.185518 0.016970 0.484539 -0.053439 0.872971
1642516771.559235 0.624059 -0.201084 -0.167630 0.008429 0.471361 -0.022857 0.881604
1642516771.592568 0.627782 -0.175850 -0.150197 0.003546 0.455034 0.008998 0.890422
1642516771.625901 0.639330 -0.156508 -0.137803 -0.002892 0.439678 0.032623 0.897558
1642516771.659235 0.637201 -0.150768 -0.114984 -0.003604 0.419084 0.055383 0.906250
1642516771.692568 0.642509 -0.139711 -0.097495 -0.007621 0.400950 0.065613 0.913716
1642516771.725901 0.627539 -0.113243 -0.056815 -0.015696 0.373902 0.076660 0.924161
1642516771.759235 0.629678 -0.110191 -0.044343 -0.021245 0.350887 0.079998 0.932753
1642516771.792568 0.627387 -0.094708 -0.021271 -0.025630 0.328450 0.080406 0.940744
1642516771.825902 0.630161 -0.110575 -0.032473 -0.028505 0.316534 0.080985 0.944688
1642516771.859235 0.637139 -0.121630 -0.034975 -0.030704 0.308125 0.076507 0.947767
1642516771.892568 0.646443 -0.136866 -0.043931 -0.032654 0.310199 0.071676 0.947403
1642516771.925901 0.657382 -0.155551 -0.058522 -0.034891 0.320121 0.068683 0.944239
1642516771.959235 0.671196 -0.180263 -0.080704 -0.037898 0.337337 0.064679 0.938394
1642516771.992568 0.634112 -0.082006 -0.097735 -0.036971 0.347049 0.072786 0.934287
1642516772.025902 0.638951 -0.100049 -0.121520 -0.040824 0.368640 0.061335 0.926648
1642516772.059235 0.610226 -0.152821 -0.113245 -0.043831 0.394640 0.030982 0.917267
1642516772.092568 0.610526 -0.180316 -0.139687 -0.048811 0.416227 0.007690 0.907917
1642516772.125901 0.579830 -0.209733 -0.155695 -0.054605 0.437916 -0.019546 0.897143
1642516772.159235 0.575523 -0.248511 -0.181089 -0.055639 0.458787 -0.040887 0.885860
1642516772.192568 0.639053 -0.263686 -0.231296 -0.044880 0.479553 -0.076768 0.872996
1642516772.225901 0.630090 -0.305583 -0.247123 -0.036381 0.494163 -0.097873 0.863076
1642516772.259235 0.591103 -0.348448 -0.227470 -0.022040 0.509858 -0.131196 0.849910
1642516772.292568 0.578666 -0.395497 -0.235007 -0.010035 0.516379 -0.162077 0.840823
1642516772.325902 0.552907 -0.435970 -0.193712 0.010349 0.517307 -0.206128 0.830541
1642516772.359235 0.535262 -0.484778 -0.192083 0.026879 0.514564 -0.239178 0.822979
1642516772.392568 0.526625 -0.531129 -0.175092 0.044768 0.510011 -0.269837 0.815520
1642516772.425901 0.509229 -0.573066 -0.167264 0.061645 0.498558 -0.299082 0.811289
1642516772.459235 0.476835 -0.615201 -0.142677 0.076400 0.481083 -0.335680 0.806251
1642516772.492568 0.458611 -0.653497 -0.129269 0.089910 0.464300 -0.368316 0.800428
1642516772.525902 0.440912 -0.690506 -0.113268 0.101578 0.444566 -0.405302 0.792322
1642516772.559235 0.426783 -0.722914 -0.097787 0.110316 0.427100 -0.440148 0.782104
1642516772.592568 0.401743 -0.741009 -0.074106 0.119586 0.408123 -0.470798 0.772971
1642516772.625901 0.393828 -0.760545 -0.060341 0.126472 0.394148 -0.486369 0.769478
1642516772.659235 0.402919 -0.780430 -0.040147 0.131484 0.377443 -0.494913 0.771563
1642516772.692568 0.401068 -0.789639 -0.027442 0.133759 0.363425 -0.497457 0.776252
1642516772.725901 0.407686 -0.801255 0.002944 0.119929 0.346307 -0.481154 0.796354
1642516772.759235 0.410690 -0.796913 0.013257 0.116820 0.331182 -0.479810 0.804024
1642516772.792568 0.420422 -0.780699 0.019309 0.110526 0.319137 -0.473936 0.813216
1642516772.825902 0.429503 -0.768342 0.025319 0.107430 0.311286 -0.465448 0.821534
1642516772.859235 0.437441 -0.741898 0.021507 0.101836 0.304622 -0.450887 0.832788
1642516772.892568 0.453032 -0.721757 0.023835 0.099374 0.303172 -0.430161 0.844496
1642516772.925901 0.464349 -0.691391 0.017198 0.097101 0.302252 -0.406514 0.856715
1642516772.959235 0.486104 -0.663138 0.016221 0.095173 0.305326 -0.377823 0.868889
1642516772.992568 0.507016 -0.628654 0.012866 0.092566 0.309657 -0.348436 0.879850
1642516773.025902 0.529482 -0.595813 0.010525 0.089058 0.314863 -0.321055 0.888737
1642516773.059235 0.549083 -0.549887 0.008199 0.084466 0.319381 -0.289648 0.898313
1642516773.092568 0.572520 -0.507190 0.005474 0.078911 0.324395 -0.256593 0.907029
1642516773.125901 0.597340 -0.456633 0.002963 0.072600 0.329631 -0.216565 0.916063
1642516773.159235 0.619316 -0.406063 0.001221 0.066860 0.333483 -0.175504 0.923860
1642516773.192568 0.639426 -0.353780 0.000308 0.060827 0.336260 -0.134936 0.930065
1642516773.225901 0.655911 -0.306004 0.000272 0.054724 0.337948 -0.101730 0.934049
1642516773.259235 0.674179 -0.248066 0.001367 0.046821 0.340277 -0.064129 0.936967
1642516773.292568 0.688173 -0.199733 0.003072 0.040141 0.342168 -0.035860 0.938096
1642516773.325902 0.701751 -0.149487 0.005219 0.033328 0.343077 -0.007745 0.938684
1642516773.359235 0.713096 -0.105664 0.007114 0.027560 0.342624 0.014666 0.938954
1642516773.392568 0.723413 -0.066576 0.008629 0.022222 0.341424 0.032250 0.939093
1642516773.425901 0.732066 -0.035841 0.009456 0.017903 0.340308 0.043487 0.939137
1642516773.459235 0.741933 -0.004330 0.009724 0.014388 0.339221 0.053304 0.939085
1642516773.492568 0.749952 0.017582 0.009192 0.012487 0.338659 0.057697 0.939056
1642516773.525902 0.758436 0.036585 0.007814 0.009677 0.337558 0.057975 0.939468
1642516773.559235 0.766545 0.049991 0.005859 0.006909 0.336013 0.051724 0.940411
1642516773.592568 0.775908 0.059851 0.003177 0.003739 0.334338 0.038210 0.941671
1642516773.625901 0.785480 0.064610 0.000324 0.000695 0.334299 0.018839 0.942278
1642516773.659235 0.793593 0.064767 -0.002232 0.000118 0.335424 -0.001620 0.942066
1642516773.692568 0.802561 0.061620 -0.005291 0.001077 0.337088 -0.025132 0.941137
1642516773.725901 0.812003 0.054250 -0.008869 0.004070 0.338802 -0.052788 0.939367
1642516773.759235 0.820003 0.044019 -0.012452 0.008820 0.339781 -0.081086 0.936961
1642516773.792568 0.826857 0.031509 -0.016024 0.014439 0.340294 -0.112761 0.933422
1642516773.825902 0.831988 0.018841 -0.019124 0.020228 0.340285 -0.144241 0.928973
1642516773.859235 0.837043 0.002253 -0.022717 0.027234 0.340196 -0.183966 0.921782
1642516773.892568 0.840465 -0.012402 -0.025650 0.033365 0.340088 -0.219458 0.913819
1642516773.925901 0.830772 -0.034099 -0.036757 0.045606 0.340268 -0.263515 0.901497
1642516773.959235 0.831542 -0.050063 -0.040277 0.051434 0.340204 -0.299019 0.890058
1642516773.992568 0.815111 -0.081879 -0.046039 0.066239 0.340544 -0.339540 0.874274
1642516774.025902 0.812790 -0.096834 -0.048779 0.074257 0.339877 -0.364910 0.863603
1642516774.059235 0.795705 -0.134238 -0.050162 0.087672 0.337248 -0.396458 0.849352
1642516774.092568 0.782473 -0.171837 -0.050470 0.100386 0.334972 -0.427381 0.833704
1642516774.125901 0.756586 -0.217929 -0.047444 0.113958 0.329396 -0.465687 0.813417
1642516774.159235 0.750434 -0.231200 -0.048767 0.123773 0.324446 -0.496559 0.795515
1642516774.192568 0.646366 -0.335580 -0.017089 0.142071 0.316149 -0.525070 0.777282
1642516774.225901 0.636325 -0.347798 -0.017293 0.154364 0.309784 -0.543575 0.764678
1642516774.259235 0.524406 -0.501849 -0.019377 0.172192 0.306821 -0.529544 0.771877
1642516774.292568 0.511326 -0.515681 -0.021344 0.185956 0.301473 -0.540488 0.763156
1642516774.325902 0.329567 -0.663669 -0.105797 0.206351 0.278314 -0.562160 0.750957
1642516774.359235 0.306380 -0.656575 -0.112288 0.223223 0.271227 -0.576351 0.737853
1642516774.392568 0.340392 -0.661437 -0.109050 0.219628 0.274920 -0.587195 0.728961
1642516774.425901 0.335291 -0.661702 -0.113987 0.229209 0.275170 -0.593758 0.720552
1642516774.459235 0.332646 -0.659006 -0.121122 0.240822 0.276953 -0.597078 0.713302
1642516774.492568 0.334221 -0.653202 -0.128660 0.251202 0.280108 -0.594040 0.711022
1642516774.525902 0.351290 -0.651752 -0.130107 0.255008 0.290652 -0.585906 0.712184
1642516774.559235 0.362986 -0.640892 -0.138159 0.260695 0.297806 -0.574218 0.716675
1642516774.592568 0.350191 -0.652329 -0.146438 0.261557 0.307788 -0.553124 0.728634
1642516774.625901 0.372296 -0.631022 -0.150501 0.263047 0.316185 -0.538860 0.735162
1642516774.659235 0.383425 -0.625056 -0.150099 0.260973 0.328727 -0.511028 0.750121
1642516774.692568 0.406734 -0.601519 -0.155783 0.257148 0.338660 -0.488679 0.761825
1642516774.725901 0.404213 -0.596214 -0.157091 0.246726 0.350416 -0.454590 0.780822
1642516774.759235 0.431980 -0.565030 -0.159737 0.234746 0.361430 -0.426705 0.795101
1642516774.792568 0.454929 -0.528041 -0.151439 0.218761 0.371568 -0.396582 0.810434
1642516774.825902 0.481624 -0.494332 -0.149699 0.200398 0.377491 -0.368285 0.825656
1642516774.859235 0.484740 -0.469890 -0.137429 0.171461 0.383453 -0.325633 0.847070
1642516774.892568 0.510687 -0.430437 -0.131361 0.145728 0.384618 -0.296068 0.862077
1642516774.925901 0.550526 -0.362041 -0.116763 0.121131 0.380235 -0.275512 0.874552
1642516774.959235 0.576881 -0.317100 -0.107719 0.092448 0.378869 -0.245694 0.887438
1642516774.992568 0.602305 -0.271689 -0.098610 0.062907 0.375398 -0.216614 0.898998
1642516775.025902 0.624595 -0.230836 -0.090495 0.035758 0.372000 -0.191482 0.907564
1642516775.059235 0.651026 -0.181067 -0.080896 0.001927 0.367237 -0.163325 0.915674
1642516775.092568 0.672924 -0.138693 -0.073053 -0.029384 0.362227 -0.141114 0.920877
1642516775.125901 0.673691 -0.079849 -0.069464 -0.066977 0.354582 -0.119860 0.924889
1642516775.159235 0.692751 -0.036513 -0.062432 -0.101348 0.350124 -0.098966 0.925931
1642516775.192568 0.690821 0.007949 -0.062605 -0.135583 0.344024 -0.083142 0.925393
1642516775.225901 0.702713 0.043165 -0.058941 -0.165563 0.340051 -0.067657 0.923242
1642516775.259235 0.712338 0.081541 -0.058601 -0.200400 0.335114 -0.050869 0.919212
1642516775.292568 0.719227 0.111743 -0.058962 -0.229627 0.330417 -0.037706 0.914699
1642516775.325902 0.724306 0.140915 -0.061760 -0.260004 0.326038 -0.027654 0.908478
1642516775.359235 0.727268 0.164093 -0.066363 -0.286332 0.323688 -0.022020 0.901529
1642516775.392568 0.729186 0.183848 -0.073059 -0.311038 0.323499 -0.019238 0.893439
1642516775.425901 0.730138 0.197134 -0.080636 -0.330686 0.326257 -0.018842 0.885352
1642516775.459235 0.705816 0.168772 -0.099507 -0.338972 0.328081 -0.015936 0.881593
1642516775.492568 0.704328 0.170028 -0.108289 -0.351092 0.334625 -0.021039 0.874252
1642516775.525902 0.689903 0.137914 -0.116989 -0.354328 0.344763 -0.032480 0.868640
1642516775.559235 0.679591 0.109637 -0.130303 -0.363277 0.353546 -0.040375 0.861049
1642516775.592568 0.673818 0.078164 -0.135250 -0.365889 0.367786 -0.054196 0.853183
1642516775.625901 0.667500 0.060797 -0.142175 -0.368326 0.378929 -0.067480 0.846283
1642516775.659235 0.650361 -0.005945 -0.160478 -0.361483 0.394561 -0.090026 0.839968
1642516775.692568 0.639325 -0.034298 -0.166318 -0.356953 0.405717 -0.109175 0.834301
1642516775.725901 0.595814 -0.123167 -0.184691 -0.344575 0.416474 -0.129221 0.831336
1642516775.759235 0.578175 -0.163412 -0.188808 -0.333035 0.427335 -0.153993 0.826292
1642516775.792568 0.551107 -0.257501 -0.209742 -0.317872 0.434403 -0.177117 0.823942
1642516775.825902 0.481004 -0.475998 -0.238793 -0.318580 0.426430 -0.174971 0.828281
1642516775.859235 0.460602 -0.573731 -0.255821 -0.301221 0.426190 -0.202807 0.828551
1642516775.892568 0.442186 -0.625558 -0.254463 -0.269854 0.427833 -0.237832 0.829201
1642516775.925901 0.420903 -0.688569 -0.245081 -0.233341 0.422637 -0.272768 0.832182
1642516775.959235 0.400425 -0.734699 -0.235311 -0.184112 0.417794 -0.313067 0.832790
1642516775.992568 0.380801 -0.782869 -0.224266 -0.133297 0.402900 -0.350075 0.835076
1642516776.025902 0.361028 -0.825947 -0.211183 -0.076841 0.390906 -0.382946 0.833451
1642516776.059235 0.337994 -0.867401 -0.196349 -0.007661 0.365726 -0.412225 0.834420
1642516776.092568 0.316785 -0.906181 -0.185928 0.056738 0.343096 -0.432678 0.831779
1642516776.125901 0.286367 -0.943862 -0.169914 0.124246 0.315403 -0.447937 0.827307
1642516776.159235 0.264746 -0.974637 -0.164782 0.186704 0.286553 -0.456314 0.821466
1642516776.192568 0.240571 -1.006987 -0.159630 0.244817 0.258332 -0.459320 0.813851
1642516776.225901 0.223175 -1.026097 -0.160335 0.292165 0.230528 -0.456846 0.807953
1642516776.259235 0.196431 -1.040535 -0.175392 0.348398 0.192998 -0.452510 0.797876
1642516776.292568 0.181088 -1.052707 -0.182287 0.395668 0.164044 -0.444627 0.786666
1642516776.325902 0.164217 -1.041541 -0.202565 0.446287 0.130408 -0.437878 0.769470
1642516776.359235 0.153926 -1.045091 -0.215461 0.492336 0.103509 -0.425740 0.752088
1642516776.392568 0.146776 -0.990349 -0.233173 0.529095 0.078076 -0.419918 0.733233
1642516776.425901 0.147413 -0.984826 -0.244604 0.553757 0.067507 -0.410322 0.721409
1642516776.459235 0.132434 -1.025668 -0.246617 0.576870 0.066447 -0.398054 0.710182
1642516776.492568 0.149352 -1.024267 -0.249985 0.589578 0.079009 -0.392366 0.701573
1642516776.525901 0.157940 -0.980123 -0.262675 0.594855 0.097315 -0.383673 0.699624
1642516776.559235 0.175983 -0.965583 -0.269531 0.600465 0.122552 -0.373910 0.696142
1642516776.592568 0.223638 -0.901694 -0.262141 0.600201 0.153285 -0.359900 0.697664
1642516776.625901 0.245934 -0.880875 -0.267262 0.596636 0.177269 -0.345414 0.702346
1642516776.659235 0.297187 -0.819003 -0.250093 0.585631 0.212170 -0.318190 0.714686
1642516776.692568 0.323774 -0.789776 -0.251430 0.571936 0.234928 -0.296833 0.727728
1642516776.725901 0.357948 -0.738902 -0.236616 0.554253 0.258289 -0.269795 0.743842
1642516776.759235 0.385403 -0.704054 -0.232318 0.530519 0.277214 -0.246448 0.762211
1642516776.792568 0.416903 -0.675103 -0.226925 0.502171 0.293851 -0.224572 0.781693
1642516776.825902 0.439384 -0.643773 -0.220002 0.474737 0.303781 -0.206070 0.799923
1642516776.859235 0.471044 -0.620870 -0.211986 0.439722 0.314112 -0.182184 0.821454
1642516776.892568 0.491956 -0.592597 -0.202657 0.408196 0.318035 -0.164821 0.839681
1642516776.925901 0.513599 -0.564138 -0.191535 0.372242 0.319880 -0.148277 0.858561
1642516776.959235 0.532515 -0.539947 -0.180318 0.337284 0.318274 -0.135403 0.875561
1642516776.992568 0.539314 -0.528617 -0.154702 0.298957 0.310603 -0.121305 0.894111
1642516777.025901 0.552216 -0.511795 -0.143153 0.261286 0.304055 -0.110163 0.909475
1642516777.059235 0.566062 -0.493757 -0.129219 0.212367 0.295567 -0.097711 0.926279
1642516777.092568 0.576138 -0.480165 -0.117776 0.166669 0.287084 -0.089898 0.939001
1642516777.125901 0.585159 -0.467459 -0.106159 0.112627 0.276717 -0.082835 0.950727
1642516777.159235 0.591780 -0.458444 -0.096704 0.060428 0.267358 -0.074842 0.958784
1642516777.192568 0.596419 -0.453284 -0.088944 0.010196 0.259250 -0.062219 0.963750
1642516777.225901 0.598985 -0.452163 -0.083563 -0.033544 0.253089 -0.047736 0.965682
1642516777.259235 0.600834 -0.425290 -0.080657 -0.093241 0.239125 -0.029370 0.966055
1642516777.292568 0.599469 -0.428455 -0.077812 -0.134660 0.233027 -0.021426 0.962863
1642516777.325902 0.594826 -0.413988 -0.073730 -0.180094 0.224027 -0.016835 0.957651
1642516777.359235 0.591093 -0.424163 -0.072666 -0.212552 0.220267 -0.017041 0.951847
1642516777.392568 0.583863 -0.393421 -0.062824 -0.246597 0.214760 -0.015643 0.944893
1642516777.425901 0.577977 -0.407780 -0.063518 -0.267473 0.213863 -0.016552 0.939386
1642516777.459235 0.557696 -0.303994 -0.023089 -0.274006 0.216716 -0.024635 0.936668
1642516777.492568 0.545673 -0.326074 -0.027336 -0.288251 0.220390 -0.026299 0.931476
1642516777.525901 0.571508 -0.317189 -0.008636 -0.297779 0.238078 -0.040048 0.923603
1642516777.559235 0.559268 -0.347556 -0.013647 -0.304771 0.241197 -0.054332 0.919775
1642516777.592568 0.575754 -0.353628 -0.011848 -0.302941 0.249911 -0.080456 0.916132
1642516777.625901 0.564839 -0.387629 -0.016065 -0.295532 0.256188 -0.106456 0.914164
1642516777.659235 0.493526 -0.506886 -0.060482 -0.281830 0.256658 -0.132264 0.914989
1642516777.692568 0.476696 -0.551902 -0.066183 -0.265222 0.264001 -0.156850 0.913980
1642516777.725901 0.468347 -0.623046 -0.049339 -0.244721 0.275006 -0.185183 0.911148
1642516777.759235 0.448257 -0.675069 -0.053150 -0.219991 0.280199 -0.211459 0.910153
1642516777.792568 0.425320 -0.729222 -0.060590 -0.192391 0.284102 -0.238270 0.908570
1642516777.825902 0.404522 -0.776090 -0.063304 -0.166655 0.286489 -0.264655 0.905598
1642516777.859235 0.377931 -0.832568 -0.066255 -0.134205 0.287425 -0.299529 0.899810
1642516777.892568 0.353864 -0.880182 -0.068291 -0.105963 0.285465 -0.330437 0.893361
1642516777.925901 0.319145 -0.913069 -0.054057 -0.077731 0.279589 -0.363117 0.885400
1642516777.959235 0.292563 -0.958830 -0.054498 -0.047547 0.276530 -0.397097 0.873833
1642516777.992568 0.266100 -1.002915 -0.055136 -0.016182 0.273404 -0.431721 0.859422
1642516778.025901 0.242470 -1.041056 -0.056426 0.014179 0.270063 -0.464024 0.843532
1642516778.059235 0.214321 -1.085493 -0.059391 0.051889 0.266309 -0.503968 0.820002
1642516778.092568 0.190378 -1.121512 -0.063621 0.084482 0.262819 -0.534942 0.798515
1642516778.125901 0.164286 -1.158560 -0.070005 0.121127 0.258093 -0.564556 0.774592
1642516778.159235 0.140131 -1.190704 -0.077791 0.155344 0.253519 -0.586428 0.753458
1642516778.192568 0.116884 -1.219512 -0.087204 0.189312 0.248147 -0.602228 0.734782
1642516778.225901 0.097359 -1.242535 -0.096542 0.219090 0.243193 -0.611713 0.720184
1642516778.259235 0.076070 -1.267037 -0.108762 0.252666 0.238175 -0.619277 0.704222
1642516778.292568 0.060905 -1.284934 -0.119751 0.277325 0.235373 -0.623200 0.692324
1642516778.325902 0.048050 -1.301542 -0.131960 0.301297 0.234080 -0.626159 0.679965
1642516778.359235 0.040044 -1.314594 -0.143014 0.319664 0.234995 -0.626359 0.671019
1642516778.392568 0.036473 -1.325155 -0.153052 0.333116 0.237807 -0.623440 0.666186
1642516778.425901 0.037176 -1.332855 -0.160759 0.341128 0.242598 -0.616068 0.667262
1642516778.459235 0.043000 -1.340058 -0.168101 0.345717 0.249584 -0.601232 0.675802
1642516778.492568 0.052510 -1.344453 -0.172094 0.343898 0.257418 -0.582049 0.690426
1642516778.525901 0.080202 -1.341610 -0.179494 0.333044 0.272423 -0.557750 0.709776
1642516778.559235 0.106878 -1.337054 -0.181081 0.318113 0.284760 -0.534631 0.729305
1642516778.592568 0.188175 -1.274909 -0.189915 0.284725 0.304568 -0.511527 0.751339
1642516778.625901 0.216178 -1.262768 -0.187403 0.264175 0.313748 -0.489107 0.769771
1642516778.659235 0.285980 -1.194412 -0.192981 0.228760 0.327754 -0.456201 0.795064
1642516778.692568 0.318173 -1.171973 -0.188794 0.204843 0.332381 -0.426427 0.815918
1642516778.725901 0.374821 -1.103848 -0.178489 0.175199 0.332457 -0.399614 0.836114
1642516778.759235 0.410949 -1.065505 -0.172484 0.151152 0.332997 -0.368459 0.854695
1642516778.792568 0.442728 -1.016348 -0.167271 0.130222 0.330161 -0.341807 0.870175
1642516778.825902 0.489338 -0.940590 -0.146052 0.112418 0.329209 -0.314733 0.883135
1642516778.859235 0.516756 -0.875275 -0.143655 0.095445 0.322917 -0.284801 0.897498
1642516778.892568 0.539699 -0.842317 -0.137644 0.084826 0.319554 -0.254398 0.908829
1642516778.925901 0.554833 -0.795993 -0.129888 0.077275 0.313029 -0.224944 0.919479
1642516778.959235 0.572086 -0.764858 -0.122630 0.070373 0.309178 -0.193626 0.928421
1642516778.992568 0.562503 -0.684540 -0.111746 0.059866 0.302360 -0.157663 0.938156
1642516779.025901 0.569903 -0.659642 -0.104031 0.052376 0.298897 -0.140577 0.942420
1642516779.059235 0.564957 -0.615443 -0.082258 0.042466 0.291000 -0.122220 0.947933
1642516779.092568 0.563810 -0.595203 -0.074691 0.033478 0.284736 -0.114929 0.951102
1642516779.125901 0.558809 -0.577226 -0.067557 0.025089 0.276877 -0.109921 0.954268
1642516779.159235 0.549767 -0.563395 -0.061403 0.019175 0.267937 -0.104918 0.957515
1642516779.192568 0.520634 -0.532701 -0.056316 0.020027 0.255933 -0.089893 0.962298
1642516779.225901 0.509928 -0.530322 -0.053978 0.021452 0.248212 -0.082903 0.964913
1642516779.259235 0.497525 -0.531089 -0.052824 0.024152 0.237043 -0.074998 0.968299
1642516779.292568 0.488506 -0.535191 -0.053006 0.028035 0.226231 -0.069027 0.971220
1642516779.325902 0.476818 -0.525817 -0.051190 0.029552 0.217517 -0.060058 0.973759
1642516779.359235 0.474928 -0.533401 -0.052563 0.030036 0.210424 -0.058669 0.975386
1642516779.392568 0.477332 -0.543528 -0.054544 0.029173 0.209366 -0.061402 0.975472
1642516779.425901 0.483671 -0.555144 -0.057162 0.027862 0.216217 -0.068892 0.973513
1642516779.459235 0.472429 -0.582165 -0.083089 0.027470 0.226454 -0.075643 0.970692
1642516779.492568 0.480923 -0.597813 -0.090269 0.024809 0.242180 -0.089041 0.965818
1642516779.525901 0.488270 -0.601314 -0.092461 0.017279 0.263464 -0.101262 0.959184
1642516779.559235 0.496366 -0.622516 -0.103682 0.014464 0.283529 -0.117042 0.951685
1642516779.592568 0.516800 -0.586572 -0.110895 0.006483 0.304150 -0.122768 0.944658
1642516779.625901 0.519339 -0.610266 -0.121881 0.006653 0.320328 -0.132627 0.937953
1642516779.659235 0.519180 -0.641763 -0.133272 0.009953 0.340180 -0.143088 0.929357
1642516779.692568 0.512062 -0.671707 -0.142992 0.011428 0.353281 -0.152559 0.922923
1642516779.725901 0.512961 -0.660867 -0.130144 0.015846 0.362325 -0.172435 0.915825
1642516779.759235 0.494781 -0.694954 -0.135905 0.017253 0.363745 -0.190102 0.911731
1642516779.792568 0.480533 -0.715897 -0.137074 0.022664 0.360640 -0.216234 0.907010
1642516779.825902 0.458075 -0.748091 -0.137287 0.027800 0.357128 -0.236025 0.903316
1642516779.859235 0.440543 -0.768041 -0.140609 0.034595 0.350645 -0.262852 0.898198
1642516779.892568 0.412136 -0.800424 -0.135979 0.042763 0.345052 -0.282129 0.894155
1642516779.925901 0.469383 -0.783492 -0.152445 0.052917 0.334899 -0.323875 0.883260
1642516779.959235 0.436013 -0.809950 -0.145088 0.061422 0.326564 -0.346681 0.877152
1642516779.992568 0.432211 -0.812080 -0.154670 0.068057 0.313266 -0.381220 0.867124
1642516780.025901 0.403070 -0.829893 -0.148226 0.072329 0.303838 -0.407129 0.858311
1642516780.059235 0.370790 -0.842756 -0.138594 0.076121 0.292883 -0.442376 0.844233
1642516780.092568 0.342366 -0.858590 -0.133459 0.078615 0.279322 -0.470363 0.833401
1642516780.125901 0.339354 -0.904309 -0.169043 0.073917 0.245260 -0.479714 0.839201
1642516780.159235 0.315959 -0.918782 -0.166284 0.080877 0.228219 -0.498811 0.832203
1642516780.192568 0.259747 -0.895374 -0.131265 0.094629 0.221688 -0.518728 0.820257
1642516780.225901 0.241847 -0.910856 -0.130616 0.104336 0.208487 -0.533485 0.813044
1642516780.259235 0.232715 -0.903950 -0.104041 0.113636 0.205720 -0.550042 0.801387
1642516780.292568 0.220344 -0.921904 -0.106155 0.126234 0.200503 -0.562710 0.791973
1642516780.325902 0.214354 -0.961533 -0.105323 0.140493 0.204029 -0.571932 0.782003
1642516780.359235 0.209030 -0.980344 -0.109972 0.154229 0.209192 -0.578985 0.772806
1642516780.392568 0.200159 -1.041817 -0.122522 0.165947 0.216744 -0.576906 0.769846
1642516780.425901 0.201690 -1.054639 -0.127007 0.174142 0.227917 -0.579579 0.762769
1642516780.459235 0.197698 -1.074235 -0.124420 0.182452 0.247222 -0.581935 0.752957
1642516780.492568 0.202210 -1.078965 -0.126983 0.186604 0.259341 -0.579961 0.749377
1642516780.525901 0.207393 -1.077998 -0.128147 0.187279 0.269019 -0.574483 0.750016
1642516780.559235 0.212750 -1.069852 -0.126836 0.185899 0.274962 -0.564515 0.755752
1642516780.592568 0.260570 -1.199616 -0.188884 0.174968 0.260235 -0.528330 0.789007
1642516780.625901 0.264703 -1.186082 -0.182611 0.171565 0.257515 -0.517035 0.798076
1642516780.659235 0.214829 -1.015112 -0.114892 0.174683 0.262567 -0.524838 0.790626
1642516780.692568 0.217643 -0.993822 -0.106235 0.170884 0.255124 -0.511620 0.802468
1642516780.725901 0.235696 -0.926809 -0.095736 0.163866 0.243904 -0.496693 0.816673
1642516780.759235 0.237792 -0.899681 -0.086521 0.158244 0.230425 -0.480920 0.831011
1642516780.792568 0.235681 -0.865040 -0.063737 0.156093 0.218486 -0.470315 0.840656
1642516780.825902 0.239202 -0.842833 -0.057118 0.149899 0.204254 -0.455644 0.853346
1642516780.859235 0.255898 -0.809104 -0.048739 0.139191 0.187608 -0.437122 0.868535
1642516780.892568 0.265172 -0.789986 -0.045104 0.131809 0.175507 -0.419437 0.880850
1642516780.925901 0.276266 -0.734137 -0.025556 0.124972 0.170316 -0.405942 0.889149
1642516780.959235 0.291584 -0.719394 -0.025486 0.120650 0.167082 -0.391637 0.896743
1642516780.992568 0.330020 -0.701186 -0.023242 0.119905 0.169869 -0.380796 0.900978
1642516781.025901 0.350741 -0.691980 -0.027191 0.119511 0.175737 -0.374095 0.902711
1642516781.059235 0.390154 -0.704388 -0.039712 0.122654 0.188340 -0.372565 0.900377
1642516781.092568 0.418290 -0.697076 -0.047364 0.123220 0.201853 -0.371708 0.897722
1642516781.125901 0.463372 -0.710717 -0.069738 0.124222 0.219490 -0.372679 0.893030
1642516781.159235 0.495506 -0.702505 -0.078661 0.124195 0.240152 -0.374025 0.887135
1642516781.192568 0.545809 -0.728928 -0.105678 0.123479 0.262025 -0.373107 0.881412
1642516781.225901 0.571953 -0.717359 -0.111450 0.120308 0.279924 -0.368253 0.878384
1642516781.259235 0.593635 -0.716847 -0.134847 0.109965 0.289914 -0.349422 0.884173
1642516781.292568 0.610750 -0.698739 -0.136422 0.102009 0.300927 -0.341870 0.884399
1642516781.325901 0.612379 -0.660617 -0.121603 0.091180 0.307676 -0.332232 0.886929
1642516781.359235 0.616869 -0.637243 -0.119883 0.079411 0.308514 -0.324361 0.890676
1642516781.392568 0.635540 -0.572464 -0.101659 0.070361 0.312571 -0.325024 0.889780
1642516781.425901 0.630796 -0.549016 -0.097058 0.062973 0.309778 -0.314963 0.894913
1642516781.459235 0.620915 -0.485399 -0.083214 0.054528 0.310751 -0.304853 0.898624
1642516781.492568 0.607207 -0.461159 -0.076395 0.049866 0.309171 -0.296136 0.902347
1642516781.525901 0.589432 -0.435655 -0.069100 0.047441 0.307069 -0.288839 0.905555
1642516781.559235 0.567960 -0.409576 -0.061992 0.045760 0.303286 -0.280952 0.909390
1642516781.592568 0.567563 -0.413042 -0.040972 0.048315 0.300486 -0.274225 0.912236
1642516781.625901 0.553712 -0.397179 -0.036150 0.049131 0.291292 -0.263700 0.918258
1642516781.659235 0.562246 -0.400120 -0.025103 0.046387 0.277239 -0.242365 0.928572
1642516781.692568 0.556085 -0.388503 -0.021125 0.046570 0.260794 -0.222919 0.938150
1642516781.725901 0.519053 -0.354121 -0.033032 0.042552 0.237123 -0.196519 0.950443
1642516781.759235 0.519147 -0.347480 -0.029593 0.041778 0.226370 -0.174598 0.957354
1642516781.792568 0.513831 -0.349710 -0.045782 0.040674 0.219396 -0.150622 0.963080
1642516781.825901 0.519523 -0.346868 -0.043848 0.038661 0.221690 -0.135184 0.964927
1642516781.859235 0.492525 -0.360129 -0.041972 0.033355 0.228563 -0.109318 0.966797
1642516781.892568 0.503069 -0.360562 -0.043217 0.026468 0.241751 -0.100569 0.964750
1642516781.925901 0.516079 -0.362729 -0.048615 0.017096 0.262608 -0.097666 0.959795
1642516781.959235 0.526344 -0.365203 -0.052862 0.006172 0.285557 -0.102707 0.952822
1642516781.992568 0.533258 -0.372713 -0.057253 -0.005816 0.310396 -0.107822 0.944455
1642516782.025901 0.532778 -0.378579 -0.061958 -0.015781 0.324043 -0.111982 0.939259
1642516782.059235 0.516516 -0.384043 -0.059716 -0.029389 0.333736 -0.105522 0.936281
1642516782.092568 0.499818 -0.396851 -0.063438 -0.035158 0.334409 -0.097369 0.936725
1642516782.125901 0.474451 -0.414926 -0.066285 -0.038600 0.330860 -0.086703 0.938895
1642516782.159235 0.440474 -0.438955 -0.067543 -0.037915 0.323509 -0.076511 0.942364
1642516782.192568 0.404206 -0.465504 -0.066508 -0.032886 0.316054 -0.069779 0.945600
1642516782.225901 0.366954 -0.493124 -0.063980 -0.026693 0.310411 -0.067023 0.947861
1642516782.259235 0.323702 -0.525307 -0.060269 -0.020197 0.303589 -0.066030 0.950298
1642516782.292568 0.281051 -0.557057 -0.056116 -0.015652 0.296651 -0.067707 0.952454
1642516782.325901 0.280702 -0.593870 -0.023330 -0.008454 0.292802 -0.079690 0.952809
1642516782.359235 0.245589 -0.623336 -0.019884 -0.005598 0.284362 -0.087189 0.954728
1642516782.392568 0.290268 -0.558945 -0.036233 -0.002007 0.276987 -0.119033 0.953470
1642516782.425901 0.263303 -0.581775 -0.033910 0.002656 0.269422 -0.129280 0.954302
1642516782.459235 0.268761 -0.601185 -0.071760 0.001206 0.254691 -0.140270 0.956794
1642516782.492568 0.243124 -0.618448 -0.060363 0.008677 0.249180 -0.146909 0.957210
1642516782.525901 0.246432 -0.672955 -0.072455 0.011192 0.235633 -0.152006 0.959816
1642516782.559235 0.240183 -0.692340 -0.071352 0.018254 0.226829 -0.162085 0.960179
1642516782.592568 0.250683 -0.696967 -0.060133 0.026213 0.224366 -0.180460 0.957291
1642516782.625901 0.258249 -0.708408 -0.052400 0.033167 0.224799 -0.195213 0.954074
1642516782.659235 0.267948 -0.701934 -0.021107 0.040755 0.226730 -0.213717 0.949346
1642516782.692568 0.278078 -0.720611 -0.022829 0.045235 0.223908 -0.228596 0.946342
1642516782.725901 0.287784 -0.764168 -0.043246 0.048131 0.211709 -0.238940 0.946451
1642516782.759235 0.303065 -0.784221 -0.047127 0.055043 0.212661 -0.249475 0.943137
1642516782.792568 0.321254 -0.807011 -0.051603 0.065338 0.220081 -0.258834 0.938243
1642516782.825901 0.338795 -0.829202 -0.056079 0.076001 0.232246 -0.264082 0.933031
1642516782.859235 0.391236 -0.763481 -0.019706 0.083786 0.266881 -0.268503 0.921770
1642516782.892568 0.406691 -0.801704 -0.038668 0.091530 0.279662 -0.280108 0.913756
1642516782.925901 0.420681 -0.790640 -0.026946 0.093166 0.301532 -0.292641 0.902641
1642516782.959235 0.427368 -0.802090 -0.031534 0.091549 0.311184 -0.309116 0.893997
1642516782.992568 0.439628 -0.801913 -0.030149 0.087587 0.321502 -0.326293 0.884589
1642516783.025901 0.437254 -0.807502 -0.032059 0.084713 0.324577 -0.339704 0.878678
1642516783.059235 0.425426 -0.821061 -0.044072 0.084710 0.321741 -0.356717 0.872961
1642516783.092568 0.414206 -0.822245 -0.043366 0.084993 0.318222 -0.365672 0.870514
1642516783.125901 0.399077 -0.820922 -0.041870 0.086030 0.313323 -0.376988 0.867357
1642516783.159235 0.380812 -0.816485 -0.039300 0.088622 0.309334 -0.392226 0.861752
1642516783.192568 0.314360 -0.845684 -0.066149 0.090738 0.286966 -0.414102 0.859032
1642516783.225901 0.298769 -0.837380 -0.064112 0.091601 0.286064 -0.436046 0.848316
1642516783.259235 0.265956 -0.841720 -0.059691 0.091429 0.285621 -0.461761 0.834768
1642516783.292568 0.250051 -0.829523 -0.058778 0.091284 0.282397 -0.485644 0.822234
1642516783.325901 0.241933 -0.807812 -0.053030 0.093207 0.282243 -0.507261 0.808912
1642516783.359235 0.227076 -0.792201 -0.052746 0.098577 0.273710 -0.520731 0.802623
1642516783.392568 0.212877 -0.773772 -0.053431 0.106907 0.262011 -0.530193 0.799260
1642516783.425901 0.202546 -0.755060 -0.055386 0.114956 0.250191 -0.534870 0.798814
1642516783.459235 0.204666 -0.741329 -0.047458 0.116592 0.251323 -0.535881 0.797543
1642516783.492568 0.204385 -0.722338 -0.051010 0.120699 0.244600 -0.534490 0.799952
1642516783.525901 0.209204 -0.702374 -0.056385 0.122998 0.240510 -0.530861 0.803252
1642516783.559235 0.220528 -0.682340 -0.063811 0.124038 0.241418 -0.523974 0.807331
1642516783.592568 0.230165 -0.678183 -0.083381 0.124183 0.240733 -0.513650 0.814119
1642516783.625901 0.243025 -0.671777 -0.093853 0.125304 0.249361 -0.502755 0.818141
1642516783.659235 0.210678 -0.684819 -0.113526 0.122141 0.267923 -0.477388 0.827889
1642516783.692568 0.233818 -0.674596 -0.126435 0.121379 0.289574 -0.462984 0.828891
1642516783.725901 0.243127 -0.684726 -0.149148 0.118178 0.312914 -0.439062 0.833872
1642516783.759235 0.271317 -0.673975 -0.166352 0.115242 0.338797 -0.423043 0.832449
1642516783.792568 0.290236 -0.615355 -0.192605 0.112343 0.365749 -0.396721 0.834397
1642516783.825901 0.315479 -0.603312 -0.209092 0.109550 0.388906 -0.377252 0.833326
1642516783.859235 0.331730 -0.590377 -0.221694 0.105812 0.415358 -0.348182 0.833697
1642516783.892568 0.353959 -0.572984 -0.236991 0.097712 0.434061 -0.327715 0.833455
1642516783.925901 0.382195 -0.549148 -0.248562 0.086510 0.450124 -0.310646 0.832709
1642516783.959235 0.405367 -0.528026 -0.260588 0.072570 0.463565 -0.292574 0.833211
1642516783.992568 0.416621 -0.491834 -0.255857 0.065268 0.475669 -0.271259 0.834205
1642516784.025901 0.421565 -0.470060 -0.256388 0.053186 0.479968 -0.253120 0.838291
1642516784.059235 0.397760 -0.456769 -0.246269 0.037258 0.475004 -0.231029 0.848297
1642516784.092568 0.399385 -0.435701 -0.243793 0.025996 0.467853 -0.223463 0.854694
1642516784.125901 0.367092 -0.464621 -0.229412 0.020588 0.454186 -0.208111 0.866014
1642516784.159235 0.350574 -0.452496 -0.217303 0.019155 0.446388 -0.195440 0.873026
1642516784.192568 0.314675 -0.486359 -0.201597 0.020941 0.432298 -0.178003 0.883739
1642516784.225901 0.295896 -0.482790 -0.191154 0.021231 0.425405 -0.170205 0.888600
1642516784.259235 0.271885 -0.480640 -0.180108 0.020563 0.416210 -0.165089 0.893919
1642516784.292568 0.250844 -0.480827 -0.172857 0.018117 0.408937 -0.166837 0.896999
1642516784.325901 0.233117 -0.483682 -0.169362 0.014563 0.402973 -0.170011 0.899165
1642516784.359235 0.217083 -0.490960 -0.169521 0.011797 0.396541 -0.172701 0.901549
1642516784.392568 0.192720 -0.524240 -0.176354 0.011917 0.391497 -0.170040 0.904253
1642516784.425901 0.185756 -0.536415 -0.180954 0.015251 0.389801 -0.174905 0.904008
1642516784.459235 0.181332 -0.555996 -0.189585 0.022762 0.391423 -0.181507 0.901845
1642516784.492568 0.181543 -0.578256 -0.200366 0.032204 0.397443 -0.189088 0.897356
1642516784.525901 0.164175 -0.593099 -0.211623 0.039491 0.406650 -0.195269 0.891598
1642516784.559235 0.167998 -0.616294 -0.224187 0.046727 0.415892 -0.206140 0.884509
1642516784.592568 0.186100 -0.659475 -0.241682 0.052400 0.426133 -0.230170 0.873319
1642516784.625901 0.191678 -0.682984 -0.255819 0.054593 0.436747 -0.245175 0.863806
1642516784.659235 0.203948 -0.698589 -0.277694 0.056197 0.448413 -0.257956 0.853948
1642516784.692568 0.209158 -0.725885 -0.292280 0.062426 0.460237 -0.266239 0.844631
1642516784.725901 0.219679 -0.737866 -0.306905 0.072285 0.473101 -0.270939 0.835190
1642516784.759235 0.218962 -0.765427 -0.316275 0.082765 0.486343 -0.269853 0.826922
1642516784.792568 0.205031 -0.812338 -0.301232 0.092795 0.499598 -0.279309 0.814725
1642516784.825901 0.194471 -0.830600 -0.299735 0.092358 0.499855 -0.287847 0.811640
1642516784.859235 0.196049 -0.797737 -0.268808 0.090895 0.498289 -0.298206 0.809024
1642516784.892568 0.175078 -0.812672 -0.257345 0.088288 0.485332 -0.309680 0.812869
1642516784.925901 0.149493 -0.825607 -0.242410 0.086917 0.465500 -0.314922 0.822545
1642516784.959235 0.121014 -0.845439 -0.224867 0.092227 0.452808 -0.321671 0.826430
1642516784.992568 0.093054 -0.842325 -0.216454 0.097779 0.434452 -0.330509 0.832139
1642516785.025901 0.067692 -0.850967 -0.200461 0.102449 0.424229 -0.343733 0.831494
1642516785.059235 0.044116 -0.834546 -0.189488 0.108588 0.403047 -0.378099 0.826319
1642516785.092568 0.018680 -0.840118 -0.176447 0.111665 0.384846 -0.402829 0.822893
1642516785.125901 -0.004190 -0.862588 -0.167722 0.114825 0.361654 -0.427958 0.820289
1642516785.159235 -0.025770 -0.871904 -0.159725 0.124435 0.337872 -0.453112 0.815504
1642516785.192568 -0.040732 -0.864885 -0.141086 0.135561 0.314116 -0.475932 0.810212
1642516785.225901 -0.053975 -0.876844 -0.138678 0.147428 0.295121 -0.484321 0.810309
1642516785.259235 -0.048731 -0.885651 -0.151917 0.154576 0.272387 -0.490018 0.813507
1642516785.292568 -0.045688 -0.913165 -0.160188 0.162732 0.264522 -0.490597 0.814163
1642516785.325901 -0.044893 -0.931443 -0.166578 0.170291 0.260046 -0.498917 0.808986
1642516785.359235 -0.038306 -0.953260 -0.175819 0.176720 0.261832 -0.511149 0.799338
1642516785.392568 -0.042550 -0.986612 -0.206167 0.178303 0.263389 -0.519838 0.792845
1642516785.425901 -0.034342 -1.005203 -0.214519 0.183931 0.275046 -0.525928 0.783530
1642516785.459235 -0.015231 -0.996045 -0.241950 0.192679 0.290357 -0.536397 0.768665
1642516785.492568 -0.001659 -1.009023 -0.246126 0.201012 0.311998 -0.533776 0.759826
1642516785.525901 -0.002514 -1.031344 -0.243131 0.206718 0.333677 -0.528082 0.753032
1642516785.559235 0.003784 -1.038824 -0.244892 0.206364 0.347594 -0.524561 0.749285
1642516785.592568 0.007567 -1.039266 -0.242476 0.201310 0.356978 -0.525849 0.745335
1642516785.625901 0.007126 -1.032191 -0.235797 0.193157 0.357770 -0.531145 0.743355
1642516785.659235 0.001631 -1.016191 -0.224268 0.181406 0.348752 -0.538290 0.745458
1642516785.692568 -0.007721 -0.994887 -0.209507 0.170632 0.332635 -0.544313 0.750974
1642516785.725901 -0.054268 -0.984857 -0.133371 0.182147 0.328941 -0.539184 0.753592
1642516785.759235 -0.063164 -0.965932 -0.113852 0.176688 0.315595 -0.544197 0.756988
1642516785.792568 -0.066406 -0.996582 -0.082574 0.161203 0.303556 -0.538787 0.769140
1642516785.825901 -0.074850 -0.975891 -0.065903 0.156668 0.289982 -0.542796 0.772488
1642516785.859235 -0.095494 -0.944374 -0.034025 0.148617 0.277487 -0.542493 0.778856
1642516785.892568 -0.100866 -0.922106 -0.020303 0.142492 0.258408 -0.547036 0.783373
1642516785.925901 -0.103859 -0.902059 -0.006687 0.133758 0.236656 -0.548360 0.790825
1642516785.959235 -0.103059 -0.882246 0.003133 0.125954 0.215531 -0.549498 0.797329
1642516785.992568 -0.084627 -0.858080 -0.002275 0.116205 0.195200 -0.551542 0.802618
1642516786.025901 -0.076826 -0.845903 0.003203 0.111336 0.183167 -0.547295 0.809026
1642516786.059235 -0.059443 -0.825866 -0.004318 0.106152 0.172201 -0.544032 0.814314
1642516786.092568 -0.043696 -0.819149 -0.002177 0.105781 0.170018 -0.536285 0.819941
1642516786.125901 -0.022716 -0.814182 -0.002852 0.105879 0.168458 -0.528260 0.825441
1642516786.159235 0.000899 -0.811465 -0.006341 0.105701 0.172255 -0.523604 0.827644
1642516786.192568 0.030375 -0.810375 -0.012235 0.106819 0.183292 -0.522020 0.826129
1642516786.225901 0.059883 -0.810982 -0.019031 0.109820 0.197934 -0.520264 0.823461
1642516786.259235 0.082696 -0.811081 -0.024325 0.113880 0.211702 -0.519206 0.820146
1642516786.292568 0.107056 -0.810293 -0.029573 0.120510 0.228990 -0.515952 0.816599
1642516786.325901 0.111032 -0.803236 -0.075861 0.126154 0.241872 -0.512633 0.814119
1642516786.359235 0.126164 -0.793424 -0.078203 0.129338 0.253951 -0.507580 0.813107
1642516786.392568 0.135819 -0.775775 -0.078284 0.126690 0.258873 -0.503712 0.814376
1642516786.425901 0.138338 -0.753074 -0.075774 0.119127 0.255565 -0.503048 0.816969
1642516786.459235 0.134788 -0.724121 -0.069559 0.109304 0.248143 -0.505603 0.819050
1642516786.492568 0.126182 -0.694098 -0.060347 0.100419 0.239656 -0.509351 0.820392
1642516786.525901 0.134336 -0.664394 -0.094592 0.098372 0.219991 -0.519909 0.819525
1642516786.559235 0.121081 -0.638203 -0.083902 0.091214 0.213530 -0.521508 0.821044
1642516786.592568 0.104991 -0.609657 -0.072508 0.084689 0.204561 -0.524707 0.821988
1642516786.625901 0.089203 -0.583737 -0.062609 0.078824 0.192628 -0.528197 0.823219
1642516786.659235 0.058579 -0.583123 -0.009285 0.072632 0.193575 -0.522460 0.827217
1642516786.692568 0.046449 -0.562547 -0.003095 0.064994 0.177610 -0.523861 0.830542
1642516786.725901 0.027455 -0.582096 -0.012474 0.056607 0.152936 -0.513965 0.842168
1642516786.759235 0.017639 -0.567806 -0.008554 0.047962 0.128828 -0.514812 0.846210
1642516786.792568 0.006052 -0.557173 0.011644 0.043584 0.112267 -0.518279 0.846690
1642516786.825901 0.004208 -0.552225 0.014605 0.040781 0.099702 -0.516584 0.849433
1642516786.859235 0.006592 -0.551646 0.018261 0.040747 0.090908 -0.512945 0.852621
1642516786.892568 0.013551 -0.556176 0.020551 0.044034 0.087969 -0.507504 0.856015
1642516786.925901 0.021763 -0.562134 0.021528 0.047892 0.091522 -0.499997 0.859845
1642516786.959235 0.034843 -0.571469 0.021097 0.052138 0.099370 -0.489796 0.864585
1642516786.992568 0.051482 -0.582412 0.018744 0.055159 0.111099 -0.480479 0.868191
1642516787.025901 0.068988 -0.592697 0.014511 0.056858 0.123797 -0.474711 0.869535
1642516787.059235 0.092765 -0.605023 0.007525 0.058966 0.145327 -0.468364 0.869505
1642516787.092568 0.114093 -0.614039 0.001045 0.059494 0.170615 -0.464368 0.867014
1642516787.125901 0.136576 -0.620966 -0.006246 0.058414 0.200783 -0.459256 0.863341
1642516787.159235 0.154307 -0.623559 -0.013258 0.055633 0.227224 -0.451855 0.860873
1642516787.192568 0.166868 -0.621842 -0.019972 0.051395 0.248104 -0.441618 0.860684
1642516787.225901 0.173130 -0.617130 -0.024955 0.047012 0.260681 -0.430162 0.863016
1642516787.259235 0.174229 -0.608214 -0.029381 0.041682 0.267956 -0.415044 0.868447
1642516787.292568 0.170165 -0.599099 -0.030492 0.039883 0.270861 -0.400561 0.874411
1642516787.325901 0.160988 -0.588470 -0.028903 0.039865 0.272522 -0.383402 0.881558
1642516787.359235 0.148476 -0.578442 -0.025589 0.040284 0.271680 -0.365861 0.889220
1642516787.392568 0.133337 -0.569022 -0.021070 0.040397 0.269096 -0.348617 0.896895
1642516787.425901 0.118571 -0.561570 -0.016732 0.039681 0.263809 -0.335004 0.903661
1642516787.459235 0.100028 -0.554569 -0.011760 0.038097 0.253575 -0.319702 0.912162
1642516787.492568 0.084771 -0.550784 -0.008633 0.034986 0.240368 -0.307141 0.920143
1642516787.525901 0.069969 -0.549240 -0.006702 0.030319 0.224884 -0.292927 0.928817
1642516787.559235 0.059438 -0.551088 -0.006047 0.024983 0.210574 -0.277928 0.936905
1642516787.592568 0.053476 -0.556110 -0.005996 0.019650 0.200123 -0.261755 0.943954
1642516787.625901 0.052502 -0.562913 -0.006331 0.016379 0.196683 -0.246423 0.948854
1642516787.659235 0.057085 -0.573342 -0.007614 0.013072 0.196614 -0.227739 0.953576
1642516787.692568 0.066088 -0.583229 -0.009809 0.011060 0.199849 -0.212811 0.956373
1642516787.725901 0.081068 -0.594412 -0.013009 0.009796 0.206230 -0.197770 0.958259
1642516787.759235 0.102579 -0.606217 -0.017713 0.009081 0.214765 -0.183509 0.959228
1642516787.792568 0.078957 -0.704925 -0.080876 0.020375 0.226499 -0.172924 0.958322
1642516787.825901 0.097934 -0.716866 -0.088963 0.021218 0.239361 -0.170390 0.955627
1642516787.859235 0.114421 -0.746066 -0.075424 0.029776 0.260837 -0.185005 0.947022
1642516787.892568 0.134431 -0.757310 -0.084554 0.029602 0.277129 -0.182009 0.942972
1642516787.925901 0.138020 -0.748400 -0.081152 0.029243 0.294463 -0.184851 0.937159
1642516787.959235 0.152838 -0.754744 -0.088156 0.025364 0.310689 -0.177100 0.933523
1642516787.992568 0.168142 -0.743909 -0.077369 0.022739 0.328657 -0.172816 0.928225
1642516788.025901 0.171829 -0.745428 -0.080548 0.017996 0.340008 -0.166207 0.925444
1642516788.059235 0.168315 -0.744025 -0.083141 0.010096 0.347796 -0.160686 0.923643
1642516788.092568 0.156966 -0.740199 -0.084650 0.001733 0.347378 -0.157378 0.924423
1642516788.125901 0.140756 -0.734658 -0.085184 -0.007114 0.343368 -0.155000 0.926295
1642516788.159235 0.119136 -0.726640 -0.085351 -0.018643 0.337830 -0.151001 0.928828
1642516788.192568 0.111453 -0.717588 -0.065886 -0.031663 0.334825 -0.144183 0.930646
1642516788.225901 0.095884 -0.710030 -0.065999 -0.042326 0.330774 -0.134630 0.933098
1642516788.259235 0.077595 -0.699005 -0.067102 -0.057237 0.325444 -0.118855 0.936314
1642516788.292568 0.062853 -0.686718 -0.068954 -0.073048 0.320747 -0.100722 0.938957
1642516788.325901 0.048206 -0.686546 -0.066692 -0.092513 0.312216 -0.073791 0.942612
1642516788.359235 0.040707 -0.671264 -0.068536 -0.108297 0.307527 -0.052294 0.943909
1642516788.392568 0.036843 -0.646980 -0.067141 -0.122743 0.304404 -0.031619 0.944072
1642516788.425901 0.039091 -0.629128 -0.068096 -0.137208 0.300382 -0.015386 0.943773
1642516788.459235 0.050626 -0.590558 -0.067656 -0.153510 0.298172 -0.007862 0.942054
1642516788.492568 0.059567 -0.571752 -0.067053 -0.171617 0.294227 -0.003999 0.940193
1642516788.525901 0.072930 -0.550118 -0.065152 -0.192342 0.290094 -0.003740 0.937462
1642516788.559235 0.090813 -0.525586 -0.061458 -0.215984 0.287063 -0.003226 0.933239
1642516788.592568 0.116402 -0.536939 -0.080944 -0.238092 0.284839 0.013236 0.928442
1642516788.625901 0.132247 -0.516876 -0.076819 -0.257270 0.280150 0.018047 0.924663
1642516788.659235 0.148863 -0.497539 -0.061420 -0.281205 0.272782 0.023999 0.919749
1642516788.692568 0.166375 -0.475078 -0.057679 -0.299325 0.264343 0.019616 0.916593
1642516788.725901 0.186436 -0.445929 -0.054846 -0.316773 0.254057 0.009326 0.913796
1642516788.759235 0.205650 -0.422614 -0.051908 -0.331213 0.247029 0.004089 0.910636
1642516788.792568 0.227113 -0.398454 -0.048757 -0.345591 0.243552 0.004054 0.906219
1642516788.825901 0.248065 -0.377369 -0.046741 -0.358657 0.243913 0.007565 0.901007
1642516788.859235 0.261080 -0.346330 -0.066587 -0.366993 0.245219 0.006782 0.897295
1642516788.892568 0.271605 -0.337780 -0.062576 -0.377055 0.249518 0.008816 0.891904
1642516788.925901 0.290254 -0.324969 -0.066251 -0.386968 0.252339 0.002865 0.886889
1642516788.959235 0.308506 -0.316811 -0.072344 -0.395466 0.254223 -0.007684 0.882563
1642516788.992568 0.311454 -0.310365 -0.085387 -0.396373 0.254796 -0.016201 0.881876
1642516789.025901 0.321475 -0.311834 -0.091624 -0.397458 0.259943 -0.022673 0.879740
1642516789.059235 0.332057 -0.318859 -0.100134 -0.397353 0.269109 -0.028589 0.876854
1642516789.092568 0.340376 -0.330274 -0.108641 -0.395232 0.279885 -0.033393 0.874266
1642516789.125901 0.336953 -0.339604 -0.120314 -0.392559 0.287371 -0.038026 0.872851
1642516789.159235 0.337839 -0.353785 -0.128281 -0.390129 0.298841 -0.048618 0.869557
1642516789.192568 0.348014 -0.369012 -0.136012 -0.385090 0.310955 -0.062634 0.866655
1642516789.225901 0.351048 -0.387552 -0.143698 -0.380941 0.322765 -0.073895 0.863277
1642516789.259235 0.384073 -0.409323 -0.150330 -0.370521 0.339721 -0.095666 0.859158
1642516789.292568 0.384408 -0.434353 -0.157265 -0.361542 0.350804 -0.107322 0.857150
1642516789.325901 0.386262 -0.457341 -0.170590 -0.350295 0.363491 -0.123403 0.854365
1642516789.359235 0.383452 -0.487897 -0.176834 -0.338511 0.374725 -0.137592 0.852092
1642516789.392568 0.396359 -0.512394 -0.175334 -0.321860 0.387098 -0.160479 0.849004
1642516789.425901 0.378816 -0.549368 -0.183961 -0.311704 0.396620 -0.171852 0.846168
1642516789.459235 0.371907 -0.588934 -0.191532 -0.297207 0.406557 -0.187888 0.843254
1642516789.492568 0.362031 -0.624449 -0.196203 -0.283049 0.415732 -0.202777 0.840197
1642516789.525901 0.339595 -0.672661 -0.200694 -0.267213 0.423864 -0.214987 0.838282
1642516789.559235 0.323388 -0.713815 -0.205654 -0.249945 0.432494 -0.230707 0.835015
1642516789.592568 0.294703 -0.763710 -0.197277 -0.232099 0.438265 -0.242118 0.833926
1642516789.625901 0.279913 -0.803894 -0.196582 -0.211651 0.441972 -0.255655 0.833370
1642516789.659235 0.251755 -0.856317 -0.188669 -0.183758 0.444357 -0.272135 0.833500
1642516789.692568 0.234930 -0.895970 -0.184746 -0.154734 0.444873 -0.289142 0.833392
1642516789.725901 0.202790 -0.950008 -0.172029 -0.120078 0.440859 -0.305452 0.835418
1642516789.759235 0.185649 -0.988055 -0.165254 -0.083416 0.436137 -0.324724 0.835093
1642516789.792568 0.160229 -1.026244 -0.148810 -0.046101 0.428879 -0.341913 0.834885
1642516789.825901 0.145618 -1.058731 -0.142266 -0.010172 0.416740 -0.357835 0.835570
1642516789.859235 0.131543 -1.120125 -0.148045 0.039554 0.400868 -0.376603 0.834212
1642516789.892568 0.110643 -1.149377 -0.136541 0.079324 0.382746 -0.392768 0.832434
1642516789.925901 0.086257 -1.170113 -0.122537 0.122118 0.361136 -0.412518 0.827343
1642516789.959235 0.063032 -1.198110 -0.114022 0.162763 0.338725 -0.429872 0.820965
1642516789.992568 0.042896 -1.202497 -0.105249 0.199047 0.314110 -0.449026 0.812460
1642516790.025901 0.022672 -1.221770 -0.098128 0.231235 0.291393 -0.459117 0.806742
1642516790.059235 0.015184 -1.204512 -0.074472 0.266208 0.264939 -0.470735 0.798342
1642516790.092568 -0.004404 -1.212175 -0.070884 0.299680 0.237265 -0.471619 0.794653
1642516790.125901 -0.015608 -1.179638 -0.061999 0.334731 0.206324 -0.472922 0.788499
1642516790.159235 -0.030605 -1.179972 -0.063115 0.367313 0.179922 -0.467875 0.783456
1642516790.192568 -0.047604 -1.165606 -0.066839 0.396127 0.156405 -0.466289 0.775368
1642516790.225901 -0.055630 -1.164226 -0.062609 0.418579 0.145683 -0.469578 0.763587
1642516790.259235 -0.056424 -1.155254 -0.066788 0.441310 0.138267 -0.472628 0.750167
1642516790.292568 -0.051674 -1.143665 -0.071918 0.459693 0.136545 -0.475818 0.737316
1642516790.325901 -0.057962 -1.156277 -0.128480 0.467349 0.134832 -0.463581 0.740607
1642516790.359235 -0.050802 -1.141905 -0.137182 0.479731 0.138741 -0.458985 0.734807
1642516790.392568 -0.036240 -1.104431 -0.133475 0.490149 0.143685 -0.454907 0.729499
1642516790.425901 -0.024317 -1.086407 -0.141262 0.495813 0.148522 -0.443265 0.731865
1642516790.459235 -0.008941 -1.058507 -0.149744 0.498707 0.155229 -0.429209 0.736868
1642516790.492568 0.008479 -1.034312 -0.156351 0.497536 0.164352 -0.419092 0.741491
1642516790.525901 0.026715 -0.980652 -0.165648 0.492879 0.172598 -0.415822 0.744561
1642516790.559235 0.048482 -0.952190 -0.170996 0.487861 0.187487 -0.408262 0.748440
1642516790.592568 0.071703 -0.928666 -0.175549 0.479735 0.202034 -0.400017 0.754336
1642516790.625901 0.092358 -0.900627 -0.179181 0.470083 0.213762 -0.390062 0.762352
1642516790.659235 0.117657 -0.865032 -0.183514 0.456880 0.227545 -0.375197 0.773764
1642516790.692568 0.139471 -0.833332 -0.187214 0.443368 0.240079 -0.359868 0.785036
1642516790.725901 0.163692 -0.797404 -0.191186 0.426745 0.255235 -0.342808 0.797011
1642516790.759235 0.186856 -0.762639 -0.194752 0.408561 0.271216 -0.327170 0.807762
1642516790.792568 0.209401 -0.729070 -0.156317 0.387165 0.292243 -0.311115 0.817255
1642516790.825901 0.229951 -0.696147 -0.157377 0.366994 0.306425 -0.295442 0.827123
1642516790.859235 0.253632 -0.655705 -0.158213 0.339701 0.321836 -0.274032 0.840197
1642516790.892568 0.272320 -0.620989 -0.158198 0.313159 0.332275 -0.253459 0.852809
1642516790.925901 0.290791 -0.583399 -0.157100 0.282359 0.341612 -0.229548 0.866535
1642516790.959235 0.305783 -0.548593 -0.154825 0.251602 0.346810 -0.205447 0.879892
1642516790.992568 0.318214 -0.514837 -0.151410 0.218404 0.347622 -0.180554 0.893789
1642516791.025901 0.327529 -0.486106 -0.147370 0.188181 0.346714 -0.156596 0.905459
1642516791.059235 0.328589 -0.456149 -0.101322 0.150498 0.344440 -0.126761 0.917956
1642516791.092568 0.334731 -0.429933 -0.093623 0.119273 0.340733 -0.097939 0.927407
1642516791.125901 0.339904 -0.403342 -0.085074 0.085206 0.335886 -0.064844 0.935797
1642516791.159235 0.343481 -0.379910 -0.077051 0.053104 0.331278 -0.037591 0.941287
1642516791.192568 0.346416 -0.357336 -0.069836 0.022185 0.326917 -0.018259 0.944616
1642516791.225901 0.346744 -0.340265 -0.063370 -0.004643 0.323952 -0.006470 0.946040
1642516791.259235 0.344845 -0.322748 -0.056497 -0.034619 0.318783 0.002480 0.947192
1642516791.292568 0.340840 -0.311572 -0.051807 -0.055905 0.312823 0.007034 0.948139
1642516791.325901 0.333821 -0.303962 -0.047873 -0.075221 0.304311 0.012870 0.949511
1642516791.359235 0.323262 -0.301438 -0.044920 -0.090722 0.292664 0.019795 0.951696
1642516791.392568 0.314009 -0.302962 -0.043698 -0.098217 0.282853 0.027625 0.953721
1642516791.425901 0.303160 -0.307494 -0.043412 -0.105050 0.272234 0.037185 0.955757
1642516791.459235 0.288713 -0.316377 -0.044653 -0.111885 0.258549 0.048283 0.958281
1642516791.492568 0.275281 -0.327078 -0.047385 -0.118950 0.247632 0.057018 0.959833
1642516791.525901 0.265721 -0.336422 -0.050343 -0.125143 0.243304 0.059396 0.960008
1642516791.559235 0.255629 -0.348623 -0.055091 -0.132132 0.239582 0.059974 0.959971
1642516791.592568 0.246189 -0.363545 -0.061481 -0.139705 0.239076 0.056915 0.959211
1642516791.625901 0.238910 -0.379436 -0.068595 -0.146039 0.242118 0.050597 0.957858
1642516791.659235 0.234191 -0.393952 -0.074798 -0.147857 0.248284 0.042544 0.956391
1642516791.692568 0.229998 -0.411705 -0.082127 -0.147198 0.256700 0.032437 0.954665
1642516791.725901 0.226602 -0.433398 -0.090696 -0.143743 0.267164 0.019984 0.952661
1642516791.759235 0.224873 -0.455636 -0.098702 -0.136653 0.279329 0.005510 0.950405
1642516791.792568 0.224980 -0.479187 -0.106011 -0.127020 0.294565 -0.011013 0.947088
1642516791.825901 0.226574 -0.501271 -0.111848 -0.116390 0.309512 -0.026822 0.943364
1642516791.859235 0.230229 -0.529149 -0.117875 -0.102783 0.327495 -0.046685 0.938085
1642516791.892568 0.234561 -0.553538 -0.121867 -0.091329 0.342449 -0.064634 0.932851
1642516791.925901 0.240147 -0.580618 -0.124901 -0.078189 0.356939 -0.084726 0.926986
1642516791.959235 0.245854 -0.606030 -0.126548 -0.065995 0.367433 -0.105049 0.921739
1642516791.992568 0.251798 -0.630240 -0.126796 -0.054666 0.374991 -0.126395 0.916743
1642516792.025901 0.257000 -0.650714 -0.125706 -0.045628 0.378066 -0.144213 0.913338
1642516792.059235 0.263757 -0.673347 -0.122542 -0.035929 0.379606 -0.166528 0.909327
1642516792.092568 0.269874 -0.690257 -0.118179 -0.029042 0.377640 -0.184737 0.906872
1642516792.125901 0.276993 -0.705943 -0.111906 -0.021509 0.372470 -0.203311 0.905245
1642516792.159235 0.284722 -0.717585 -0.104541 -0.014321 0.367451 -0.219708 0.903606
1642516792.192568 0.224791 -0.774725 -0.113978 -0.003417 0.351140 -0.228929 0.907899
1642516792.225901 0.228602 -0.780401 -0.105826 0.003897 0.344445 -0.234037 0.909158
1642516792.259235 0.233877 -0.783540 -0.094859 0.012565 0.336005 -0.237941 0.911223
1642516792.292568 0.238543 -0.782280 -0.084061 0.019622 0.327017 -0.238555 0.914203
1642516792.325901 0.185711 -0.865790 -0.139868 0.031611 0.309268 -0.246345 0.917969
1642516792.359235 0.187982 -0.861280 -0.130311 0.035234 0.297920 -0.244258 0.922139
1642516792.392568 0.186113 -0.888369 -0.108106 0.034538 0.288667 -0.230633 0.928594
1642516792.425901 0.187356 -0.880510 -0.099951 0.035293 0.278349 -0.225314 0.933011
1642516792.459235 0.188537 -0.868835 -0.090392 0.035329 0.265883 -0.217304 0.938529
1642516792.492568 0.189157 -0.857341 -0.082548 0.035101 0.255456 -0.208698 0.943374
1642516792.525901 0.189221 -0.843485 -0.074500 0.034580 0.244243 -0.197390 0.948782
1642516792.559235 0.188566 -0.829561 -0.067622 0.033390 0.233436 -0.184357 0.954152
1642516792.592568 0.181899 -0.868522 -0.039829 0.033470 0.225835 -0.160972 0.960191
1642516792.625901 0.181332 -0.856139 -0.025477 0.030836 0.219982 -0.145024 0.964171
1642516792.659235 0.178700 -0.842611 -0.020562 0.029436 0.210077 -0.128992 0.968691
1642516792.692568 0.176231 -0.831108 -0.017183 0.028809 0.203176 -0.115366 0.971895
1642516792.725901 0.173289 -0.818668 -0.014505 0.027899 0.196423 -0.100169 0.974990
1642516792.759235 0.170369 -0.807115 -0.013001 0.026864 0.191455 -0.085358 0.977414
1642516792.792568 0.167558 -0.795981 -0.012433 0.024724 0.188099 -0.070194 0.979326
1642516792.825901 0.165263 -0.786354 -0.012679 0.022318 0.187134 -0.057017 0.980424
1642516792.859235 0.151902 -0.775397 -0.042032 0.025490 0.180639 -0.049030 0.981996
1642516792.892568 0.148019 -0.767868 -0.045674 0.021899 0.182195 -0.037078 0.982319
1642516792.925901 0.144192 -0.760388 -0.050230 0.017663 0.184949 -0.025871 0.982249
1642516792.959235 0.140568 -0.753259 -0.055598 0.012170 0.188548 -0.016881 0.981844
1642516792.992568 0.251971 -0.772990 -0.078045 0.028401 0.183283 -0.016960 0.982503
1642516793.025901 0.249378 -0.772953 -0.082661 0.023432 0.186629 -0.017377 0.981997
1642516793.059235 0.246065 -0.774665 -0.088348 0.016911 0.191196 -0.020821 0.981185
1642516793.092568 0.242739 -0.778338 -0.093542 0.010633 0.195506 -0.025716 0.980308
1642516793.125901 0.200305 -0.830767 -0.089644 0.005119 0.196845 -0.004051 0.980413
1642516793.159235 0.197486 -0.838199 -0.094381 0.001454 0.200731 -0.010302 0.979591
1642516793.192568 0.194110 -0.848575 -0.099339 -0.000582 0.204347 -0.018575 0.978722
1642516793.225901 0.190587 -0.860548 -0.103696 -0.000665 0.207056 -0.027690 0.977937
1642516793.259235 0.193339 -0.858149 -0.078651 -0.001516 0.210857 -0.039171 0.976731
1642516793.292568 0.189752 -0.870756 -0.080970 0.000031 0.211192 -0.050516 0.976138
1642516793.325901 0.174083 -0.854519 -0.093525 0.003636 0.212584 -0.072353 0.974454
1642516793.359235 0.169621 -0.868966 -0.094658 0.007369 0.211685 -0.088227 0.973320
1642516793.392568 0.164903 -0.884467 -0.095098 0.012848 0.211104 -0.105674 0.971650
1642516793.425901 0.160426 -0.899373 -0.095072 0.020042 0.210616 -0.122294 0.969682
1642516793.459235 0.154656 -0.918831 -0.094653 0.031031 0.210392 -0.143210 0.966573
1642516793.492568 0.149303 -0.936545 -0.094156 0.042888 0.210565 -0.161240 0.963237
1642516793.525901 0.151796 -0.889080 -0.075775 0.048476 0.214163 -0.187428 0.957421
1642516793.559235 0.145918 -0.905951 -0.075344 0.062568 0.214891 -0.204438 0.952949
1642516793.592568 0.083437 -0.923475 -0.072384 0.074810 0.217734 -0.246058 0.941515
1642516793.625901 0.077115 -0.937469 -0.072233 0.086922 0.218758 -0.260039 0.936466
1642516793.659235 0.095838 -0.939141 -0.098403 0.096374 0.214372 -0.262552 0.935854
1642516793.692568 0.088865 -0.952079 -0.098636 0.108371 0.215236 -0.275576 0.930584
1642516793.725901 0.056417 -0.962594 -0.071364 0.122266 0.222171 -0.303581 0.918439
1642516793.759235 0.048783 -0.974479 -0.072335 0.134794 0.222100 -0.316419 0.912350
1642516793.792568 0.076777 -0.955324 -0.082339 0.141796 0.220727 -0.317562 0.911223
1642516793.825901 0.070146 -0.964295 -0.083969 0.152956 0.219996 -0.325535 0.906771
1642516793.859235 0.061954 -0.974771 -0.086445 0.166224 0.219651 -0.333115 0.901752
1642516793.892568 0.054553 -0.983489 -0.089146 0.176847 0.219362 -0.336630 0.898491
1642516793.925901 0.087715 -0.943515 -0.033998 0.176503 0.234044 -0.338651 0.894084
1642516793.959234 0.084796 -0.946866 -0.036657 0.179870 0.235943 -0.337201 0.893461
1642516793.992568 0.083201 -0.948765 -0.039584 0.180200 0.240291 -0.334110 0.893397
1642516794.025901 0.083259 -0.949086 -0.042397 0.177831 0.246767 -0.330307 0.893521
1642516794.059235 0.084958 -0.948177 -0.045578 0.173609 0.255890 -0.325279 0.893629
1642516794.092568 0.087938 -0.946448 -0.048731 0.168690 0.266426 -0.318945 0.893776
1642516794.125901 0.114381 -0.906950 -0.061857 0.161572 0.273160 -0.306255 0.897488
1642516794.159235 0.117671 -0.903682 -0.065018 0.156891 0.282544 -0.297652 0.898308
1642516794.192568 0.121449 -0.899741 -0.068613 0.152396 0.291289 -0.287369 0.899636
1642516794.225901 0.125227 -0.895565 -0.071918 0.148168 0.298500 -0.277686 0.901019
1642516794.259235 0.123268 -0.916211 -0.081245 0.148081 0.303018 -0.264980 0.903348
1642516794.292568 0.126980 -0.912384 -0.083451 0.143456 0.309010 -0.256714 0.904451
1642516794.325901 0.131098 -0.907988 -0.085703 0.137719 0.316111 -0.247276 0.905518
1642516794.359235 0.135363 -0.903037 -0.088137 0.130476 0.323167 -0.236513 0.906973
1642516794.392568 0.152902 -0.879189 -0.107578 0.123229 0.321414 -0.223675 0.911853
1642516794.425901 0.154958 -0.875469 -0.109409 0.117253 0.325780 -0.214588 0.913275
1642516794.459234 0.156836 -0.870845 -0.111910 0.109775 0.330520 -0.203392 0.915062
1642516794.492568 0.157956 -0.866824 -0.114123 0.103178 0.333846 -0.193686 0.916726
1642516794.525901 0.148433 -0.860000 -0.101687 0.100969 0.337580 -0.191665 0.916029
1642516794.559235 0.148878 -0.857008 -0.102578 0.096081 0.338375 -0.184124 0.917807
1642516794.592568 0.148865 -0.854427 -0.103021 0.091240 0.338575 -0.175767 0.919863
1642516794.625901 0.148470 -0.852498 -0.103074 0.087157 0.338364 -0.167868 0.921810
1642516794.659235 0.175350 -0.815700 -0.109532 0.084080 0.335180 -0.160312 0.924600
1642516794.692568 0.174679 -0.813944 -0.109390 0.080229 0.334342 -0.154608 0.926216
1642516794.725901 0.173794 -0.812087 -0.109304 0.075820 0.333473 -0.149489 0.927739
1642516794.759235 0.172766 -0.810472 -0.109166 0.071202 0.332222 -0.144891 0.929282
1642516794.792568 0.171786 -0.809523 -0.108905 0.067266 0.331131 -0.140872 0.930582
1642516794.825901 0.170869 -0.809229 -0.108545 0.064343 0.329914 -0.137255 0.931761
1642516794.859235 0.169861 -0.809489 -0.107988 0.061768 0.328501 -0.133713 0.932948
1642516794.892568 0.168945 -0.810278 -0.107236 0.059702 0.327072 -0.130794 0.933998
1642516794.925901 0.144609 -0.772390 -0.088265 0.060218 0.328667 -0.147946 0.930840
