1642661812.831115 -0.056912 -0.043169 0.052581 -0.046514 0.285645 0.023579 0.956916
1642661813.964448 -0.049669 -0.043543 0.074522 -0.030420 0.277627 0.007222 0.960180
1642661814.031115 -0.052807 -0.062430 0.086644 -0.007258 0.266845 -0.000303 0.963712
1642661814.097781 -0.055019 -0.091957 0.098743 0.030132 0.255468 -0.009608 0.966300
1642661814.164448 -0.055487 -0.130224 0.108550 0.074580 0.246190 -0.021834 0.966101
1642661814.231115 -0.051449 -0.171482 0.113918 0.120235 0.243803 -0.040372 0.961496
1642661814.297781 -0.046200 -0.213250 0.105594 0.164913 0.252089 -0.059988 0.951660
1642661814.431115 -0.029649 -0.270776 0.049817 0.240760 0.305141 -0.087319 0.917224
1642661814.564448 -0.021786 -0.232672 0.000139 0.210163 0.369925 -0.067294 0.902474
1642661814.631115 -0.023835 -0.191173 -0.002439 0.167082 0.384067 -0.018287 0.907878
1642661814.697781 -0.031311 -0.150761 0.010434 0.126703 0.376163 0.041992 0.916888
1642661814.764448 -0.047485 -0.114414 0.035947 0.089535 0.348771 0.089651 0.928604
1642661814.831115 -0.074035 -0.082866 0.065117 0.055630 0.306049 0.113276 0.943614
1642661814.864448 -0.074116 -0.069976 0.100221 0.038175 0.297194 0.132662 0.944785
1642661814.897781 -0.091068 -0.051971 0.093075 0.021179 0.269962 0.136800 0.952868
1642661814.931115 -0.105103 -0.040836 0.101376 0.000162 0.251395 0.145859 0.956831
1642661814.964448 -0.127678 -0.044720 0.085124 -0.026052 0.229914 0.156249 0.960233
1642661814.997782 -0.141439 -0.036510 0.083886 -0.057569 0.218072 0.165985 0.959989
1642661815.031115 -0.157107 -0.045246 0.054101 -0.092960 0.207517 0.172267 0.958446
1642661815.064448 -0.166460 -0.042122 0.042072 -0.126211 0.205819 0.175284 0.954455
1642661815.097781 -0.171142 -0.040158 0.032122 -0.155118 0.208910 0.173036 0.949923
1642661815.131115 -0.172943 -0.043002 0.016461 -0.174934 0.214181 0.164069 0.946893
1642661815.164448 -0.168787 -0.038586 0.017999 -0.197829 0.227865 0.153117 0.941008
1642661815.197781 -0.156164 -0.047832 0.004373 -0.210890 0.240090 0.141108 0.937001
1642661815.231115 -0.153524 -0.050598 -0.017708 -0.223181 0.252382 0.123360 0.933422
1642661815.264448 -0.140766 -0.066822 -0.031855 -0.230602 0.267252 0.106435 0.929554
1642661815.297781 -0.126578 -0.086498 -0.043685 -0.235291 0.279949 0.084671 0.926875
1642661815.331115 -0.113421 -0.107354 -0.051564 -0.235303 0.287632 0.060689 0.926400
1642661815.364448 -0.099040 -0.120180 -0.034797 -0.230954 0.293700 0.023952 0.927269
1642661815.397781 -0.086725 -0.148114 -0.033228 -0.219484 0.294940 -0.003069 0.929961
1642661815.431115 -0.099588 -0.154023 -0.015314 -0.200317 0.293480 -0.041840 0.933805
1642661815.464448 -0.092225 -0.186151 -0.004987 -0.176879 0.291790 -0.063106 0.937865
1642661815.497782 -0.092604 -0.213324 0.026650 -0.150168 0.288566 -0.077398 0.942438
1642661815.531115 -0.089075 -0.240859 0.038296 -0.118053 0.286124 -0.090612 0.946565
1642661815.564448 -0.086283 -0.273427 0.045174 -0.072292 0.283442 -0.107924 0.950151
1642661815.597781 -0.085566 -0.298125 0.053294 -0.032530 0.282855 -0.122378 0.950767
1642661815.631115 -0.079405 -0.347808 0.065717 0.009839 0.284625 -0.130049 0.949726
1642661815.664448 -0.078933 -0.364996 0.068960 0.049299 0.286345 -0.143284 0.946069
1642661815.697781 -0.071017 -0.366770 0.074943 0.083212 0.291356 -0.155175 0.940270
1642661815.731115 -0.068065 -0.370221 0.075387 0.109845 0.293511 -0.159732 0.936094
1642661815.764448 -0.068694 -0.329105 0.074669 0.133417 0.293683 -0.161788 0.932617
1642661815.797781 -0.061111 -0.318247 0.076968 0.147792 0.295007 -0.149601 0.932067
1642661815.831115 -0.060964 -0.303016 0.081997 0.158274 0.292811 -0.129141 0.934095
1642661815.864448 -0.050707 -0.281065 0.090774 0.157387 0.292277 -0.110864 0.936757
1642661815.897781 -0.046160 -0.265272 0.098527 0.151467 0.288718 -0.091551 0.940913
1642661815.931115 -0.039473 -0.240998 0.109629 0.140874 0.287108 -0.076819 0.944363
1642661815.964448 -0.044647 -0.204566 0.120913 0.123760 0.282830 -0.060275 0.949241
1642661815.997782 -0.043941 -0.178224 0.130863 0.108411 0.280728 -0.044905 0.952587
1642661816.031115 -0.049801 -0.154884 0.144781 0.090239 0.277028 -0.030576 0.956126
1642661816.064448 -0.057425 -0.130697 0.149743 0.073084 0.272389 -0.024149 0.959104
1642661816.097781 -0.070013 -0.107627 0.150863 0.054768 0.265315 -0.021420 0.962367
1642661816.131115 -0.084909 -0.089952 0.147731 0.037951 0.257738 -0.019738 0.965268
1642661816.164448 -0.115359 -0.075968 0.126151 0.023328 0.246331 -0.019355 0.968712
1642661816.197781 -0.131078 -0.068101 0.118416 0.009419 0.244489 -0.014019 0.969505
1642661816.231115 -0.147687 -0.063945 0.107876 -0.004414 0.246440 -0.006107 0.969129
1642661816.264448 -0.162326 -0.064033 0.096261 -0.015124 0.251524 0.002687 0.967729
1642661816.297781 -0.170364 -0.070347 0.076698 -0.023704 0.260136 0.009454 0.965235
1642661816.331115 -0.179632 -0.075611 0.064275 -0.030182 0.267212 0.011943 0.963091
1642661816.364448 -0.188230 -0.093130 0.052442 -0.031166 0.277645 0.013858 0.960078
1642661816.397781 -0.191481 -0.102948 0.039210 -0.034061 0.283672 0.009497 0.958269
1642661816.431115 -0.189160 -0.112082 0.030182 -0.036127 0.293352 0.000719 0.955322
1642661816.464448 -0.182594 -0.122505 0.020933 -0.036123 0.301600 -0.006716 0.952726
1642661816.497782 -0.173970 -0.135136 0.016594 -0.036116 0.310767 -0.015307 0.949676
1642661816.531115 -0.161319 -0.142483 0.015935 -0.037545 0.317864 -0.023167 0.947109
1642661816.564448 -0.132989 -0.147386 0.028366 -0.043106 0.326041 -0.032792 0.943803
1642661816.597781 -0.117694 -0.148862 0.035879 -0.045808 0.328286 -0.042765 0.942497
1642661816.631115 -0.107194 -0.142384 0.046761 -0.049544 0.326367 -0.056991 0.942222
1642661816.664448 -0.097519 -0.136379 0.060560 -0.053150 0.322513 -0.065114 0.942826
1642661816.697781 -0.097664 -0.122206 0.080824 -0.060589 0.314457 -0.071203 0.944656
1642661816.731115 -0.097334 -0.110218 0.095035 -0.064699 0.303158 -0.073827 0.947871
1642661816.764448 -0.106026 -0.096356 0.108485 -0.070608 0.282794 -0.073566 0.953745
1642661816.797781 -0.113240 -0.077973 0.121752 -0.078101 0.264431 -0.070258 0.958666
1642661816.831115 -0.133985 -0.048747 0.138135 -0.091021 0.243271 -0.064188 0.963543
1642661816.864448 -0.145798 -0.023649 0.146872 -0.107301 0.226196 -0.054233 0.966634
1642661816.897781 -0.160444 -0.004203 0.140043 -0.125725 0.207904 -0.038043 0.969289
1642661816.931115 -0.171094 0.021108 0.140911 -0.143153 0.195845 -0.024741 0.969814
1642661816.964448 -0.183474 0.052030 0.145999 -0.162591 0.185404 -0.007381 0.969090
1642661816.997781 -0.190143 0.082026 0.139276 -0.184840 0.176584 0.000091 0.966774
1642661817.031115 -0.197871 0.117992 0.126615 -0.209215 0.169960 0.001749 0.962985
1642661817.064448 -0.198841 0.153117 0.111591 -0.236779 0.166186 -0.003489 0.957239
1642661817.097781 -0.194345 0.183384 0.083753 -0.265558 0.166185 -0.011211 0.949598
1642661817.131115 -0.188923 0.221761 0.070664 -0.292732 0.174283 -0.015424 0.940051
1642661817.164448 -0.181009 0.238250 0.029592 -0.324557 0.180202 -0.012201 0.928462
1642661817.197781 -0.173845 0.267200 0.003869 -0.351304 0.194639 -0.012328 0.915723
1642661817.231115 -0.172798 0.302602 -0.032084 -0.378624 0.213020 -0.015964 0.900562
1642661817.264448 -0.164695 0.326116 -0.063030 -0.401111 0.230810 -0.017898 0.886294
1642661817.297781 -0.152082 0.358021 -0.092143 -0.422369 0.249305 -0.025407 0.871095
1642661817.331115 -0.146859 0.377160 -0.118839 -0.439979 0.261581 -0.034242 0.858383
1642661817.364448 -0.139553 0.398788 -0.147150 -0.462966 0.272762 -0.046682 0.842071
1642661817.397781 -0.135137 0.414496 -0.167847 -0.480311 0.277253 -0.058163 0.830090
1642661817.431115 -0.134728 0.427831 -0.184261 -0.496866 0.277397 -0.067503 0.819523
1642661817.464448 -0.136464 0.439039 -0.191300 -0.506102 0.274766 -0.071086 0.814439
1642661817.497781 -0.140627 0.449451 -0.188383 -0.507575 0.268970 -0.068960 0.815639
1642661817.531115 -0.146462 0.457350 -0.176055 -0.500190 0.260623 -0.062463 0.823398
1642661817.564448 -0.138799 0.468346 -0.155007 -0.494160 0.251499 -0.053605 0.830470
1642661817.597781 -0.143832 0.472498 -0.131929 -0.476487 0.239980 -0.046897 0.844494
1642661817.631115 -0.157012 0.456675 -0.101884 -0.452944 0.225873 -0.040871 0.861483
1642661817.664448 -0.162576 0.450614 -0.073240 -0.427354 0.215877 -0.037089 0.877149
1642661817.697781 -0.163104 0.432136 -0.044128 -0.397908 0.208862 -0.034580 0.892665
1642661817.731115 -0.166599 0.416590 -0.021774 -0.371485 0.203863 -0.031491 0.905233
1642661817.764448 -0.168157 0.391292 -0.002903 -0.335196 0.202477 -0.037063 0.919387
1642661817.797781 -0.169824 0.366460 0.011694 -0.308951 0.200534 -0.037112 0.928955
1642661817.831115 -0.169415 0.328107 0.021733 -0.282745 0.198706 -0.032438 0.937827
1642661817.864448 -0.166103 0.298923 0.026540 -0.258433 0.202098 -0.033540 0.944057
1642661817.897781 -0.162225 0.263681 0.019483 -0.235039 0.210443 -0.035452 0.948269
1642661817.931115 -0.153659 0.238130 0.013432 -0.218423 0.222556 -0.036301 0.949443
1642661817.964448 -0.141470 0.202661 -0.000518 -0.203123 0.241647 -0.033821 0.948264
1642661817.997781 -0.125585 0.178901 -0.016603 -0.192654 0.266806 -0.035419 0.943633
1642661818.031115 -0.105544 0.153735 -0.037346 -0.183725 0.299296 -0.036506 0.935593
1642661818.064448 -0.085895 0.129915 -0.056850 -0.178336 0.332776 -0.037490 0.925230
1642661818.097781 -0.068430 0.105306 -0.072875 -0.175048 0.362488 -0.039973 0.914529
1642661818.131115 -0.056600 0.081639 -0.082299 -0.171503 0.382914 -0.043979 0.906659
1642661818.164448 -0.044392 0.030752 -0.080579 -0.167067 0.399134 -0.037748 0.900753
1642661818.197781 -0.040883 0.000511 -0.075769 -0.152004 0.402960 -0.033967 0.901867
1642661818.231115 -0.034622 -0.029579 -0.055318 -0.128085 0.400879 -0.022256 0.906860
1642661818.264448 -0.038061 -0.067278 -0.037159 -0.097885 0.392239 -0.002232 0.914638
1642661818.297781 -0.036959 -0.102091 -0.016644 -0.064569 0.379419 0.019825 0.922756
1642661818.331115 -0.043414 -0.138952 0.004596 -0.034179 0.366244 0.036632 0.929169
1642661818.364448 -0.056559 -0.180372 0.029545 0.003765 0.350007 0.047514 0.935534
1642661818.397781 -0.066062 -0.220290 0.050711 0.034472 0.338394 0.051678 0.938952
1642661818.431115 -0.085920 -0.268104 0.070338 0.069454 0.326335 0.047910 0.941481
1642661818.464448 -0.097759 -0.309340 0.086025 0.102147 0.316811 0.042024 0.942035
1642661818.497781 -0.107937 -0.352835 0.092802 0.135950 0.309211 0.038323 0.940445
1642661818.531115 -0.117164 -0.388302 0.099043 0.167356 0.303311 0.038996 0.937269
1642661818.564448 -0.126251 -0.430041 0.101292 0.205554 0.296637 0.044924 0.931523
1642661818.597781 -0.131065 -0.463837 0.098347 0.238198 0.291723 0.055141 0.924727
1642661818.631115 -0.132122 -0.497951 0.090408 0.273204 0.286855 0.067156 0.915731
1642661818.664448 -0.127743 -0.526385 0.079535 0.304516 0.283349 0.076828 0.906135
1642661818.697781 -0.117234 -0.550309 0.066548 0.333362 0.282098 0.083539 0.895719
1642661818.731115 -0.102163 -0.567654 0.054029 0.356217 0.284470 0.087902 0.885697
1642661818.764448 -0.079490 -0.581924 0.039601 0.377805 0.291191 0.093411 0.873925
1642661818.797781 -0.048631 -0.590747 0.023348 0.395641 0.303368 0.099864 0.861083
1642661818.831115 -0.016028 -0.592675 0.008458 0.406304 0.318283 0.108246 0.849645
1642661818.864448 0.018462 -0.587436 -0.006732 0.410286 0.336981 0.120703 0.838773
1642661818.897781 0.052916 -0.575921 -0.022136 0.408713 0.357997 0.136639 0.828324
1642661818.931115 0.081770 -0.561631 -0.035570 0.402923 0.378707 0.152320 0.819166
1642661818.964448 0.111936 -0.541386 -0.050340 0.392223 0.405535 0.169338 0.808101
1642661818.997781 0.130686 -0.523908 -0.059740 0.378371 0.430107 0.175886 0.800567
1642661819.031115 0.142237 -0.506488 -0.064931 0.358527 0.455931 0.174493 0.795699
1642661819.064448 0.144457 -0.493588 -0.064945 0.337726 0.475279 0.169890 0.794474
1642661819.097781 0.139273 -0.485435 -0.060526 0.318799 0.486083 0.165282 0.796726
1642661819.131115 0.129931 -0.482334 -0.053150 0.307055 0.485967 0.163622 0.801737
1642661819.164448 0.115347 -0.483730 -0.042119 0.300561 0.477373 0.166055 0.808829
1642661819.197781 0.095370 -0.490487 -0.027371 0.300632 0.461008 0.172187 0.816972
1642661819.231115 0.074440 -0.499871 -0.011620 0.304052 0.443537 0.177268 0.824259
1642661819.264448 0.052271 -0.511267 0.004554 0.309459 0.421729 0.181692 0.832687
1642661819.297781 0.029799 -0.523034 0.021110 0.315056 0.398227 0.181440 0.842161
1642661819.331115 0.010638 -0.532560 0.035592 0.321902 0.374673 0.174949 0.851699
1642661819.364448 -0.009294 -0.541964 0.051899 0.332691 0.343587 0.166492 0.862291
1642661819.397781 -0.021360 -0.547436 0.064704 0.342376 0.317209 0.162436 0.869351
1642661819.431115 -0.028634 -0.549435 0.078199 0.349389 0.291030 0.160890 0.875982
1642661819.464448 -0.029678 -0.546110 0.090408 0.350509 0.270707 0.160515 0.882098
1642661819.497781 -0.080337 -0.582422 0.084664 0.349708 0.252828 0.154221 0.888818
1642661819.531115 -0.073527 -0.572130 0.094183 0.341126 0.244812 0.153424 0.894518
1642661819.564448 -0.062004 -0.556071 0.103617 0.326407 0.241197 0.152051 0.901201
1642661819.597781 -0.045304 -0.533337 0.111417 0.306168 0.242071 0.151032 0.908214
1642661819.631115 -0.023095 -0.523279 0.095705 0.280905 0.245626 0.164290 0.913110
1642661819.664448 -0.004427 -0.495053 0.096287 0.254857 0.258220 0.163035 0.917491
1642661819.697781 -0.003277 -0.449383 0.092831 0.228332 0.276208 0.152800 0.920992
1642661819.731115 0.013127 -0.423053 0.088744 0.202235 0.297295 0.148858 0.921172
1642661819.764448 0.038111 -0.389894 0.058989 0.169618 0.322634 0.144364 0.919944
1642661819.797781 0.046516 -0.365934 0.051707 0.142436 0.343858 0.137224 0.917956
1642661819.831115 0.038529 -0.327684 0.055691 0.117925 0.362846 0.118275 0.916759
1642661819.864448 0.030820 -0.310329 0.051703 0.096541 0.371442 0.106156 0.917301
1642661819.897781 0.010299 -0.297771 0.047810 0.082147 0.370721 0.099492 0.919739
1642661819.931115 -0.011445 -0.292240 0.053215 0.073814 0.361929 0.103586 0.923487
1642661819.964448 -0.039255 -0.286755 0.059394 0.065764 0.347029 0.113117 0.928682
1642661819.997781 -0.073979 -0.283741 0.069529 0.057328 0.327401 0.125392 0.934772
1642661820.031115 -0.104737 -0.268429 0.084014 0.048500 0.309847 0.127318 0.940974
1642661820.064448 -0.138994 -0.267318 0.095177 0.037625 0.289446 0.130597 0.947497
1642661820.097781 -0.170980 -0.274537 0.103312 0.024771 0.270288 0.131307 0.953462
1642661820.131115 -0.198287 -0.273781 0.110440 0.014130 0.254842 0.124380 0.958846
1642661820.164448 -0.227151 -0.272101 0.116948 0.004345 0.238556 0.115005 0.964285
1642661820.197781 -0.246997 -0.270003 0.120024 -0.000830 0.228381 0.107655 0.967601
1642661820.231115 -0.262740 -0.266972 0.120264 -0.005239 0.221837 0.102658 0.969651
1642661820.264448 -0.271054 -0.263123 0.117371 -0.009336 0.221823 0.102425 0.969648
1642661820.297781 -0.272240 -0.257570 0.110456 -0.012915 0.227689 0.106330 0.967825
1642661820.331115 -0.265413 -0.250529 0.100159 -0.015131 0.239602 0.112921 0.964163
1642661820.364448 -0.254308 -0.242985 0.090065 -0.016862 0.257367 0.119230 0.958782
1642661820.397781 -0.235968 -0.232647 0.076576 -0.020596 0.281653 0.124261 0.951213
1642661820.431115 -0.210357 -0.218114 0.058868 -0.028045 0.311615 0.124603 0.941586
1642661820.464448 -0.182877 -0.200840 0.039768 -0.039076 0.340478 0.116686 0.932165
1642661820.497781 -0.155113 -0.181170 0.019524 -0.056527 0.367276 0.100312 0.922958
1642661820.531115 -0.132829 -0.162681 0.002391 -0.079997 0.387374 0.076441 0.915259
1642661820.564448 -0.111681 -0.140674 -0.014125 -0.112009 0.403579 0.041390 0.907119
1642661820.597781 -0.101000 -0.124282 -0.021539 -0.136963 0.406064 0.011457 0.903450
1642661820.631115 -0.097596 -0.109720 -0.020795 -0.153641 0.399664 -0.010107 0.903638
1642661820.664448 -0.101836 -0.099295 -0.011121 -0.153916 0.385454 -0.011564 0.909726
1642661820.697781 -0.111850 -0.090643 0.005557 -0.142117 0.364433 0.001651 0.920320
1642661820.731115 -0.123979 -0.082782 0.024262 -0.125651 0.340796 0.019952 0.931489
1642661820.764448 -0.140884 -0.071567 0.049271 -0.104681 0.309442 0.041363 0.944233
1642661820.797781 -0.155122 -0.058894 0.070187 -0.088365 0.283279 0.055804 0.953326
1642661820.831115 -0.211904 -0.002561 0.090727 -0.081921 0.255236 0.064615 0.961233
1642661820.864448 -0.225339 0.021196 0.107484 -0.073630 0.233383 0.068909 0.967141
1642661820.897781 -0.235567 0.048404 0.120427 -0.068814 0.213773 0.069360 0.971985
1642661820.931115 -0.241347 0.075599 0.128536 -0.068142 0.198614 0.067805 0.975352
1642661820.964448 -0.243373 0.112004 0.133961 -0.072579 0.183701 0.066047 0.978072
1642661820.997781 -0.240440 0.146106 0.134437 -0.083635 0.175293 0.063745 0.978884
1642661821.031115 -0.232416 0.186667 0.130021 -0.103304 0.169954 0.058566 0.978271
1642661821.064448 -0.218269 0.233555 0.118541 -0.131820 0.168025 0.049956 0.975651
1642661821.097781 -0.204686 0.268504 0.105395 -0.158651 0.171268 0.041752 0.971470
1642661821.131115 -0.187505 0.304864 0.087291 -0.190148 0.181130 0.035220 0.964259
1642661821.164448 -0.199246 0.324176 0.027525 -0.224411 0.199834 0.025478 0.953445
1642661821.197781 -0.173942 0.350602 -0.003587 -0.264756 0.224266 0.019732 0.937667
1642661821.231115 -0.157732 0.380370 -0.042002 -0.309263 0.248959 0.002046 0.917808
1642661821.264448 -0.136944 0.402952 -0.080974 -0.351377 0.268079 -0.027819 0.896601
1642661821.297781 -0.124880 0.420005 -0.111144 -0.389070 0.277930 -0.057882 0.876373
1642661821.331115 -0.119524 0.422617 -0.138554 -0.409740 0.282522 -0.079358 0.863711
1642661821.364448 -0.105648 0.441214 -0.155793 -0.425134 0.294676 -0.085881 0.851500
1642661821.397781 -0.109774 0.431539 -0.166052 -0.419926 0.303647 -0.075180 0.851944
1642661821.431115 -0.116957 0.418198 -0.167348 -0.406849 0.313636 -0.055233 0.856187
1642661821.464448 -0.125143 0.405475 -0.160111 -0.391405 0.318562 -0.038132 0.862477
1642661821.497781 -0.135694 0.391756 -0.143861 -0.375413 0.316909 -0.027686 0.870556
1642661821.531115 -0.147957 0.376930 -0.121246 -0.360724 0.308672 -0.023744 0.879793
1642661821.564448 -0.160211 0.361227 -0.099520 -0.345859 0.296328 -0.022183 0.889988
1642661821.597781 -0.175967 0.339556 -0.072393 -0.324374 0.281997 -0.015313 0.902787
1642661821.631115 -0.195473 0.310042 -0.041032 -0.296285 0.265947 -0.001381 0.917325
1642661821.664448 -0.214959 0.277633 -0.012015 -0.267263 0.250553 0.016451 0.930335
1642661821.697781 -0.234375 0.242415 0.014507 -0.238817 0.234982 0.034548 0.941571
1642661821.731115 -0.250921 0.209521 0.035297 -0.214010 0.221282 0.048955 0.950178
1642661821.764448 -0.225048 0.161805 0.082185 -0.181013 0.203107 0.058368 0.960508
1642661821.797781 -0.234634 0.125965 0.098417 -0.158429 0.187885 0.066867 0.967020
1642661821.831115 -0.265977 0.094441 0.121724 -0.127771 0.170112 0.062448 0.975109
1642661821.864448 -0.269293 0.059418 0.131227 -0.110413 0.158961 0.063261 0.979050
1642661821.897781 -0.260192 0.014783 0.138290 -0.098208 0.151929 0.067439 0.981185
1642661821.931115 -0.253326 -0.012573 0.141914 -0.083567 0.148352 0.067854 0.983059
1642661821.964448 -0.240392 -0.040844 0.144614 -0.067709 0.150444 0.069377 0.983854
1642661821.997781 -0.220229 -0.069056 0.146155 -0.051416 0.159086 0.071356 0.983339
1642661822.031115 -0.184819 -0.092668 0.145230 -0.034766 0.175496 0.071876 0.981237
1642661822.064448 -0.157903 -0.114558 0.144299 -0.020142 0.197720 0.076268 0.977080
1642661822.097781 -0.115155 -0.145257 0.130401 -0.010657 0.227973 0.087873 0.969635
1642661822.131115 -0.091178 -0.161365 0.128858 -0.003564 0.256553 0.088909 0.962426
1642661822.164448 -0.069276 -0.180127 0.128374 0.000143 0.287903 0.084048 0.953964
1642661822.197781 -0.061529 -0.196269 0.130612 -0.000370 0.303549 0.073215 0.949999
1642661822.231115 -0.062685 -0.216740 0.138884 0.000330 0.309210 0.063814 0.948850
1642661822.264448 -0.076075 -0.236464 0.147795 0.005624 0.302887 0.063967 0.950861
1642661822.297781 -0.078713 -0.276647 0.156776 0.009408 0.287252 0.084274 0.954094
1642661822.331115 -0.100513 -0.295249 0.171355 0.017950 0.273871 0.095015 0.956893
1642661822.364448 -0.130406 -0.318061 0.191554 0.030378 0.257029 0.105256 0.960174
1642661822.397781 -0.157802 -0.337611 0.208793 0.043796 0.241553 0.109045 0.963246
1642661822.431115 -0.195618 -0.340096 0.232498 0.058190 0.224286 0.108480 0.966717
1642661822.464448 -0.223927 -0.350608 0.245740 0.074076 0.205502 0.108068 0.969847
1642661822.497781 -0.247687 -0.367431 0.257822 0.089058 0.185218 0.113501 0.972050
1642661822.531115 -0.266820 -0.378950 0.264098 0.098511 0.167013 0.120423 0.973602
1642661822.564448 -0.276244 -0.378052 0.276158 0.102681 0.150435 0.130478 0.974578
1642661822.597781 -0.286425 -0.392035 0.276082 0.112928 0.134314 0.141664 0.974237
1642661822.631115 -0.284208 -0.379691 0.272406 0.120999 0.122878 0.151032 0.973370
1642661822.664448 -0.282681 -0.385912 0.268149 0.135380 0.112983 0.163001 0.970741
1642661822.697781 -0.257092 -0.369095 0.260946 0.144239 0.115234 0.171839 0.967671
1642661822.731115 -0.244829 -0.370955 0.252315 0.155658 0.118616 0.175322 0.964864
1642661822.764448 -0.226075 -0.370284 0.241662 0.166224 0.129931 0.170907 0.962434
1642661822.797781 -0.199397 -0.365900 0.228461 0.174679 0.151003 0.159781 0.959768
1642661822.831115 -0.168857 -0.363797 0.215404 0.181688 0.178678 0.144739 0.956093
1642661822.864448 -0.136418 -0.354424 0.198152 0.182849 0.209130 0.130162 0.951782
1642661822.897781 -0.104568 -0.350860 0.178053 0.178674 0.237787 0.126609 0.946310
1642661822.931115 -0.073057 -0.339945 0.157049 0.173272 0.270178 0.127400 0.938483
1642661822.964448 -0.034880 -0.337270 0.137075 0.160588 0.315658 0.130333 0.926059
1642661822.997781 -0.010401 -0.326800 0.112201 0.149078 0.351165 0.124576 0.915937
1642661823.031115 0.002412 -0.328973 0.123795 0.140507 0.388928 0.111598 0.903625
1642661823.064448 0.007099 -0.323733 0.102688 0.136305 0.407168 0.096123 0.897996
1642661823.097781 -0.003142 -0.320589 0.089744 0.142350 0.410911 0.084494 0.896521
1642661823.131115 -0.013714 -0.320983 0.079085 0.151366 0.409954 0.082229 0.895692
1642661823.164448 -0.030542 -0.322881 0.071658 0.164503 0.405756 0.082574 0.895255
1642661823.197781 -0.053900 -0.325899 0.067830 0.180376 0.399793 0.080395 0.895079
1642661823.231115 -0.087653 -0.336488 0.084156 0.199053 0.391581 0.078419 0.894926
1642661823.264448 -0.114514 -0.338501 0.085169 0.211133 0.384520 0.074514 0.895553
1642661823.297781 -0.143389 -0.339201 0.085125 0.222403 0.377531 0.073045 0.895919
1642661823.331115 -0.168774 -0.337809 0.082919 0.232828 0.371040 0.073292 0.895963
1642661823.364448 -0.185971 -0.334541 0.078464 0.244267 0.364372 0.072238 0.895739
1642661823.397781 -0.201139 -0.329844 0.071096 0.259679 0.355747 0.070496 0.895009
1642661823.431115 -0.210532 -0.324238 0.060080 0.278255 0.347110 0.071684 0.892721
1642661823.464448 -0.210844 -0.319076 0.047424 0.297725 0.340142 0.078431 0.888545
1642661823.497781 -0.219708 -0.316464 0.013493 0.311912 0.328966 0.092929 0.886485
1642661823.531115 -0.204515 -0.311638 0.001293 0.323765 0.330049 0.102497 0.880760
1642661823.564448 -0.192098 -0.315223 -0.034508 0.331001 0.331282 0.120509 0.875310
1642661823.597781 -0.162621 -0.313636 -0.044122 0.331325 0.350002 0.124540 0.867302
1642661823.631115 -0.125687 -0.322724 -0.053268 0.326192 0.377749 0.123650 0.857680
1642661823.664448 -0.094527 -0.326613 -0.058781 0.316748 0.403299 0.110919 0.851304
1642661823.697781 -0.063616 -0.330484 -0.064651 0.307766 0.425869 0.090085 0.846050
1642661823.731115 -0.047405 -0.340072 -0.063716 0.295372 0.439211 0.065930 0.845874
1642661823.764448 -0.037682 -0.355857 -0.058910 0.283738 0.445852 0.038187 0.848086
1642661823.797781 -0.037900 -0.373480 -0.052680 0.281509 0.438517 0.023560 0.853171
1642661823.831115 -0.041473 -0.395699 -0.032823 0.285619 0.421714 0.016692 0.860407
1642661823.864448 -0.053854 -0.420479 -0.023524 0.296260 0.397875 0.020950 0.868036
1642661823.897781 -0.069714 -0.447465 -0.013652 0.309918 0.370347 0.026970 0.875252
1642661823.931115 -0.085877 -0.473097 -0.004532 0.323434 0.345059 0.029466 0.880600
1642661823.964448 -0.107082 -0.505887 0.006413 0.340919 0.315205 0.028909 0.885203
1642661823.997781 -0.125216 -0.534958 0.014657 0.357656 0.290847 0.026782 0.887002
1642661824.031115 -0.143183 -0.567327 0.021609 0.377488 0.264404 0.028650 0.887002
1642661824.064448 -0.155645 -0.597253 0.026034 0.396203 0.241099 0.039098 0.885079
1642661824.097781 -0.161865 -0.625115 0.028589 0.412806 0.219189 0.056291 0.882257
1642661824.131115 -0.161248 -0.647652 0.029791 0.425488 0.201668 0.075133 0.879002
1642661824.164448 -0.152440 -0.671341 0.030098 0.438384 0.184681 0.099494 0.873964
1642661824.197781 -0.138282 -0.687745 0.029411 0.446392 0.177097 0.120161 0.868868
1642661824.231115 -0.116907 -0.701245 0.027726 0.452100 0.176382 0.140982 0.862913
1642661824.264448 -0.093182 -0.709228 0.024056 0.456588 0.181642 0.157619 0.856557
1642661824.297781 -0.068467 -0.712253 0.017984 0.460205 0.193252 0.169963 0.849693
1642661824.331115 -0.047008 -0.710026 0.009709 0.463409 0.207127 0.176165 0.843396
1642661824.364448 -0.022341 -0.703300 -0.003496 0.466979 0.227280 0.184656 0.834372
1642661824.397781 -0.004277 -0.696818 -0.016728 0.468884 0.246408 0.196370 0.825148
1642661824.431115 0.011182 -0.690690 -0.032469 0.472558 0.266337 0.212631 0.812737
1642661824.464448 0.021397 -0.686530 -0.045351 0.475043 0.288051 0.222497 0.801159
1642661824.497781 0.004417 -0.615187 -0.047842 0.468395 0.317277 0.214946 0.796078
1642661824.531115 0.001616 -0.611391 -0.055645 0.468404 0.333790 0.211316 0.790271
1642661824.564448 -0.004811 -0.627914 -0.067450 0.469319 0.342628 0.209111 0.786523
1642661824.597781 -0.017697 -0.627625 -0.068731 0.466898 0.344805 0.204316 0.788270
1642661824.631115 -0.036723 -0.628953 -0.067221 0.463480 0.342208 0.197150 0.793229
1642661824.664448 -0.058665 -0.631649 -0.064160 0.460660 0.336254 0.188634 0.799464
1642661824.697781 -0.088689 -0.637042 -0.045351 0.461457 0.324184 0.179793 0.806000
1642661824.731115 -0.110245 -0.639158 -0.040533 0.458653 0.315329 0.172435 0.812694
1642661824.764448 -0.132859 -0.639013 -0.035370 0.453650 0.305919 0.161905 0.821220
1642661824.797781 -0.154640 -0.633858 -0.029958 0.446284 0.297097 0.145559 0.831491
1642661824.831115 -0.165682 -0.621085 -0.014866 0.437180 0.292315 0.126932 0.841020
1642661824.864448 -0.176148 -0.605140 -0.010550 0.425463 0.284913 0.110231 0.851854
1642661824.897781 -0.184534 -0.568829 0.001014 0.412346 0.273262 0.091488 0.864251
1642661824.931115 -0.183174 -0.544419 0.003855 0.396240 0.267985 0.085234 0.874021
1642661824.964448 -0.176376 -0.512907 0.006623 0.374613 0.265426 0.080446 0.884727
1642661824.997781 -0.163603 -0.473055 0.008829 0.345911 0.267555 0.076255 0.896072
1642661825.031115 -0.142873 -0.416495 0.014138 0.314775 0.274215 0.068627 0.906098
1642661825.064448 -0.125606 -0.372319 0.014083 0.281449 0.285327 0.061856 0.914083
1642661825.097781 -0.109339 -0.323130 0.016858 0.241856 0.299374 0.054328 0.921374
1642661825.131115 -0.096381 -0.282044 0.015492 0.208827 0.311878 0.046271 0.925733
1642661825.164448 -0.090059 -0.240075 0.012776 0.172164 0.325419 0.038480 0.928968
1642661825.197781 -0.088609 -0.200624 0.012074 0.139342 0.334603 0.029007 0.931549
1642661825.231115 -0.094472 -0.154970 0.016130 0.106559 0.339910 0.016233 0.934261
1642661825.264448 -0.107782 -0.120159 0.017117 0.083318 0.337747 0.009595 0.937493
1642661825.297781 -0.128786 -0.087055 0.018722 0.065851 0.328162 0.011180 0.942257
1642661825.331115 -0.152302 -0.061163 0.020899 0.055688 0.314407 0.024493 0.947337
1642661825.364448 -0.171174 -0.042711 0.028819 0.052630 0.301425 0.044752 0.950984
1642661825.397781 -0.191794 -0.028403 0.032750 0.049310 0.288277 0.067237 0.953910
1642661825.431115 -0.226238 -0.057425 0.052363 0.052830 0.275228 0.099966 0.954707
1642661825.464448 -0.244091 -0.052210 0.057532 0.051603 0.266885 0.115896 0.955342
1642661825.497781 -0.257710 -0.049600 0.062719 0.050514 0.260915 0.125841 0.955791
1642661825.531115 -0.265869 -0.048727 0.067069 0.051644 0.254954 0.128592 0.956972
1642661825.564448 -0.269930 -0.047936 0.072525 0.054517 0.244933 0.125376 0.959852
1642661825.597781 -0.266359 -0.046064 0.078083 0.057765 0.234319 0.116647 0.963406
1642661825.631115 -0.258701 -0.043046 0.082090 0.058460 0.227203 0.107279 0.966153
1642661825.664448 -0.244613 -0.037353 0.086262 0.055019 0.222203 0.095974 0.968704
1642661825.697781 -0.226297 -0.029737 0.089001 0.046348 0.221803 0.082848 0.970459
1642661825.731115 -0.207121 -0.021667 0.089457 0.033487 0.225513 0.069833 0.971157
1642661825.764448 -0.181033 -0.010918 0.086667 0.014477 0.235226 0.053941 0.970335
1642661825.797781 -0.157471 -0.001761 0.080745 -0.007188 0.249529 0.040695 0.967485
1642661825.831115 -0.132083 0.007356 0.070746 -0.035614 0.269681 0.025443 0.961955
1642661825.864448 -0.111358 0.012997 0.058908 -0.066222 0.291502 0.009637 0.954226
1642661825.897781 -0.097242 0.013843 0.046347 -0.095197 0.309960 -0.008506 0.945933
1642661825.931115 -0.091742 0.009437 0.036028 -0.115333 0.321770 -0.018655 0.939582
1642661825.964448 -0.094022 -0.001892 0.026048 -0.131652 0.330430 -0.019470 0.934401
1642661825.997781 -0.102620 -0.015293 0.020402 -0.136203 0.331258 -0.006730 0.933634
1642661826.031115 -0.117620 -0.030963 0.017515 -0.138586 0.327152 0.015056 0.934633
1642661826.064448 -0.138508 -0.046111 0.018593 -0.142607 0.319761 0.042049 0.935761
1642661826.097781 -0.155925 -0.054171 0.021531 -0.149490 0.311127 0.060545 0.936582
1642661826.131115 -0.175392 -0.058334 0.026508 -0.159956 0.299740 0.077499 0.937317
1642661826.164448 -0.200120 -0.056947 0.034158 -0.176245 0.282593 0.093511 0.938261
1642661826.197781 -0.221165 -0.049635 0.040855 -0.194799 0.264312 0.101969 0.939039
1642661826.231115 -0.243258 -0.035125 0.047352 -0.217995 0.241868 0.106862 0.939446
1642661826.264448 -0.262420 -0.015487 0.051413 -0.240428 0.218672 0.104915 0.939878
1642661826.297781 -0.279037 0.009529 0.053141 -0.260996 0.196364 0.097962 0.940067
1642661826.331115 -0.291164 0.036112 0.053048 -0.277267 0.179702 0.090976 0.939443
1642661826.364448 -0.291741 0.027747 0.052598 -0.289795 0.163701 0.068133 0.940521
1642661826.397781 -0.297294 0.060233 0.049650 -0.302832 0.154182 0.065738 0.938189
1642661826.431115 -0.237861 -0.024597 0.051011 -0.312756 0.145507 0.086389 0.934638
1642661826.464448 -0.234916 0.011664 0.046295 -0.326320 0.144489 0.093933 0.929416
1642661826.497781 -0.232842 0.057013 0.043897 -0.345199 0.150334 0.106598 0.920258
1642661826.531115 -0.225732 0.093560 0.034330 -0.364180 0.155017 0.110080 0.911715
1642661826.564448 -0.212599 0.143946 0.016883 -0.389781 0.160770 0.110415 0.900018
1642661826.597781 -0.200644 0.183600 -0.001689 -0.412048 0.163121 0.098569 0.891006
1642661826.631115 -0.184924 0.225690 -0.026602 -0.437380 0.164765 0.078204 0.880588
1642661826.664448 -0.167340 0.262730 -0.053118 -0.461731 0.167579 0.053626 0.869394
1642661826.697781 -0.147699 0.295126 -0.080364 -0.485823 0.173824 0.029011 0.856107
1642661826.731115 -0.129085 0.318785 -0.103496 -0.504660 0.182897 0.009768 0.843665
1642661826.764448 -0.107006 0.340083 -0.128537 -0.522759 0.195407 -0.012784 0.829684
1642661826.797781 -0.091051 0.351800 -0.145857 -0.532293 0.205687 -0.031346 0.820594
1642661826.831115 -0.078133 0.358853 -0.158934 -0.536054 0.216683 -0.048202 0.814476
1642661826.864448 -0.071085 0.361868 -0.164890 -0.533281 0.228339 -0.056424 0.812581
1642661826.897781 -0.069940 0.362239 -0.164718 -0.526501 0.239232 -0.055916 0.813903
1642661826.931115 -0.075719 0.359712 -0.158862 -0.518127 0.244673 -0.047711 0.818171
1642661826.964448 -0.085226 0.355180 -0.151417 -0.512082 0.243690 -0.034301 0.822928
1642661826.997781 -0.099981 0.347204 -0.140218 -0.505974 0.240263 -0.016918 0.828238
1642661827.031115 -0.120222 0.334106 -0.125021 -0.497166 0.231910 0.004995 0.836074
1642661827.064448 -0.141399 0.316951 -0.108358 -0.484892 0.220827 0.026633 0.845817
1642661827.097781 -0.162604 0.295114 -0.090301 -0.467922 0.208404 0.048925 0.857451
1642661827.131115 -0.180349 0.271980 -0.073696 -0.449705 0.198097 0.067913 0.868280
1642661827.164448 -0.199091 0.240037 -0.053887 -0.425693 0.187018 0.088904 0.880855
1642661827.197781 -0.211477 0.210532 -0.038214 -0.403247 0.176966 0.104247 0.891744
1642661827.231115 -0.219730 0.177555 -0.022801 -0.377455 0.166547 0.119170 0.903099
1642661827.264448 -0.221020 0.147509 -0.010313 -0.352149 0.157220 0.130466 0.913374
1642661827.297781 -0.215250 0.119591 -0.000094 -0.327297 0.149492 0.139993 0.922459
1642661827.331115 -0.203556 0.096888 0.007288 -0.306742 0.146510 0.147803 0.928762
1642661827.364448 -0.179794 0.071604 0.014201 -0.282802 0.147555 0.155791 0.934869
1642661827.397781 -0.148574 0.051166 0.018069 -0.261800 0.153743 0.159301 0.939387
1642661827.431115 -0.119984 0.036892 0.018922 -0.246526 0.163601 0.158540 0.941979
1642661827.464448 -0.082051 0.021311 0.017727 -0.228278 0.179678 0.158132 0.943716
1642661827.497781 -0.041444 0.005546 0.014952 -0.211814 0.203113 0.158409 0.942755
1642661827.531115 -0.005944 -0.009979 0.012017 -0.199566 0.228955 0.156152 0.939877
1642661827.564448 -0.063697 -0.097310 0.013567 -0.180591 0.250486 0.139051 0.940908
1642661827.597781 -0.045977 -0.124159 0.014429 -0.171893 0.268497 0.123467 0.939743
1642661827.631115 -0.027815 -0.165814 0.034991 -0.162315 0.285722 0.111279 0.937888
1642661827.664448 -0.028020 -0.202580 0.040503 -0.145689 0.288146 0.108217 0.940231
1642661827.697781 -0.036641 -0.246910 0.048767 -0.121981 0.283776 0.118009 0.943751
1642661827.731115 -0.050683 -0.291518 0.058075 -0.096395 0.275539 0.135906 0.946739
1642661827.764448 -0.067586 -0.331010 0.075766 -0.075688 0.266599 0.155142 0.948223
1642661827.797781 -0.082552 -0.370323 0.084370 -0.051710 0.258027 0.170045 0.949649
1642661827.831115 -0.097218 -0.410976 0.093321 -0.023159 0.249457 0.181629 0.950918
1642661827.864448 -0.107676 -0.446447 0.100675 0.006598 0.242994 0.187691 0.951673
1642661827.897781 -0.093323 -0.465225 0.106934 0.036929 0.242185 0.191601 0.950406
1642661827.931115 -0.093925 -0.489805 0.110869 0.066754 0.236947 0.194485 0.949513
1642661827.964448 -0.086307 -0.510351 0.116509 0.102337 0.233352 0.201630 0.945737
1642661827.997781 -0.075879 -0.526994 0.118327 0.131244 0.230318 0.208249 0.941467
1642661828.031115 -0.020139 -0.521808 0.066254 0.161589 0.229798 0.212261 0.935963
1642661828.064448 0.002803 -0.528154 0.064306 0.182455 0.235651 0.215600 0.929890
1642661828.097781 0.032952 -0.528906 0.060472 0.200820 0.248193 0.213314 0.923347
1642661828.131115 0.065742 -0.523982 0.054573 0.214539 0.265105 0.208734 0.916582
1642661828.164448 0.069705 -0.519633 0.022235 0.224393 0.280243 0.202744 0.911047
1642661828.197781 0.102152 -0.509338 0.011621 0.230800 0.301158 0.202702 0.902744
1642661828.231115 0.133122 -0.465963 -0.008335 0.229431 0.326827 0.206757 0.893195
1642661828.264448 0.163062 -0.451034 -0.021436 0.224658 0.353419 0.206801 0.884227
1642661828.297781 0.190309 -0.458806 -0.033939 0.216597 0.378787 0.203115 0.876556
1642661828.331115 0.203859 -0.451546 -0.042462 0.206143 0.397583 0.194956 0.872597
1642661828.364448 0.301113 -0.456800 -0.047384 0.197649 0.415431 0.185151 0.868372
1642661828.397781 0.321104 -0.438064 -0.050569 0.191000 0.417318 0.179594 0.870121
1642661828.431115 0.320490 -0.444666 -0.052228 0.191997 0.408998 0.181636 0.873422
1642661828.464448 0.317279 -0.456296 -0.051365 0.197870 0.394810 0.191496 0.876528
1642661828.497781 0.277310 -0.517052 0.080738 0.202005 0.380356 0.213565 0.876877
1642661828.531115 0.273281 -0.535645 0.086915 0.215486 0.362595 0.227238 0.877755
1642661828.564448 0.227483 -0.561975 0.146052 0.231536 0.336919 0.244554 0.879244
1642661828.597781 0.226222 -0.584407 0.154544 0.251420 0.314083 0.251192 0.880365
1642661828.631115 0.194219 -0.645719 0.208279 0.270903 0.289823 0.260677 0.880149
1642661828.664448 0.200725 -0.658015 0.212681 0.287765 0.270870 0.266065 0.879221
1642661828.697781 0.208741 -0.728615 0.240609 0.301143 0.251968 0.278609 0.876472
1642661828.731115 0.224215 -0.743171 0.245821 0.307769 0.246772 0.283704 0.874010
1642661828.764448 0.245913 -0.755150 0.249633 0.308811 0.249923 0.288291 0.871242
1642661828.797781 0.273960 -0.763683 0.250183 0.305422 0.261260 0.292779 0.867606
1642661828.831115 0.302474 -0.767727 0.245521 0.299683 0.277633 0.296289 0.863321
1642661828.864448 0.332975 -0.768327 0.233327 0.293621 0.299209 0.299684 0.857001
1642661828.897781 0.387038 -0.738947 0.144068 0.288473 0.314982 0.304386 0.851422
1642661828.931115 0.407540 -0.737048 0.125558 0.282301 0.339145 0.307776 0.842948
1642661828.964448 0.409131 -0.666440 0.077505 0.265730 0.372070 0.308620 0.834089
1642661828.997781 0.398347 -0.672382 0.039191 0.255807 0.406102 0.298856 0.824821
1642661829.031115 0.405907 -0.669238 0.059291 0.238710 0.436759 0.294731 0.815716
1642661829.064448 0.404893 -0.672686 0.037274 0.229058 0.457862 0.296671 0.806152
1642661829.097781 0.397910 -0.688112 0.022565 0.226695 0.475181 0.293779 0.797813
1642661829.131115 0.364508 -0.684781 -0.016271 0.226728 0.479713 0.300974 0.792392
1642661829.164448 0.337049 -0.695870 -0.052750 0.226993 0.485966 0.308041 0.785762
1642661829.197781 0.314290 -0.706936 -0.060506 0.225658 0.487018 0.315741 0.782432
1642661829.231115 0.330696 -0.749724 -0.020039 0.213096 0.486129 0.330325 0.780483
1642661829.264448 0.305467 -0.760999 -0.023156 0.208704 0.485733 0.331871 0.781260
1642661829.297781 0.282022 -0.771785 -0.021900 0.205452 0.482607 0.330848 0.784487
1642661829.331115 0.266384 -0.780640 -0.016108 0.206424 0.474698 0.332085 0.788524
1642661829.364448 0.257984 -0.788929 -0.005175 0.213931 0.459549 0.337616 0.793136
1642661829.397781 0.258064 -0.795062 0.009021 0.225706 0.440314 0.347002 0.796724
1642661829.431115 0.225149 -0.756848 0.029641 0.242363 0.430774 0.343333 0.798634
1642661829.464448 0.183544 -0.724745 0.036165 0.258238 0.409438 0.342259 0.805315
1642661829.497781 0.183459 -0.706130 0.016000 0.268301 0.384638 0.343844 0.813535
1642661829.531115 0.191998 -0.701506 0.035449 0.274053 0.368521 0.341715 0.819950
1642661829.564448 0.207500 -0.703623 0.030034 0.278965 0.343183 0.343550 0.828479
1642661829.597781 0.211182 -0.692525 0.045361 0.281564 0.329825 0.335940 0.836111
1642661829.631114 0.218687 -0.677637 0.042075 0.280032 0.312833 0.325106 0.847363
1642661829.664448 0.217862 -0.656859 0.050899 0.273049 0.304807 0.317612 0.855371
1642661829.697781 0.215665 -0.628992 0.055571 0.257462 0.300811 0.309447 0.864563
1642661829.731115 0.213427 -0.598968 0.055117 0.233310 0.304560 0.300627 0.873174
1642661829.764448 0.200935 -0.587888 0.012004 0.205862 0.305330 0.299849 0.880049
1642661829.797781 0.198125 -0.560559 0.002608 0.173306 0.323670 0.285983 0.885108
1642661829.831115 0.205976 -0.522387 0.017887 0.129506 0.356559 0.263733 0.886870
1642661829.864448 0.200039 -0.499612 -0.002180 0.095363 0.380151 0.245132 0.886736
1642661829.897781 0.206469 -0.459099 -0.020112 0.063474 0.403828 0.220804 0.885517
1642661829.931115 0.194876 -0.447922 -0.040068 0.043934 0.416828 0.207395 0.883918
1642661829.964448 0.178196 -0.454503 -0.051203 0.027724 0.427963 0.198103 0.881382
1642661829.997781 0.160485 -0.454439 -0.064284 0.023594 0.431530 0.196201 0.880188
1642661830.031115 0.140285 -0.459018 -0.071928 0.027128 0.430424 0.198612 0.880087
1642661830.064448 0.118701 -0.468336 -0.071373 0.037895 0.423066 0.202021 0.882478
1642661830.097781 0.099955 -0.480309 -0.061663 0.052561 0.409218 0.205973 0.887329
1642661830.131114 0.084262 -0.493795 -0.045341 0.069375 0.388598 0.211879 0.894028
1642661830.164448 0.076580 -0.501435 -0.032803 0.083387 0.365666 0.219485 0.900645
1642661830.197781 0.067450 -0.513247 -0.012400 0.099678 0.337258 0.229053 0.907665
1642661830.231115 0.026603 -0.650344 0.004781 0.123792 0.295677 0.259704 0.910936
1642661830.264448 0.023842 -0.664238 0.028008 0.135397 0.264302 0.264801 0.917438
1642661830.297781 0.025283 -0.696763 0.064104 0.142330 0.236454 0.269773 0.922526
1642661830.331115 0.027781 -0.705631 0.082116 0.145083 0.211656 0.272161 0.927406
1642661830.364448 0.052983 -0.677762 0.129419 0.138727 0.191924 0.267874 0.933897
1642661830.397781 0.061243 -0.679722 0.143023 0.129055 0.173385 0.273121 0.937383
1642661830.431115 0.028050 -0.632348 0.146390 0.115200 0.156977 0.258928 0.946067
1642661830.464448 0.040598 -0.628788 0.152417 0.087985 0.151614 0.263357 0.948639
1642661830.497781 0.065905 -0.614388 0.167373 0.051557 0.159883 0.265958 0.949234
1642661830.531115 0.079631 -0.606689 0.164282 0.015968 0.170619 0.265908 0.948645
1642661830.564448 0.139096 -0.604131 0.151034 -0.031240 0.190234 0.270145 0.943322
1642661830.597781 0.153838 -0.596040 0.138874 -0.068375 0.212068 0.264714 0.938232
1642661830.631114 0.168038 -0.589332 0.121496 -0.108297 0.238053 0.254780 0.930962
1642661830.664448 0.177537 -0.586506 0.102219 -0.144306 0.261018 0.241180 0.923514
1642661830.697781 0.182172 -0.587866 0.081479 -0.175625 0.278750 0.227476 0.916357
1642661830.731115 0.181609 -0.593451 0.063053 -0.195466 0.288729 0.217698 0.911612
1642661830.764448 0.205372 -0.583830 0.048942 -0.216196 0.300446 0.211208 0.904645
1642661830.797781 0.196444 -0.596383 0.035594 -0.223261 0.303550 0.216796 0.900562
1642661830.831115 0.182886 -0.611930 0.026037 -0.225857 0.303209 0.227996 0.897258
1642661830.864448 0.167101 -0.626122 0.022423 -0.225915 0.297927 0.241286 0.895535
1642661830.897781 0.147324 -0.639158 0.024568 -0.225727 0.286717 0.254865 0.895480
1642661830.931115 0.126858 -0.647319 0.032486 -0.225401 0.269330 0.264926 0.898037
1642661830.964448 0.110243 -0.649286 0.042570 -0.224493 0.247072 0.269866 0.903178
1642661830.997781 0.091672 -0.647409 0.056664 -0.223944 0.219515 0.276114 0.908528
1642661831.031115 0.071798 -0.639702 0.074175 -0.225182 0.187457 0.284603 0.912773
1642661831.064448 0.053910 -0.627027 0.091180 -0.228811 0.158458 0.294568 0.914202
1642661831.097781 0.036850 -0.609045 0.107194 -0.234601 0.131249 0.306665 0.913068
1642661831.131114 0.022211 -0.588555 0.119645 -0.241748 0.108808 0.318318 0.910161
1642661831.164448 0.005323 -0.558398 0.131325 -0.251652 0.085227 0.330490 0.905640
1642661831.197781 -0.008245 -0.528204 0.137321 -0.262756 0.070622 0.337319 0.901215
1642661831.231115 -0.022003 -0.491007 0.138796 -0.277878 0.059740 0.340473 0.896266
1642661831.264448 -0.033633 -0.452430 0.135022 -0.295382 0.056876 0.337875 0.891827
1642661831.297781 -0.044696 -0.407437 0.124589 -0.318438 0.059289 0.330171 0.886605
1642661831.331115 -0.053099 -0.363476 0.108413 -0.342939 0.066315 0.319145 0.880989
1642661831.364448 -0.057776 -0.329763 0.091341 -0.365881 0.076808 0.309037 0.874488
1642661831.397781 -0.060989 -0.294365 0.068964 -0.391790 0.090204 0.299459 0.865268
1642661831.431115 -0.061988 -0.260504 0.041564 -0.419428 0.106520 0.290851 0.853311
1642661831.464448 -0.060777 -0.235241 0.014712 -0.443402 0.122475 0.283735 0.841362
1642661831.497781 -0.058045 -0.217695 -0.011243 -0.464307 0.136962 0.274679 0.830790
1642661831.531115 -0.054519 -0.209093 -0.032719 -0.478434 0.147864 0.265007 0.824020
1642661831.564448 -0.048832 -0.207545 -0.055512 -0.490025 0.159826 0.252843 0.818780
1642661831.597781 -0.042593 -0.213444 -0.071488 -0.494549 0.170541 0.243824 0.816632
1642661831.631114 -0.034138 -0.226290 -0.085088 -0.496025 0.183819 0.235650 0.815254
1642661831.664448 -0.024505 -0.243187 -0.094099 -0.492789 0.197457 0.229151 0.815880
1642661831.697781 -0.013429 -0.263543 -0.099373 -0.486027 0.210947 0.222069 0.818514
1642661831.731115 -0.002493 -0.283977 -0.100895 -0.476772 0.221444 0.212573 0.823689
1642661831.764448 0.077316 -0.420521 -0.063778 -0.458853 0.236020 0.204294 0.831873
1642661831.797781 0.093070 -0.449943 -0.056676 -0.441285 0.242650 0.187642 0.843315
1642661831.831115 0.119591 -0.530806 -0.000888 -0.427590 0.247843 0.179742 0.850549
1642661831.864448 0.134246 -0.564692 0.010611 -0.399728 0.248104 0.160508 0.867698
1642661831.897781 0.154423 -0.599634 0.037324 -0.370522 0.249382 0.142705 0.883265
1642661831.931115 0.167508 -0.628041 0.057516 -0.339323 0.247219 0.129622 0.898299
1642661831.964448 0.190247 -0.665448 0.075904 -0.297416 0.243587 0.119097 0.915437
1642661831.997781 0.201252 -0.690636 0.099723 -0.257710 0.240253 0.113544 0.928963
1642661832.031115 0.210629 -0.716269 0.125527 -0.212376 0.236826 0.112390 0.941370
1642661832.064448 0.218992 -0.734980 0.149560 -0.165292 0.232485 0.116821 0.951305
1642661832.097781 0.204099 -0.709347 0.160103 -0.115186 0.227183 0.122856 0.959180
1642661832.131114 0.209490 -0.719273 0.178288 -0.071578 0.225049 0.137715 0.961907
1642661832.164448 0.206703 -0.719937 0.183665 -0.017858 0.221546 0.158650 0.961992
1642661832.197781 0.210782 -0.721732 0.197408 0.024349 0.222013 0.181373 0.957717
1642661832.231115 0.213848 -0.720855 0.205607 0.066873 0.223362 0.206310 0.950302
1642661832.264448 0.215863 -0.711876 0.214904 0.099806 0.228181 0.228532 0.941141
1642661832.297781 0.220966 -0.698114 0.223750 0.126076 0.235677 0.248808 0.930943
1642661832.331115 0.220879 -0.681503 0.228269 0.145815 0.244220 0.262688 0.922003
1642661832.364448 0.202199 -0.651635 0.232108 0.166736 0.257776 0.271005 0.912309
1642661832.397781 0.202195 -0.631864 0.226517 0.181736 0.270700 0.281659 0.902420
1642661832.431115 0.177860 -0.587738 0.180608 0.200153 0.283058 0.280460 0.895075
1642661832.464448 0.175323 -0.565042 0.169585 0.212501 0.303448 0.288696 0.882846
1642661832.497781 0.177542 -0.556826 0.130910 0.229521 0.323434 0.294753 0.869386
1642661832.531115 0.174832 -0.539695 0.114488 0.238577 0.346877 0.298254 0.856622
1642661832.564448 0.170314 -0.520395 0.091376 0.246978 0.377144 0.299185 0.840983
1642661832.597781 0.164909 -0.505416 0.069345 0.249903 0.404770 0.296301 0.828200
1642661832.631114 0.174554 -0.514115 0.039268 0.253978 0.435627 0.290434 0.813248
1642661832.664448 0.168202 -0.505386 0.013894 0.247816 0.463973 0.282605 0.802154
1642661832.697781 0.167266 -0.500820 -0.013624 0.239630 0.487840 0.269674 0.794900
1642661832.731115 0.163435 -0.499492 -0.033959 0.223528 0.505607 0.256503 0.792845
1642661832.764448 0.176104 -0.498071 -0.053433 0.204485 0.522912 0.237882 0.792566
1642661832.797781 0.178477 -0.505299 -0.069713 0.188026 0.529010 0.219395 0.797910
1642661832.831115 0.184871 -0.518828 -0.083931 0.173674 0.529081 0.198517 0.806537
1642661832.864448 0.194443 -0.536600 -0.093098 0.165449 0.522281 0.179419 0.817103
1642661832.897781 0.207825 -0.546915 -0.088751 0.164743 0.509240 0.157731 0.829853
1642661832.931115 0.220682 -0.568313 -0.086891 0.160848 0.493838 0.140810 0.842867
1642661832.964448 0.229078 -0.600962 -0.065014 0.156995 0.469556 0.121963 0.860230
1642661832.997781 0.241992 -0.625436 -0.053133 0.156907 0.444296 0.106341 0.875599
1642661833.031115 0.238883 -0.663269 -0.011500 0.155625 0.412875 0.095819 0.892263
1642661833.064448 0.248079 -0.687096 0.008205 0.157982 0.381053 0.087106 0.906782
1642661833.097781 0.244940 -0.711050 0.032894 0.157432 0.344709 0.084883 0.921513
1642661833.131114 0.247172 -0.727725 0.051371 0.161718 0.314341 0.084614 0.931599
1642661833.164448 0.217542 -0.745134 0.070039 0.165066 0.272701 0.091555 0.943401
1642661833.197781 0.213688 -0.754640 0.087883 0.167517 0.243585 0.106300 0.949371
1642661833.231115 0.205858 -0.757420 0.103578 0.163848 0.210950 0.134900 0.954178
1642661833.264448 0.198049 -0.756935 0.119029 0.159428 0.187114 0.158285 0.956304
1642661833.297781 0.210571 -0.756048 0.121014 0.148336 0.166888 0.191907 0.955676
1642661833.331115 0.202197 -0.746375 0.130940 0.132832 0.153926 0.212152 0.955852
1642661833.364448 0.194111 -0.727991 0.129078 0.106067 0.140413 0.236939 0.955455
1642661833.397781 0.183420 -0.708249 0.133740 0.076207 0.135251 0.254577 0.954510
1642661833.431115 0.175302 -0.683863 0.138255 0.038031 0.137626 0.273415 0.951240
1642661833.464448 0.165120 -0.657656 0.134069 0.000426 0.143999 0.290477 0.945985
1642661833.497781 0.165788 -0.612348 0.114612 -0.039318 0.156137 0.301897 0.939646
1642661833.531115 0.159547 -0.587717 0.101049 -0.071471 0.172319 0.308320 0.932811
1642661833.564448 0.155617 -0.550704 0.072179 -0.105482 0.193707 0.312665 0.923900
1642661833.597781 0.152555 -0.529600 0.049194 -0.130050 0.217474 0.309635 0.916470
1642661833.631114 0.147928 -0.506719 0.018660 -0.147780 0.248514 0.299809 0.909130
1642661833.664448 0.148387 -0.491196 -0.009525 -0.161507 0.278038 0.291920 0.900774
1642661833.697781 0.149675 -0.478510 -0.036485 -0.172034 0.308575 0.282220 0.891929
1642661833.731115 0.150644 -0.469353 -0.057386 -0.180027 0.333495 0.270499 0.884987
1642661833.764448 0.154584 -0.448940 -0.061330 -0.188314 0.367223 0.251157 0.875560
1642661833.797781 0.154599 -0.444266 -0.070994 -0.192111 0.382165 0.233999 0.873091
1642661833.831115 0.164207 -0.444980 -0.075088 -0.195467 0.389545 0.223471 0.871842
1642661833.864448 0.159860 -0.446226 -0.069135 -0.189790 0.393016 0.212280 0.874332
1642661833.897781 0.151404 -0.451666 -0.054845 -0.177268 0.391093 0.204965 0.879552
1642661833.931115 0.139357 -0.460784 -0.035301 -0.158953 0.383714 0.203062 0.886715
1642661833.964448 0.116380 -0.441008 -0.032207 -0.135092 0.367600 0.199386 0.898257
1642661833.997781 0.099093 -0.450553 -0.011577 -0.114285 0.352294 0.206722 0.905590
1642661834.031115 0.073120 -0.470276 0.014925 -0.088964 0.329967 0.216696 0.914467
1642661834.064448 0.051934 -0.478873 0.033925 -0.068982 0.307272 0.225017 0.922059
1642661834.097781 0.016703 -0.514345 0.069481 -0.048895 0.281644 0.238841 0.928031
1642661834.131114 0.000075 -0.517011 0.083930 -0.037519 0.258826 0.243701 0.933922
1642661834.164448 -0.011837 -0.531967 0.110533 -0.027388 0.236443 0.248867 0.938834
1642661834.197781 -0.021282 -0.525466 0.124008 -0.023212 0.216290 0.247250 0.944218
1642661834.231115 -0.027023 -0.513819 0.137202 -0.021237 0.197916 0.242314 0.949559
1642661834.264448 -0.027738 -0.499402 0.147544 -0.022106 0.185548 0.237493 0.953247
1642661834.297781 -0.023239 -0.480747 0.156045 -0.026098 0.177586 0.234943 0.955293
1642661834.331115 -0.014010 -0.461193 0.161367 -0.031642 0.176964 0.234447 0.955362
1642661834.364448 -0.003876 -0.444839 0.163047 -0.038073 0.182315 0.235198 0.953936
1642661834.397781 0.010022 -0.426090 0.162077 -0.044820 0.189839 0.236822 0.951771
1642661834.431114 0.028014 -0.405746 0.157686 -0.053292 0.202118 0.240251 0.947939
1642661834.464448 0.046186 -0.386944 0.150473 -0.062325 0.215764 0.242201 0.943875
1642661834.497781 0.064028 -0.369656 0.141903 -0.073540 0.231237 0.240736 0.939770
1642661834.531115 0.077698 -0.356933 0.134817 -0.085782 0.244523 0.233904 0.937091
1642661834.564448 0.089676 -0.346256 0.128396 -0.099122 0.256140 0.221116 0.935775
1642661834.597781 0.095066 -0.342152 0.125605 -0.109477 0.261042 0.209911 0.935847
1642661834.631114 0.119351 -0.321147 0.125464 -0.127527 0.268239 0.200085 0.933676
1642661834.664448 0.117937 -0.326331 0.127894 -0.134854 0.265766 0.196941 0.934022
1642661834.697781 0.111829 -0.338214 0.132093 -0.139157 0.257392 0.197677 0.935579
1642661834.731115 0.102908 -0.354678 0.136639 -0.142123 0.245451 0.202146 0.937386
1642661834.764448 0.095276 -0.370533 0.139571 -0.144722 0.232696 0.208790 0.938784
1642661834.797781 0.086191 -0.390694 0.141985 -0.149638 0.218087 0.216364 0.939805
1642661834.831115 0.077163 -0.414461 0.143475 -0.156244 0.202709 0.224103 0.940359
1642661834.864448 0.069691 -0.441869 0.144280 -0.159402 0.186666 0.230975 0.941487
1642661834.897781 0.054488 -0.511805 0.168058 -0.148632 0.180567 0.238766 0.942494
1642661834.931114 0.053699 -0.537447 0.168429 -0.136277 0.176217 0.243423 0.943992
1642661834.964448 0.057211 -0.570270 0.168942 -0.110756 0.175583 0.250386 0.945627
1642661834.997781 0.065073 -0.601297 0.168494 -0.077387 0.180387 0.258744 0.945793
1642661835.031115 0.073636 -0.624232 0.166919 -0.046423 0.189094 0.266383 0.943996
1642661835.064448 0.086593 -0.649952 0.162825 -0.007155 0.201992 0.273566 0.940377
1642661835.097781 0.102481 -0.674073 0.155827 0.037366 0.219137 0.276588 0.934923
1642661835.131114 0.118740 -0.694362 0.146627 0.082834 0.238478 0.273682 0.928098
1642661835.164448 0.140558 -0.717451 0.131045 0.143678 0.265263 0.265973 0.915560
1642661835.197781 0.159956 -0.735853 0.112811 0.202908 0.291874 0.256084 0.898921
1642661835.231115 0.180698 -0.754013 0.087957 0.269696 0.322446 0.246154 0.873327
1642661835.264448 0.197646 -0.767738 0.060746 0.331598 0.350300 0.239941 0.842473
1642661835.297781 0.210041 -0.776308 0.032846 0.385207 0.374654 0.236108 0.809632
1642661835.331115 0.216192 -0.778833 0.009904 0.419526 0.392787 0.232601 0.784610
1642661835.364448 0.218045 -0.775743 -0.012270 0.444531 0.413632 0.224878 0.762057
1642661835.397781 0.216145 -0.769025 -0.024249 0.445861 0.431521 0.213836 0.754501
1642661835.431114 0.211841 -0.759308 -0.029687 0.433679 0.449257 0.198289 0.755495
1642661835.464448 0.206911 -0.750209 -0.028432 0.412688 0.458465 0.184312 0.765198
1642661835.497781 0.202248 -0.743201 -0.022565 0.390116 0.456860 0.175769 0.779868
1642661835.531115 0.198862 -0.739648 -0.014603 0.373325 0.443897 0.175171 0.795549
1642661835.564448 0.196320 -0.738762 -0.002410 0.356391 0.418912 0.181382 0.815230
1642661835.597781 0.196235 -0.740611 0.009210 0.344792 0.389395 0.192696 0.832081
1642661835.631114 0.198482 -0.744417 0.022424 0.332760 0.354381 0.206464 0.849151
1642661835.664448 0.202845 -0.748218 0.034772 0.320302 0.322410 0.217299 0.863852
1642661835.697781 0.209179 -0.751039 0.046249 0.304775 0.295750 0.223342 0.877361
1642661835.731115 0.216070 -0.752238 0.055186 0.286420 0.279165 0.222509 0.889112
1642661835.764448 0.225587 -0.751630 0.063210 0.259842 0.265832 0.217302 0.902549
1642661835.797781 0.234757 -0.749341 0.065942 0.234218 0.262152 0.211635 0.911937
1642661835.831115 0.245609 -0.745599 0.063337 0.206837 0.264430 0.206363 0.919081
1642661835.864448 0.256049 -0.741635 0.055073 0.184055 0.273950 0.201846 0.922135
1642661835.897781 0.265813 -0.738017 0.041881 0.164954 0.290483 0.195005 0.922162
1642661835.931114 0.272921 -0.735503 0.026616 0.151203 0.311457 0.184257 0.919881
1642661835.964448 0.278214 -0.733406 0.004409 0.137998 0.340275 0.167251 0.914984
1642661835.997781 0.278683 -0.732198 -0.016997 0.131655 0.366837 0.151436 0.908386
1642661836.031115 0.273819 -0.730907 -0.041814 0.128924 0.394450 0.137687 0.899350
1642661836.064448 0.263012 -0.729441 -0.064893 0.129821 0.415874 0.132766 0.890263
1642661836.097781 0.246643 -0.726746 -0.085881 0.131810 0.432340 0.136887 0.881459
1642661836.131114 0.228177 -0.722765 -0.101474 0.133367 0.441478 0.146066 0.875200
1642661836.164448 0.202761 -0.715176 -0.114501 0.132571 0.448158 0.159599 0.869544
1642661836.197781 0.180639 -0.705562 -0.119129 0.126500 0.449810 0.173874 0.866854
1642661836.231115 0.157056 -0.691303 -0.117339 0.115081 0.447448 0.190303 0.866217
1642661836.264448 0.136421 -0.674342 -0.109234 0.098462 0.440391 0.205512 0.868404
1642661836.297781 0.118020 -0.655115 -0.095962 0.078843 0.428753 0.220695 0.872495
1642661836.331115 0.103052 -0.636895 -0.080803 0.060767 0.413482 0.233405 0.877987
1642661836.364448 0.086159 -0.614188 -0.059763 0.040673 0.390512 0.246952 0.885924
1642661836.397781 0.072475 -0.594651 -0.041186 0.027153 0.366917 0.256083 0.893899
1642661836.431114 0.058141 -0.573002 -0.021492 0.017048 0.339644 0.263878 0.902618
1642661836.464448 0.045491 -0.551971 -0.004802 0.012659 0.313388 0.271366 0.909938
1642661836.497781 0.033861 -0.529785 0.009172 0.009990 0.288066 0.278142 0.916273
1642661836.531115 0.023909 -0.507951 0.018732 0.006308 0.267363 0.277431 0.922773
1642661836.564448 0.012263 -0.478669 0.025871 0.000515 0.244579 0.267814 0.931910
1642661836.597781 0.002983 -0.451188 0.027425 -0.008228 0.228207 0.251549 0.940520
1642661836.631114 -0.006176 -0.418742 0.024282 -0.025331 0.213738 0.231110 0.948822
1642661836.664448 -0.013844 -0.385901 0.016832 -0.051896 0.204595 0.209844 0.954680
1642661836.697781 -0.020093 -0.352086 0.005639 -0.088855 0.201543 0.192213 0.956316
1642661836.731115 -0.024376 -0.322317 -0.007600 -0.128305 0.204813 0.181766 0.953179
1642661836.764448 -0.028424 -0.288338 -0.027244 -0.179239 0.215288 0.171360 0.944542
1642661836.797781 -0.032848 -0.263232 -0.046499 -0.225374 0.228316 0.158742 0.933745
1642661836.831115 -0.040414 -0.242144 -0.069206 -0.272107 0.240718 0.139097 0.921230
1642661836.864448 -0.051473 -0.230097 -0.090779 -0.307172 0.247446 0.117331 0.911400
1642661836.897781 -0.063543 -0.222709 -0.105635 -0.332648 0.250932 0.105905 0.902864
1642661836.931114 -0.079327 -0.223528 -0.119190 -0.347542 0.256929 0.109607 0.895091
1642661836.964448 -0.101790 -0.228666 -0.130925 -0.361810 0.265119 0.125129 0.884957
1642661836.997781 -0.123498 -0.233856 -0.137340 -0.374349 0.271203 0.146976 0.874477
1642661837.031115 -0.149116 -0.238016 -0.141923 -0.393505 0.275313 0.172848 0.859930
1642661837.064448 -0.173809 -0.238344 -0.145189 -0.419628 0.272744 0.194774 0.843555
1642661837.097781 -0.197621 -0.234402 -0.148022 -0.449605 0.259961 0.206164 0.829320
1642661837.131114 -0.217515 -0.227770 -0.150784 -0.478872 0.236231 0.204088 0.820503
1642661837.164448 -0.125288 -0.089342 -0.056776 -0.521418 0.193205 0.203441 0.805857
1642661837.197781 -0.140385 -0.075629 -0.061631 -0.546331 0.153193 0.186997 0.801927
1642661837.231115 -0.148154 -0.057484 -0.055257 -0.567123 0.110942 0.173137 0.797550
1642661837.264448 -0.153873 -0.040236 -0.054001 -0.583850 0.075515 0.160595 0.792229
1642661837.297781 -0.134008 -0.047887 -0.041198 -0.594203 0.046018 0.153434 0.788202
1642661837.331115 -0.124073 -0.035555 -0.038021 -0.599729 0.026971 0.143231 0.786818
1642661837.364448 -0.117989 -0.027691 -0.040436 -0.599400 0.010374 0.129850 0.789779
1642661837.397781 -0.106770 -0.021313 -0.037427 -0.596175 0.007830 0.119530 0.793868
1642661837.431114 -0.093346 -0.051487 -0.050883 -0.584352 0.009451 0.109845 0.803976
1642661837.464448 -0.076311 -0.051936 -0.049582 -0.571442 0.024723 0.100877 0.814043
1642661837.497781 -0.058119 -0.065235 -0.056170 -0.554278 0.045890 0.093690 0.825768
1642661837.531115 -0.040650 -0.070323 -0.057815 -0.536905 0.072153 0.089228 0.835802
1642661837.564448 -0.032670 -0.089132 -0.060643 -0.514523 0.108369 0.083940 0.846449
1642661837.597781 -0.017585 -0.097621 -0.066363 -0.496585 0.140634 0.077186 0.853034
1642661837.631114 -0.009308 -0.100850 -0.055640 -0.478243 0.179336 0.068390 0.856998
1642661837.664448 -0.001425 -0.110461 -0.062716 -0.456968 0.209395 0.059684 0.862422
1642661837.697781 0.009429 -0.109659 -0.063516 -0.433665 0.233594 0.054855 0.868538
1642661837.731115 0.008612 -0.117344 -0.065133 -0.408523 0.251664 0.057605 0.875475
1642661837.764448 -0.005242 -0.119000 -0.057527 -0.376066 0.269127 0.067241 0.884095
1642661837.797781 -0.012744 -0.124581 -0.048646 -0.341738 0.277119 0.081255 0.894325
1642661837.831115 -0.024662 -0.135309 -0.021662 -0.300746 0.281863 0.096898 0.905934
1642661837.864448 -0.034013 -0.140570 -0.002212 -0.261353 0.278168 0.109210 0.917818
1642661837.897781 -0.038201 -0.161131 0.025933 -0.218987 0.270996 0.116797 0.930035
1642661837.931114 -0.044357 -0.167731 0.046281 -0.184842 0.262828 0.118490 0.939529
1642661837.964448 -0.047044 -0.183145 0.065776 -0.143204 0.250763 0.115654 0.950387
1642661837.997781 -0.049577 -0.191917 0.084334 -0.110872 0.241987 0.110243 0.957599
1642661838.031115 -0.051134 -0.208683 0.100767 -0.075825 0.231189 0.103180 0.964446
1642661838.064448 -0.048589 -0.219048 0.113045 -0.043429 0.223124 0.101076 0.968562
1642661838.097781 -0.038961 -0.230679 0.132510 -0.014323 0.219320 0.107501 0.969607
1642661838.131114 -0.030955 -0.238450 0.135960 0.010571 0.217015 0.118745 0.968861
1642661838.164448 -0.026118 -0.269112 0.078279 0.046188 0.208183 0.131047 0.968170
1642661838.197781 -0.011701 -0.272707 0.072359 0.061002 0.216116 0.139331 0.964448
1642661838.231115 0.006598 -0.272719 0.062896 0.069498 0.232334 0.140536 0.959917
1642661838.264448 0.025363 -0.269631 0.051329 0.069947 0.255154 0.133907 0.955025
1642661838.297781 0.056402 -0.327175 0.030074 0.068604 0.282689 0.121765 0.948975
1642661838.331115 0.071532 -0.325663 0.016126 0.058814 0.309539 0.108221 0.942876
1642661838.364448 0.094639 -0.285601 0.028545 0.035240 0.342676 0.097282 0.933739
1642661838.397781 0.101811 -0.287078 0.016297 0.025055 0.363775 0.081554 0.927572
1642661838.431114 0.100386 -0.273689 0.016523 0.015810 0.383088 0.065681 0.921238
1642661838.464448 0.098190 -0.281426 0.009649 0.014650 0.392743 0.057393 0.917739
1642661838.497781 0.090904 -0.293658 0.006050 0.017684 0.396846 0.056492 0.915975
1642661838.531115 0.080028 -0.308514 0.006228 0.023087 0.394458 0.063598 0.916420
1642661838.564448 0.065036 -0.327859 0.010257 0.030016 0.385594 0.076674 0.918987
1642661838.597781 0.048993 -0.348678 0.017219 0.036501 0.373339 0.091057 0.922494
1642661838.631114 0.058225 -0.396161 0.066211 0.035622 0.361890 0.104948 0.925609
1642661838.664448 0.044975 -0.416130 0.074776 0.040353 0.347531 0.114943 0.929721
1642661838.697781 -0.002869 -0.419291 -0.005941 0.056456 0.322240 0.118092 0.937565
1642661838.731115 -0.011769 -0.434601 -0.002633 0.059268 0.312099 0.125681 0.939833
1642661838.764448 -0.017966 -0.448298 -0.000438 0.061975 0.303467 0.133580 0.941394
1642661838.797781 -0.019284 -0.458221 0.000332 0.065073 0.296691 0.141484 0.942190
1642661838.831115 -0.045165 -0.461915 -0.033701 0.071281 0.286452 0.147885 0.943925
1642661838.864448 -0.035902 -0.460933 -0.035623 0.072984 0.288307 0.154454 0.942176
1642661838.897781 -0.020053 -0.453561 -0.038211 0.073056 0.295421 0.159541 0.939115
1642661838.931114 -0.000558 -0.440746 -0.041101 0.070186 0.306358 0.161047 0.935565
1642661838.964448 0.033255 -0.432609 -0.062231 0.063483 0.317827 0.164121 0.931676
1642661838.997781 0.053991 -0.414590 -0.066369 0.053669 0.332575 0.158698 0.928078
1642661839.031115 0.078936 -0.392238 -0.021796 0.034055 0.360891 0.147635 0.920218
1642661839.064448 0.097780 -0.369734 -0.026223 0.016202 0.377193 0.139708 0.915393
1642661839.097781 0.120581 -0.355747 -0.017521 -0.005443 0.392374 0.130199 0.910528
1642661839.131114 0.127582 -0.339962 -0.016902 -0.021733 0.399962 0.118382 0.908595
1642661839.164448 0.125518 -0.337478 0.016336 -0.038876 0.408351 0.104044 0.906043
1642661839.197781 0.117878 -0.328829 0.023700 -0.043509 0.403644 0.099248 0.908476
1642661839.231114 0.102240 -0.323091 0.034030 -0.039867 0.392312 0.103084 0.913168
1642661839.264448 0.078388 -0.319641 0.047544 -0.029017 0.374009 0.115903 0.919697
1642661839.297781 0.043155 -0.317200 0.073232 -0.016458 0.358505 0.124446 0.925049
1642661839.331115 0.020878 -0.313743 0.086610 -0.005648 0.336325 0.138184 0.931536
1642661839.364448 -0.016824 -0.337782 0.080611 0.004807 0.294728 0.164237 0.941349
1642661839.397781 -0.038035 -0.332207 0.095790 0.011134 0.268818 0.172870 0.947486
1642661839.431114 -0.069216 -0.334248 0.122905 0.013368 0.240859 0.182427 0.953168
1642661839.464448 -0.084589 -0.323748 0.138737 0.014290 0.218365 0.180294 0.958961
1642661839.497781 -0.104932 -0.294716 0.173544 0.014251 0.204813 0.165620 0.964582
1642661839.531115 -0.110391 -0.281004 0.184866 0.013918 0.190957 0.157105 0.968845
1642661839.564448 -0.124526 -0.250356 0.190285 0.014522 0.178114 0.139810 0.973919
1642661839.597781 -0.121098 -0.233751 0.196427 0.013826 0.170048 0.128824 0.976881
1642661839.631114 -0.112537 -0.214973 0.199595 0.012865 0.165116 0.116644 0.979268
1642661839.664448 -0.098188 -0.193932 0.198053 0.011152 0.163159 0.104183 0.981020
1642661839.697781 -0.093852 -0.169994 0.195924 0.008246 0.170525 0.093489 0.980874
1642661839.731114 -0.064351 -0.155740 0.188202 0.002057 0.180091 0.092039 0.979332
1642661839.764448 -0.071441 -0.151112 0.132895 -0.001321 0.184700 0.074967 0.979931
1642661839.797781 -0.051223 -0.136101 0.118906 -0.013528 0.204326 0.067572 0.976474
1642661839.831115 -0.038688 -0.141215 0.086935 -0.029933 0.222607 0.051905 0.973065
1642661839.864448 -0.025346 -0.130154 0.074896 -0.052962 0.247019 0.024632 0.967248
1642661839.897781 0.000945 -0.125121 0.077936 -0.078971 0.264807 -0.001350 0.961061
1642661839.931114 -0.002897 -0.124060 0.077376 -0.094349 0.268327 -0.023817 0.958401
1642661839.964448 0.005016 -0.078291 0.109568 -0.111255 0.274537 -0.032708 0.954559
1642661839.997781 -0.014309 -0.083738 0.101050 -0.111816 0.258037 -0.026226 0.959284
1642661840.031115 -0.003345 -0.026597 0.123276 -0.119019 0.246141 0.002091 0.961896
1642661840.064448 -0.022907 -0.015940 0.136416 -0.125709 0.225260 0.030546 0.965672
1642661840.097781 -0.109412 -0.004785 0.127766 -0.133494 0.192918 0.041808 0.971192
1642661840.131114 -0.130958 0.011337 0.140306 -0.152161 0.169817 0.059080 0.971863
1642661840.164448 -0.141113 0.010705 0.121839 -0.176837 0.131281 0.071908 0.972791
1642661840.197781 -0.161651 0.034103 0.129604 -0.205685 0.104914 0.074179 0.970146
1642661840.231114 -0.208135 0.041435 0.142621 -0.240717 0.075992 0.067853 0.965234
1642661840.264448 -0.224769 0.070395 0.140587 -0.274780 0.051763 0.062033 0.958107
1642661840.297781 -0.208734 0.056887 0.153240 -0.309173 0.036560 0.064480 0.948113
1642661840.331115 -0.212342 0.083739 0.151890 -0.339627 0.026466 0.065907 0.937875
1642661840.364448 -0.189396 0.072618 0.124044 -0.372824 0.024013 0.074736 0.924575
1642661840.397781 -0.187558 0.093966 0.105834 -0.400157 0.026927 0.082506 0.912328
1642661840.431114 -0.178532 0.104354 0.074734 -0.426896 0.038161 0.091509 0.898849
1642661840.464448 -0.178220 0.140412 0.048226 -0.451813 0.052225 0.095936 0.885401
1642661840.497781 -0.165995 0.148767 0.038051 -0.473695 0.076546 0.095237 0.872172
1642661840.531115 -0.150148 0.157103 0.013975 -0.490929 0.093435 0.084851 0.862009
1642661840.564448 -0.131997 0.163242 -0.006881 -0.511636 0.111318 0.067723 0.849264
1642661840.597781 -0.114514 0.158269 -0.040077 -0.524406 0.124067 0.045364 0.841159
1642661840.631114 -0.091098 0.173084 -0.047795 -0.538545 0.144288 0.018490 0.829945
1642661840.664448 -0.071017 0.160875 -0.065617 -0.546937 0.160515 -0.003791 0.821633
1642661840.697781 -0.052221 0.143432 -0.078790 -0.549320 0.176302 -0.022560 0.816490
1642661840.731114 -0.036793 0.124361 -0.086736 -0.547096 0.191403 -0.036040 0.814096
1642661840.764448 -0.020409 0.098038 -0.091852 -0.541216 0.209251 -0.051463 0.812804
1642661840.797781 -0.008867 0.074221 -0.092412 -0.532402 0.222550 -0.064335 0.814175
1642661840.831115 0.000997 0.048692 -0.088745 -0.519666 0.234526 -0.078202 0.817820
1642661840.864448 0.006945 0.027319 -0.081421 -0.505183 0.241356 -0.090796 0.823585
1642661840.897781 0.009157 0.010390 -0.070711 -0.489600 0.243790 -0.099887 0.831193
1642661840.931114 0.008090 0.000033 -0.058527 -0.476116 0.242697 -0.103045 0.838924
1642661840.964448 0.002784 -0.006214 -0.040075 -0.460039 0.237146 -0.101781 0.849569
1642661840.997781 -0.006224 -0.005508 -0.020074 -0.445423 0.226404 -0.095368 0.860956
1642661841.031115 -0.064061 0.036545 0.103753 -0.457460 0.211465 -0.062748 0.861438
1642661841.064448 -0.077568 0.048601 0.127000 -0.445328 0.194296 -0.047047 0.872765
1642661841.097781 -0.087114 0.089678 0.111933 -0.425859 0.172845 -0.040488 0.887203
1642661841.131114 -0.101805 0.100754 0.134689 -0.413167 0.154892 -0.022376 0.897107
1642661841.164448 -0.121808 0.109109 0.154611 -0.392159 0.132118 -0.003079 0.910355
1642661841.197781 -0.136224 0.114868 0.179742 -0.372548 0.116326 0.014962 0.920572
1642661841.231114 -0.150229 0.121237 0.203356 -0.344128 0.102534 0.026854 0.932921
1642661841.264448 -0.160602 0.118219 0.228159 -0.318405 0.093507 0.043336 0.942336
1642661841.297781 -0.171335 0.074659 0.239531 -0.282265 0.084230 0.068719 0.953157
1642661841.331115 -0.173539 0.063774 0.257626 -0.254596 0.084937 0.081797 0.959831
1642661841.364448 -0.177055 0.060047 0.248744 -0.220668 0.088446 0.087114 0.967416
1642661841.397781 -0.172406 0.044959 0.261334 -0.189910 0.098480 0.097749 0.971947
1642661841.431114 -0.155111 0.036345 0.277214 -0.150508 0.121040 0.095453 0.976517
1642661841.464448 -0.143438 0.016887 0.282377 -0.119265 0.138258 0.098650 0.978227
1642661841.497781 -0.130460 0.004512 0.268652 -0.091594 0.156165 0.092827 0.979084
1642661841.531115 -0.116460 -0.013083 0.265543 -0.067278 0.175813 0.089996 0.977990
1642661841.564448 -0.086662 -0.030740 0.245829 -0.039712 0.201980 0.077742 0.975491
1642661841.597781 -0.070323 -0.046993 0.235731 -0.017961 0.226090 0.072086 0.971269
1642661841.631114 -0.046375 -0.060250 0.212510 0.003768 0.253095 0.061322 0.965489
1642661841.664448 -0.032474 -0.072855 0.197887 0.021311 0.278950 0.054402 0.958527
1642661841.697781 -0.014634 -0.089777 0.183394 0.037173 0.303675 0.052344 0.950610
1642661841.731114 -0.007327 -0.096782 0.169712 0.049878 0.322463 0.051447 0.943866
1642661841.764448 -0.001727 -0.087893 0.154108 0.062773 0.340665 0.051242 0.936686
1642661841.797781 -0.000385 -0.088944 0.143209 0.073278 0.354052 0.055508 0.930697
1642661841.831115 -0.002445 -0.084621 0.135480 0.082509 0.365427 0.062509 0.925066
1642661841.864448 -0.006041 -0.080710 0.130775 0.089027 0.373700 0.070946 0.920537
1642661841.897781 -0.011329 -0.075464 0.130129 0.092214 0.379219 0.080632 0.917163
1642661841.931114 -0.016895 -0.070495 0.132912 0.093738 0.381241 0.090477 0.915250
1642661841.964448 -0.024151 -0.064973 0.140162 0.094302 0.379442 0.104186 0.914481
1642661841.997781 -0.030314 -0.061241 0.149079 0.092749 0.373044 0.116945 0.915729
1642661842.031115 -0.029655 -0.071491 0.165919 0.092161 0.361841 0.128095 0.918787
1642661842.064448 -0.034939 -0.071763 0.178429 0.086447 0.347432 0.135669 0.923803
1642661842.097781 -0.037300 -0.091309 0.192631 0.083207 0.331092 0.137074 0.929874
1642661842.131114 -0.041081 -0.095400 0.203279 0.077045 0.315250 0.133527 0.936404
1642661842.164448 -0.048572 -0.105050 0.220852 0.068904 0.295250 0.127588 0.944352
1642661842.197781 -0.051785 -0.110893 0.229407 0.064824 0.279058 0.116760 0.950942
1642661842.231114 -0.055379 -0.116325 0.238052 0.060569 0.262884 0.105991 0.957073
1642661842.264448 -0.056426 -0.123268 0.243975 0.057600 0.251332 0.097483 0.961255
1642661842.297781 -0.055920 -0.130250 0.248515 0.055059 0.243811 0.091911 0.963887
1642661842.331115 -0.054110 -0.136286 0.251499 0.053227 0.240880 0.088830 0.965014
1642661842.364448 -0.050226 -0.143256 0.253814 0.051079 0.240106 0.084968 0.965671
1642661842.397781 -0.045137 -0.148907 0.254556 0.049708 0.241612 0.079583 0.965826
1642661842.431114 -0.039233 -0.153459 0.254066 0.048727 0.244814 0.073342 0.965563
1642661842.464448 -0.032037 -0.157825 0.252380 0.047306 0.249488 0.065351 0.965011
1642661842.497781 -0.052816 -0.121426 0.205921 0.043032 0.252844 0.055234 0.964970
1642661842.531115 -0.048178 -0.122610 0.202161 0.041919 0.257691 0.049583 0.964043
1642661842.564448 -0.042409 -0.124475 0.196934 0.040616 0.263844 0.044909 0.962663
1642661842.597781 -0.037123 -0.126582 0.191710 0.039892 0.269267 0.042955 0.961280
1642661842.631114 -0.020587 -0.079326 0.176766 0.032848 0.272195 0.045424 0.960608
1642661842.664448 -0.015914 -0.078742 0.171466 0.032571 0.275672 0.045457 0.959624
1642661842.697781 -0.011121 -0.077990 0.165911 0.031756 0.279201 0.044738 0.958664
1642661842.731114 -0.006817 -0.077073 0.160920 0.030565 0.282071 0.042880 0.957947
1642661842.764448 -0.002311 -0.075821 0.155767 0.028894 0.284971 0.039871 0.957271
1642661842.797781 0.001882 -0.074460 0.151187 0.027304 0.287166 0.036123 0.956810
1642661842.831115 -0.040180 -0.102457 0.190486 0.029754 0.287847 0.033236 0.956637
