1642644846.995023 -0.044512 -0.025384 0.012682 -0.010949 0.078754 0.001001 0.996833
1642644848.328356 -0.046224 -0.022811 0.012518 -0.009505 0.076030 -0.028395 0.996656
1642644848.728356 -0.047849 -0.019869 0.012613 -0.008527 0.076196 -0.060380 0.995226
1642644849.061689 -0.048941 -0.017192 0.013464 -0.009442 0.083752 -0.088728 0.992484
1642644849.395022 -0.049381 -0.015235 0.015188 -0.007809 0.100914 -0.109717 0.988796
1642644849.728356 -0.048644 -0.015263 0.017828 0.001065 0.132188 -0.110966 0.984993
1642644849.995023 -0.047320 -0.016680 0.020197 0.009202 0.161019 -0.099141 0.981916
1642644851.128356 -0.043144 -0.031969 0.021884 0.081391 0.199187 -0.005437 0.976561
1642644852.061689 -0.048098 -0.029698 0.007591 0.095251 0.097604 -0.007879 0.990625
1642644853.328356 -0.048218 -0.023245 0.020019 -0.107811 0.105348 -0.005342 0.988560
1642644854.528356 -0.039317 -0.031686 0.027160 -0.120511 0.163282 0.088417 0.975192
1642644855.661689 -0.044573 -0.031075 0.020587 0.024988 0.170859 0.028205 0.984575
1642644855.861689 -0.047025 -0.028000 0.019315 0.030890 0.156254 0.003986 0.987226
1642644855.895022 -0.055133 -0.045123 0.020622 0.032391 0.154382 0.007076 0.987455
1642644855.928356 -0.055693 -0.045006 0.020197 0.033346 0.151334 0.004550 0.987910
1642644855.961689 -0.056303 -0.044970 0.019737 0.034070 0.148029 0.002773 0.988392
1642644855.995023 -0.056899 -0.044841 0.019266 0.034173 0.144685 0.000930 0.988887
1642644856.028356 -0.057491 -0.044647 0.018790 0.033730 0.141370 -0.000765 0.989382
1642644856.061689 -0.058184 -0.044442 0.018246 0.032996 0.137627 -0.002304 0.989932
1642644856.095022 -0.058873 -0.044186 0.017716 0.031797 0.134090 -0.003867 0.990451
1642644856.128356 -0.051215 -0.044310 0.017831 0.029604 0.130376 -0.004025 0.991014
1642644856.161689 -0.051664 -0.043853 0.017440 0.028296 0.127579 -0.004891 0.991413
1642644856.195022 -0.052082 -0.043276 0.017024 0.026132 0.124735 -0.006209 0.991826
1642644856.228356 -0.052488 -0.042567 0.016592 0.023628 0.121723 -0.007891 0.992251
1642644856.261689 -0.052874 -0.042019 0.016196 0.021324 0.119133 -0.008268 0.992615
1642644856.295022 -0.053310 -0.041639 0.015789 0.019063 0.116287 -0.007864 0.993002
1642644856.328356 -0.053839 -0.041309 0.015357 0.016775 0.113149 -0.007353 0.993409
1642644856.361689 -0.054565 -0.041044 0.014819 0.014416 0.109127 -0.005960 0.993905
1642644856.395022 -0.046407 -0.033137 0.021044 0.013235 0.107503 -0.007688 0.994087
1642644856.428356 -0.047031 -0.032774 0.020579 0.010954 0.103806 -0.005976 0.994519
1642644856.461689 -0.047554 -0.032456 0.020169 0.008474 0.100808 -0.003492 0.994864
1642644856.495023 -0.047918 -0.032260 0.019856 0.006385 0.098528 -0.000673 0.995114
1642644856.528356 -0.048161 -0.032285 0.019641 0.005166 0.096892 0.002605 0.995278
1642644856.561689 -0.048267 -0.032619 0.019526 0.004492 0.096107 0.007673 0.995331
1642644856.595022 -0.048269 -0.033018 0.019519 0.004091 0.096078 0.012736 0.995284
1642644856.628356 -0.048179 -0.033403 0.019541 0.003703 0.096335 0.017571 0.995187
1642644856.661689 -0.049475 -0.034668 0.018946 0.003471 0.097275 0.021125 0.995027
1642644856.695022 -0.049511 -0.034725 0.018870 0.002976 0.097160 0.023458 0.994988
1642644856.728356 -0.049542 -0.034668 0.018764 0.002570 0.096813 0.025471 0.994973
1642644856.761689 -0.049574 -0.034602 0.018661 0.002264 0.096539 0.027358 0.994951
1642644856.795022 -0.049673 -0.034637 0.018521 0.001845 0.095928 0.029905 0.994937
1642644856.828356 -0.049825 -0.034728 0.018374 0.001292 0.095216 0.033050 0.994907
1642644856.861689 -0.049994 -0.034899 0.018191 0.000361 0.094221 0.037279 0.994853
1642644856.895022 -0.050143 -0.035064 0.018041 -0.000571 0.093527 0.041544 0.994749
1642644856.928356 -0.050299 -0.035216 0.017863 -0.001690 0.092878 0.046258 0.994601
1642644856.961689 -0.050373 -0.035366 0.017733 -0.002688 0.092504 0.050609 0.994422
1642644856.995023 -0.049486 -0.040696 0.016718 -0.002417 0.092428 0.053977 0.994252
1642644857.028356 -0.049444 -0.041169 0.016645 -0.002850 0.092404 0.058509 0.993997
1642644857.061689 -0.049376 -0.041681 0.016564 -0.003529 0.092435 0.063820 0.993665
1642644857.095022 -0.049332 -0.042062 0.016466 -0.004315 0.092415 0.068445 0.993356
1642644857.128356 -0.049300 -0.042347 0.016353 -0.005595 0.092392 0.072581 0.993058
1642644857.161689 -0.049282 -0.042543 0.016231 -0.007331 0.092342 0.077056 0.992714
1642644857.195022 -0.049279 -0.042591 0.016099 -0.009492 0.092112 0.080738 0.992425
1642644857.228356 -0.049295 -0.042637 0.015946 -0.011700 0.091726 0.084800 0.992098
1642644857.261689 -0.049333 -0.045507 0.015917 -0.012706 0.091689 0.087260 0.991876
1642644857.295022 -0.049283 -0.045689 0.015840 -0.014089 0.091774 0.090761 0.991535
1642644857.328356 -0.049187 -0.045912 0.015758 -0.015392 0.091855 0.094693 0.991140
1642644857.361689 -0.048989 -0.046160 0.015712 -0.017042 0.092541 0.098875 0.990641
1642644857.395022 -0.048821 -0.046395 0.015699 -0.018530 0.093361 0.102950 0.990122
1642644857.428356 -0.048694 -0.046572 0.015682 -0.020302 0.094153 0.107307 0.989549
1642644857.461689 -0.048572 -0.046651 0.015667 -0.022095 0.095040 0.111134 0.989004
1642644857.495023 -0.048404 -0.046778 0.015682 -0.023915 0.096035 0.115595 0.988354
1642644857.528356 -0.046109 -0.052147 0.016944 -0.025157 0.097019 0.118337 0.987902
1642644857.561689 -0.045803 -0.052262 0.017096 -0.026951 0.098451 0.120933 0.987399
1642644857.595022 -0.045439 -0.052390 0.017304 -0.029002 0.100419 0.123858 0.986780
1642644857.628356 -0.045072 -0.052434 0.017511 -0.030978 0.102405 0.126164 0.986223
1642644857.661689 -0.044685 -0.052501 0.017729 -0.032915 0.104368 0.128625 0.985637
1642644857.695022 -0.044362 -0.052537 0.017923 -0.034872 0.106067 0.130922 0.985085
1642644857.728356 -0.044021 -0.052456 0.018106 -0.036711 0.107930 0.132287 0.984634
1642644857.761689 -0.043707 -0.052413 0.018273 -0.038248 0.109465 0.133354 0.984262
1642644857.795022 -0.043402 -0.052389 0.018439 -0.039741 0.110984 0.134355 0.983896
1642644857.828356 -0.043069 -0.052231 0.018623 -0.041415 0.112709 0.134755 0.983576
1642644857.861689 -0.041819 -0.052974 0.020132 -0.042717 0.114273 0.133621 0.983495
1642644857.895022 -0.041358 -0.052571 0.020376 -0.045648 0.117096 0.133042 0.983110
1642644857.928356 -0.040686 -0.051885 0.020695 -0.050119 0.121051 0.132022 0.982550
1642644857.961689 -0.040063 -0.051156 0.020961 -0.054528 0.124674 0.131026 0.981996
1642644857.995023 -0.039537 -0.050424 0.021164 -0.058883 0.127648 0.129964 0.981503
1642644858.028356 -0.039203 -0.049755 0.021268 -0.062757 0.129582 0.128769 0.981167
1642644858.061689 -0.040641 -0.046428 0.023031 -0.065675 0.130468 0.126453 0.981160
1642644858.095022 -0.040317 -0.045784 0.023211 -0.067924 0.131725 0.124570 0.981080
1642644858.128356 -0.039914 -0.045127 0.023434 -0.069846 0.133344 0.122235 0.981020
1642644858.161689 -0.039387 -0.044418 0.023705 -0.071869 0.135498 0.119314 0.980938
1642644858.195022 -0.038750 -0.043511 0.024000 -0.074373 0.138246 0.115372 0.980840
1642644858.228356 -0.037988 -0.042275 0.024294 -0.077453 0.141267 0.110379 0.980745
1642644858.261689 -0.039721 -0.041291 0.024254 -0.079709 0.143020 0.106272 0.980764
1642644858.295022 -0.039469 -0.040388 0.024337 -0.082172 0.144963 0.102989 0.980626
1642644858.328356 -0.039268 -0.039420 0.024391 -0.084729 0.146469 0.099164 0.980579
1642644858.361689 -0.039143 -0.038558 0.024423 -0.086903 0.147629 0.095374 0.980590
1642644858.395022 -0.039089 -0.037969 0.024460 -0.088280 0.148317 0.092502 0.980639
1642644858.428356 -0.039016 -0.037431 0.024521 -0.089098 0.148954 0.089729 0.980726
1642644858.461689 -0.038945 -0.036913 0.024582 -0.089638 0.149519 0.086655 0.980867
1642644858.495023 -0.038817 -0.036371 0.024647 -0.090048 0.150125 0.083188 0.981037
1642644858.528356 -0.038012 -0.033859 0.026050 -0.090429 0.150850 0.079534 0.981194
1642644858.561689 -0.037718 -0.033118 0.026192 -0.091106 0.151542 0.075730 0.981325
1642644858.595022 -0.037365 -0.032218 0.026347 -0.091888 0.152484 0.071332 0.981436
1642644858.628356 -0.037023 -0.031302 0.026481 -0.092926 0.153174 0.066925 0.981541
1642644858.661689 -0.036615 -0.030170 0.026618 -0.094329 0.154113 0.061729 0.981601
1642644858.695022 -0.036197 -0.028964 0.026722 -0.095710 0.155051 0.056271 0.981648
1642644858.728356 -0.039047 -0.027721 0.025520 -0.096099 0.155185 0.051759 0.981837
1642644858.761689 -0.039081 -0.026947 0.025510 -0.096442 0.155354 0.047745 0.981980
1642644858.795022 -0.039142 -0.026226 0.025524 -0.096230 0.155457 0.043875 0.982165
1642644858.828356 -0.039186 -0.025594 0.025576 -0.095643 0.155786 0.040168 0.982329
1642644858.861689 -0.039157 -0.024894 0.025641 -0.094839 0.156173 0.035833 0.982513
1642644858.895022 -0.039124 -0.024153 0.025692 -0.093935 0.156526 0.031067 0.982706
1642644858.928356 -0.039117 -0.023260 0.025744 -0.092894 0.156921 0.025518 0.982902
1642644858.961689 -0.039145 -0.022393 0.025784 -0.091891 0.157153 0.020145 0.983084
1642644858.995022 -0.038115 -0.022363 0.025642 -0.091271 0.157579 0.016748 0.983137
1642644859.028356 -0.038044 -0.021648 0.025684 -0.090296 0.157685 0.012035 0.983279
1642644859.061689 -0.038012 -0.020910 0.025721 -0.089198 0.157855 0.007054 0.983400
1642644859.095022 -0.037994 -0.020251 0.025760 -0.088228 0.158141 0.002683 0.983463
1642644859.128356 -0.038049 -0.019588 0.025760 -0.087313 0.157955 -0.001316 0.983578
1642644859.161689 -0.038214 -0.018884 0.025726 -0.086030 0.157297 -0.005927 0.983779
1642644859.195022 -0.037358 -0.019873 0.026344 -0.084658 0.156534 -0.008769 0.983999
1642644859.228356 -0.037541 -0.019407 0.026375 -0.083160 0.155144 -0.012774 0.984303
1642644859.261689 -0.037794 -0.018980 0.026391 -0.081373 0.153512 -0.016448 0.984653
1642644859.295022 -0.037982 -0.018636 0.026451 -0.079443 0.152195 -0.019741 0.984955
1642644859.328356 -0.038140 -0.018346 0.026534 -0.077608 0.151169 -0.022771 0.985194
1642644859.361689 -0.038293 -0.018132 0.026634 -0.075285 0.150278 -0.025461 0.985444
1642644859.395022 -0.038498 -0.018066 0.026755 -0.072616 0.149312 -0.027450 0.985738
1642644859.428356 -0.038852 -0.018188 0.026894 -0.069155 0.147778 -0.029237 0.986167
1642644859.461689 -0.039258 -0.018445 0.027035 -0.065305 0.145930 -0.030769 0.986657
1642644859.495022 -0.039694 -0.018732 0.027166 -0.061400 0.144147 -0.032130 0.987127
1642644859.528356 -0.040346 -0.018939 0.025418 -0.058553 0.142817 -0.032122 0.987493
1642644859.561689 -0.040790 -0.019193 0.025418 -0.054426 0.140783 -0.033028 0.987991
1642644859.595022 -0.041293 -0.019575 0.025436 -0.049312 0.138594 -0.033899 0.988540
1642644859.628356 -0.041758 -0.020081 0.025487 -0.044004 0.136832 -0.034162 0.989027
1642644859.661689 -0.042160 -0.020685 0.025584 -0.038376 0.135513 -0.033849 0.989453
1642644859.695022 -0.042525 -0.021292 0.025684 -0.032821 0.134508 -0.033545 0.989801
1642644859.728356 -0.042922 -0.022025 0.025818 -0.026529 0.133342 -0.033091 0.990162
1642644859.761689 -0.043289 -0.022764 0.025929 -0.020476 0.132267 -0.032864 0.990457
1642644859.795022 -0.043745 -0.023596 0.026004 -0.014112 0.130740 -0.033167 0.990761
1642644859.828356 -0.044209 -0.024534 0.026071 -0.007548 0.129135 -0.033180 0.991043
1642644859.861689 -0.043972 -0.025433 0.024650 -0.003227 0.127839 -0.033220 0.991233
1642644859.895022 -0.044470 -0.026214 0.024627 0.003032 0.125981 -0.033293 0.991469
1642644859.928356 -0.045113 -0.027218 0.024560 0.010587 0.123379 -0.032932 0.991757
1642644859.961689 -0.045669 -0.028055 0.024498 0.017105 0.121223 -0.032663 0.991940
1642644859.995022 -0.046059 -0.028580 0.024450 0.022008 0.119878 -0.033287 0.991986
1642644860.028356 -0.046332 -0.028889 0.024433 0.026016 0.119151 -0.034380 0.991940
1642644860.061689 -0.046529 -0.029137 0.024449 0.028901 0.118970 -0.035045 0.991858
1642644860.095022 -0.046724 -0.029439 0.024456 0.031199 0.118865 -0.035109 0.991799
1642644860.128356 -0.046946 -0.029791 0.024450 0.033122 0.118698 -0.035016 0.991760
1642644860.161689 -0.047222 -0.030356 0.024453 0.035944 0.118388 -0.034846 0.991705
1642644860.195022 -0.047549 -0.031165 0.024463 0.039663 0.117882 -0.034709 0.991628
1642644860.228356 -0.047966 -0.032251 0.024453 0.044736 0.117036 -0.035332 0.991490
1642644860.261689 -0.045878 -0.033589 0.022476 0.046709 0.116908 -0.035809 0.991397
1642644860.295022 -0.046102 -0.034350 0.022417 0.051898 0.116002 -0.037205 0.991194
1642644860.328356 -0.046344 -0.035241 0.022362 0.057906 0.114899 -0.038975 0.990922
1642644860.361689 -0.046567 -0.036257 0.022325 0.064383 0.114172 -0.040800 0.990533
1642644860.395022 -0.046744 -0.037202 0.022302 0.070143 0.113487 -0.042267 0.990159
1642644860.428356 -0.046880 -0.038228 0.022300 0.075925 0.113064 -0.043711 0.989718
1642644860.461689 -0.046913 -0.039135 0.022358 0.080664 0.113280 -0.045122 0.989255
1642644860.495022 -0.046930 -0.039891 0.022439 0.084516 0.113413 -0.047050 0.988828
1642644860.528356 -0.046980 -0.040668 0.022502 0.088492 0.113201 -0.050025 0.988358
1642644860.561689 -0.047035 -0.041393 0.022571 0.091978 0.113034 -0.053044 0.987902
1642644860.595022 -0.046383 -0.038832 0.021094 0.091798 0.112884 -0.054550 0.987854
1642644860.628356 -0.046508 -0.038967 0.021170 0.094883 0.112617 -0.058059 0.987393
1642644860.661689 -0.046604 -0.039091 0.021273 0.097918 0.112374 -0.061804 0.986896
1642644860.695022 -0.046669 -0.039138 0.021398 0.100661 0.112331 -0.065866 0.986362
1642644860.728356 -0.046767 -0.039257 0.021540 0.103722 0.112058 -0.070399 0.985763
1642644860.761689 -0.046899 -0.039537 0.021683 0.106917 0.111742 -0.074122 0.985185
1642644860.795022 -0.047045 -0.039912 0.021818 0.110031 0.111314 -0.077416 0.984636
1642644860.828356 -0.047184 -0.040308 0.021959 0.112932 0.110937 -0.080680 0.984088
1642644860.861689 -0.046775 -0.036666 0.020304 0.113997 0.110469 -0.082776 0.983844
1642644860.895022 -0.046965 -0.036567 0.020430 0.116385 0.110297 -0.086063 0.983302
1642644860.928356 -0.047202 -0.036475 0.020616 0.119108 0.110047 -0.089935 0.982657
1642644860.961689 -0.047448 -0.036290 0.020788 0.121187 0.109690 -0.093814 0.982080
1642644860.995022 -0.047663 -0.036022 0.020959 0.122712 0.109283 -0.097998 0.981527
1642644861.028356 -0.047891 -0.035755 0.021158 0.124101 0.108860 -0.102203 0.980970
1642644861.061689 -0.048107 -0.035550 0.021342 0.125023 0.108480 -0.105793 0.980515
1642644861.095022 -0.048307 -0.035346 0.021514 0.125473 0.108101 -0.109024 0.980145
1642644861.128356 -0.046859 -0.032250 0.020813 0.124316 0.107886 -0.109842 0.980225
1642644861.161689 -0.046971 -0.031730 0.020961 0.124401 0.107615 -0.112003 0.979999
1642644861.195022 -0.047077 -0.031097 0.021131 0.124474 0.107374 -0.114638 0.979712
1642644861.228356 -0.047182 -0.030434 0.021327 0.124541 0.107054 -0.117580 0.979390
1642644861.261689 -0.047320 -0.029921 0.021514 0.124723 0.106602 -0.119929 0.979131
1642644861.295022 -0.047414 -0.029485 0.021706 0.124520 0.106366 -0.121384 0.979003
1642644861.328356 -0.047450 -0.028960 0.021921 0.123857 0.106461 -0.123408 0.978824
1642644861.361689 -0.047417 -0.028157 0.022176 0.122201 0.106518 -0.126010 0.978694
1642644861.395022 -0.047323 -0.027232 0.022444 0.119489 0.106820 -0.128153 0.978718
1642644861.428356 -0.047211 -0.026082 0.022724 0.115671 0.107330 -0.130296 0.978838
1642644861.461689 -0.047176 -0.024961 0.022944 0.111682 0.107423 -0.131729 0.979099
1642644861.495022 -0.047169 -0.023948 0.023131 0.107783 0.107320 -0.132670 0.979420
1642644861.528356 -0.047153 -0.022891 0.023337 0.103859 0.107219 -0.133495 0.979743
1642644861.561689 -0.047159 -0.021902 0.023520 0.100201 0.106963 -0.134101 0.980069
1642644861.595022 -0.047180 -0.020999 0.023677 0.096700 0.106686 -0.134278 0.980427
1642644861.628356 -0.047165 -0.020116 0.023852 0.093175 0.106884 -0.134138 0.980766
1642644861.661689 -0.045056 -0.022701 0.020960 0.091050 0.106848 -0.131751 0.981292
1642644861.695022 -0.045041 -0.022042 0.021008 0.086835 0.106983 -0.131294 0.981721
1642644861.728356 -0.045018 -0.021237 0.021076 0.081029 0.107207 -0.129869 0.982382
1642644861.761689 -0.044980 -0.020480 0.021163 0.074677 0.107775 -0.127636 0.983116
1642644861.795022 -0.044922 -0.019752 0.021233 0.068865 0.108283 -0.125762 0.983726
1642644861.828356 -0.044865 -0.019119 0.021295 0.063755 0.108676 -0.123912 0.984261
1642644861.861689 -0.044816 -0.018481 0.021364 0.058303 0.109162 -0.121658 0.984827
1642644861.895022 -0.044775 -0.017881 0.021430 0.053135 0.109686 -0.119456 0.985330
1642644861.928356 -0.044797 -0.017220 0.021457 0.047956 0.109858 -0.116937 0.985879
1642644861.961689 -0.044837 -0.016456 0.021456 0.043133 0.109709 -0.115083 0.986336
1642644861.995022 -0.044369 -0.018441 0.020478 0.041569 0.108604 -0.113910 0.986662
1642644862.028356 -0.044484 -0.017842 0.020531 0.036926 0.108172 -0.111609 0.987157
1642644862.061689 -0.044641 -0.017149 0.020573 0.031745 0.107644 -0.109320 0.987651
1642644862.095022 -0.044797 -0.016463 0.020617 0.026981 0.106996 -0.107484 0.988064
1642644862.128356 -0.044965 -0.015821 0.020653 0.022416 0.106437 -0.105395 0.988464
1642644862.161689 -0.045114 -0.015067 0.020705 0.017273 0.105946 -0.103048 0.988867
1642644862.195022 -0.045188 -0.014453 0.020815 0.012658 0.105824 -0.100530 0.989209
1642644862.228356 -0.045273 -0.014000 0.021019 0.008339 0.106107 -0.096787 0.989598
1642644862.261689 -0.045359 -0.013583 0.021228 0.004118 0.106594 -0.092625 0.989970
1642644862.295022 -0.045363 -0.013039 0.021454 -0.000307 0.107457 -0.088835 0.990233
1642644862.328356 -0.045107 -0.018759 0.019120 -0.002090 0.108302 -0.086765 0.990322
1642644862.361689 -0.045183 -0.018558 0.019138 -0.005988 0.108640 -0.084860 0.990434
1642644862.395022 -0.045299 -0.018436 0.019156 -0.009750 0.108775 -0.082587 0.990582
1642644862.428356 -0.045429 -0.018360 0.019205 -0.013508 0.109066 -0.080115 0.990709
1642644862.461689 -0.045550 -0.018272 0.019250 -0.016895 0.109240 -0.078203 0.990790
1642644862.495022 -0.045677 -0.018213 0.019303 -0.019733 0.109205 -0.076328 0.990888
1642644862.528356 -0.045790 -0.018179 0.019391 -0.022763 0.109330 -0.074213 0.990970
1642644862.561689 -0.045930 -0.018135 0.019475 -0.025867 0.109349 -0.071563 0.991086
1642644862.595022 -0.046152 -0.018122 0.019540 -0.028964 0.109151 -0.068462 0.991242
1642644862.628356 -0.046425 -0.018156 0.019580 -0.032227 0.108851 -0.064559 0.991436
1642644862.661689 -0.045779 -0.018683 0.019780 -0.033869 0.108460 -0.061493 0.991619
1642644862.695022 -0.045932 -0.018652 0.019878 -0.037029 0.108365 -0.058514 0.991697
1642644862.728356 -0.046031 -0.018572 0.020038 -0.041005 0.108494 -0.055006 0.991727
1642644862.761689 -0.046007 -0.018398 0.020231 -0.044862 0.109038 -0.052241 0.991650
1642644862.795022 -0.045959 -0.018276 0.020445 -0.048483 0.109638 -0.049321 0.991563
1642644862.828356 -0.045864 -0.018159 0.020678 -0.051748 0.110520 -0.046459 0.991438
1642644862.861689 -0.045713 -0.017963 0.020928 -0.055278 0.111495 -0.043568 0.991269
1642644862.895022 -0.045594 -0.017791 0.021160 -0.058732 0.112336 -0.040384 0.991111
1642644862.928356 -0.045516 -0.017646 0.021389 -0.062604 0.113325 -0.035942 0.990932
1642644862.961689 -0.045451 -0.017532 0.021616 -0.066333 0.114084 -0.031155 0.990764
1642644862.995022 -0.045309 -0.020943 0.019000 -0.067015 0.114407 -0.028832 0.990752
1642644863.028356 -0.045299 -0.021070 0.019038 -0.069928 0.115332 -0.025668 0.990530
1642644863.061689 -0.045238 -0.021164 0.019089 -0.072992 0.116493 -0.022649 0.990247
1642644863.095022 -0.045156 -0.021261 0.019159 -0.075901 0.117894 -0.019897 0.989921
1642644863.128356 -0.045074 -0.021339 0.019231 -0.078307 0.119138 -0.017510 0.989630
1642644863.161689 -0.044953 -0.021418 0.019322 -0.081050 0.120576 -0.015000 0.989276
1642644863.195022 -0.044795 -0.021468 0.019416 -0.083665 0.122059 -0.012495 0.988911
1642644863.228356 -0.044626 -0.021571 0.019538 -0.086640 0.123731 -0.009103 0.988484
1642644863.261689 -0.044462 -0.021723 0.019680 -0.089170 0.125381 -0.005418 0.988078
1642644863.295022 -0.044284 -0.021817 0.019817 -0.091418 0.126919 -0.002207 0.987689
1642644863.328356 -0.043619 -0.020450 0.021695 -0.091902 0.127844 -0.001498 0.987526
1642644863.361689 -0.043476 -0.020584 0.022016 -0.093805 0.128854 0.001046 0.987216
1642644863.395022 -0.043345 -0.020795 0.022386 -0.095593 0.130052 0.004161 0.986879
1642644863.428356 -0.043171 -0.021047 0.022807 -0.097479 0.131469 0.007916 0.986484
1642644863.461689 -0.042999 -0.021271 0.023206 -0.099264 0.132918 0.011714 0.986074
1642644863.495022 -0.042848 -0.021494 0.023583 -0.100680 0.134203 0.015365 0.985706
1642644863.528356 -0.042668 -0.021732 0.023976 -0.102052 0.135432 0.019219 0.985329
1642644863.561689 -0.042510 -0.021957 0.024330 -0.103042 0.136313 0.022594 0.985033
1642644863.595022 -0.042718 -0.021787 0.022906 -0.102681 0.136516 0.023605 0.985019
1642644863.628356 -0.042669 -0.022040 0.023110 -0.103564 0.137291 0.026620 0.984742
1642644863.661689 -0.042572 -0.022316 0.023358 -0.104399 0.138610 0.029892 0.984375
1642644863.695022 -0.042403 -0.022593 0.023606 -0.105055 0.140008 0.033172 0.984002
1642644863.728356 -0.042149 -0.022949 0.023948 -0.105623 0.142037 0.037288 0.983503
1642644863.761689 -0.041852 -0.023340 0.024303 -0.106062 0.143938 0.041634 0.983005
1642644863.795022 -0.041520 -0.023720 0.024637 -0.106207 0.145767 0.045429 0.982552
1642644863.828356 -0.041118 -0.024128 0.025004 -0.106045 0.147715 0.049342 0.982090
1642644863.861689 -0.040882 -0.026196 0.025293 -0.105018 0.147944 0.050678 0.982097
1642644863.895022 -0.040659 -0.026720 0.025673 -0.104243 0.149168 0.053422 0.981850
1642644863.928356 -0.040300 -0.027434 0.026166 -0.102674 0.150696 0.056292 0.981621
1642644863.961689 -0.039971 -0.028172 0.026635 -0.100599 0.151999 0.058961 0.981478
1642644863.995022 -0.039657 -0.028985 0.027079 -0.098224 0.153064 0.061701 0.981385
1642644864.028356 -0.039264 -0.030019 0.027606 -0.094918 0.154128 0.065129 0.981322
1642644864.061689 -0.038853 -0.031154 0.028135 -0.091191 0.155117 0.068640 0.981280
1642644864.095022 -0.038416 -0.032339 0.028653 -0.087132 0.156102 0.072025 0.981250
1642644864.128356 -0.039488 -0.031210 0.026553 -0.084067 0.156931 0.073611 0.981268
1642644864.161689 -0.039277 -0.032026 0.026862 -0.080574 0.158047 0.075935 0.981205
1642644864.195022 -0.039049 -0.032900 0.027174 -0.076811 0.158953 0.078447 0.981163
1642644864.228356 -0.038764 -0.033780 0.027500 -0.072978 0.160137 0.081202 0.981039
1642644864.261689 -0.038504 -0.034577 0.027781 -0.069484 0.161122 0.083675 0.980923
1642644864.295022 -0.038221 -0.035355 0.028050 -0.066261 0.162188 0.086192 0.980752
1642644864.328356 -0.037881 -0.036109 0.028311 -0.063010 0.163182 0.088368 0.980608
1642644864.361689 -0.037576 -0.036828 0.028513 -0.059811 0.163980 0.089899 0.980536
1642644864.395022 -0.037294 -0.037537 0.028683 -0.056597 0.164250 0.090931 0.980587
1642644864.428356 -0.036970 -0.038385 0.028860 -0.052647 0.164430 0.091577 0.980716
1642644864.461689 -0.036623 -0.039393 0.029024 -0.048129 0.164518 0.092031 0.980891
1642644864.495022 -0.036245 -0.040494 0.029181 -0.043200 0.164530 0.092182 0.981105
1642644864.528356 -0.037826 -0.040108 0.028841 -0.040571 0.163910 0.090827 0.981447
1642644864.561689 -0.037620 -0.041109 0.029070 -0.035354 0.164145 0.091387 0.981557
1642644864.595022 -0.037346 -0.042277 0.029321 -0.029496 0.164370 0.092276 0.981630
1642644864.628356 -0.037100 -0.043284 0.029535 -0.024285 0.164533 0.092884 0.981688
1642644864.661689 -0.036840 -0.044122 0.029716 -0.019804 0.164443 0.092893 0.981803
1642644864.695022 -0.036601 -0.044666 0.029845 -0.016564 0.164374 0.092478 0.981914
1642644864.728356 -0.036398 -0.045093 0.029923 -0.013990 0.163828 0.091712 0.982117
1642644864.761689 -0.036268 -0.045534 0.029963 -0.011873 0.163059 0.091283 0.982313
1642644864.795022 -0.036140 -0.046030 0.029980 -0.009652 0.162056 0.090727 0.982554
1642644864.828356 -0.036021 -0.046745 0.029968 -0.006805 0.160538 0.090372 0.982860
1642644864.861689 -0.036005 -0.047603 0.029916 -0.003237 0.158614 0.089865 0.983237
1642644864.895022 -0.036068 -0.048522 0.029819 0.000581 0.156141 0.089119 0.983706
1642644864.928356 -0.039457 -0.044927 0.027822 0.002550 0.154019 0.087786 0.984157
1642644864.961689 -0.039614 -0.045498 0.027754 0.005795 0.152361 0.086986 0.984472
1642644864.995022 -0.039696 -0.046055 0.027718 0.008898 0.151140 0.086383 0.984691
1642644865.028356 -0.039742 -0.046536 0.027694 0.011654 0.150049 0.085715 0.984887
1642644865.061689 -0.039745 -0.046891 0.027687 0.013576 0.149386 0.084848 0.985038
1642644865.095022 -0.039768 -0.047155 0.027676 0.015258 0.148639 0.083937 0.985205
1642644865.128356 -0.039844 -0.047456 0.027638 0.017010 0.147635 0.082992 0.985407
1642644865.161689 -0.040046 -0.047960 0.027549 0.019657 0.145818 0.082014 0.985710
1642644865.195022 -0.040316 -0.048621 0.027426 0.022665 0.143722 0.081570 0.985990
1642644865.228356 -0.040714 -0.049452 0.027243 0.026465 0.140918 0.080726 0.986370
1642644865.261689 -0.041506 -0.049721 0.024912 0.028719 0.138529 0.080348 0.986676
1642644865.295022 -0.041878 -0.050053 0.024689 0.031914 0.136485 0.079142 0.986960
1642644865.328356 -0.042250 -0.050449 0.024457 0.035670 0.134512 0.077542 0.987229
1642644865.361689 -0.042543 -0.050863 0.024265 0.039084 0.132857 0.076167 0.987431
1642644865.395022 -0.042769 -0.051191 0.024114 0.042002 0.131711 0.075126 0.987545
1642644865.428356 -0.042982 -0.051361 0.023987 0.044388 0.130782 0.073337 0.987698
1642644865.461689 -0.043203 -0.051381 0.023868 0.046307 0.129816 0.070773 0.987924
1642644865.495022 -0.043437 -0.051345 0.023755 0.047856 0.128975 0.068141 0.988146
1642644865.528356 -0.043740 -0.051284 0.023624 0.049335 0.127758 0.064738 0.988460
1642644865.561689 -0.044115 -0.051283 0.023471 0.050781 0.126445 0.061602 0.988756
1642644865.595022 -0.043233 -0.051678 0.022110 0.051007 0.125702 0.060434 0.988911
1642644865.628356 -0.043505 -0.051794 0.021892 0.052577 0.124246 0.057720 0.989175
1642644865.661689 -0.043771 -0.051911 0.021681 0.054017 0.122850 0.055026 0.989425
1642644865.695022 -0.043972 -0.051998 0.021513 0.055025 0.121798 0.052581 0.989633
1642644865.728356 -0.044191 -0.052063 0.021328 0.056000 0.120743 0.049739 0.989854
1642644865.761689 -0.044391 -0.052136 0.021147 0.056689 0.119767 0.047324 0.990052
1642644865.795022 -0.044560 -0.052237 0.020987 0.057248 0.119008 0.044858 0.990226
1642644865.828356 -0.044769 -0.052341 0.020817 0.057935 0.118067 0.041677 0.990438
1642644865.861689 -0.045011 -0.052469 0.020653 0.058555 0.116972 0.038595 0.990656
1642644865.895022 -0.045261 -0.052691 0.020498 0.059125 0.115864 0.036044 0.990848
1642644865.928356 -0.045769 -0.047754 0.020397 0.058931 0.115405 0.035543 0.990932
1642644865.961689 -0.046015 -0.047415 0.020265 0.059289 0.114367 0.033310 0.991108
1642644865.995022 -0.046283 -0.047037 0.020121 0.059692 0.112965 0.030662 0.991330
1642644866.028356 -0.046546 -0.046625 0.019958 0.060247 0.111688 0.027886 0.991523
1642644866.061689 -0.046779 -0.046224 0.019820 0.060559 0.110698 0.025475 0.991680
1642644866.095022 -0.047003 -0.045836 0.019697 0.060778 0.109726 0.022743 0.991841
1642644866.128356 -0.047242 -0.045448 0.019572 0.060996 0.108582 0.019919 0.992014
1642644866.161689 -0.047572 -0.045002 0.019412 0.061083 0.107187 0.016657 0.992221
1642644866.195022 -0.047942 -0.044490 0.019244 0.061091 0.105623 0.013124 0.992441
1642644866.228356 -0.048376 -0.043866 0.019066 0.060987 0.103767 0.009059 0.992689
1642644866.261689 -0.047393 -0.043967 0.017899 0.060878 0.103228 0.007704 0.992763
1642644866.295022 -0.047527 -0.043513 0.017760 0.060814 0.102578 0.004641 0.992853
1642644866.328356 -0.047625 -0.042945 0.017629 0.060975 0.102013 0.000264 0.992912
1642644866.361689 -0.047674 -0.042477 0.017535 0.061324 0.101665 -0.003748 0.992920
1642644866.395022 -0.047724 -0.042013 0.017465 0.061562 0.101300 -0.007795 0.992919
1642644866.428356 -0.047798 -0.041465 0.017385 0.061768 0.100893 -0.012598 0.992898
1642644866.461689 -0.047872 -0.040947 0.017315 0.062088 0.100525 -0.017049 0.992849
1642644866.495022 -0.047960 -0.040473 0.017259 0.062227 0.100246 -0.021178 0.992789
1642644866.528356 -0.047640 -0.039389 0.017826 0.062454 0.100136 -0.022930 0.992747
1642644866.561689 -0.047650 -0.038901 0.017873 0.062559 0.099985 -0.026361 0.992670
1642644866.595022 -0.047672 -0.038386 0.017907 0.062276 0.099696 -0.029691 0.992623
1642644866.628356 -0.047682 -0.037807 0.017933 0.061621 0.099502 -0.033199 0.992572
1642644866.661689 -0.047690 -0.037002 0.017943 0.060155 0.099140 -0.037056 0.992562
1642644866.695022 -0.047706 -0.036089 0.017920 0.057753 0.098671 -0.040577 0.992614
1642644866.728356 -0.047705 -0.034882 0.017867 0.054149 0.098286 -0.044808 0.992673
1642644866.761689 -0.047655 -0.033460 0.017799 0.049946 0.097774 -0.049720 0.992710
1642644866.795022 -0.048072 -0.030154 0.018701 0.046938 0.097399 -0.051939 0.992780
1642644866.828356 -0.048175 -0.028867 0.018693 0.042810 0.096682 -0.054034 0.992925
1642644866.861689 -0.048310 -0.027632 0.018692 0.038957 0.096070 -0.055555 0.993059
1642644866.895022 -0.048439 -0.026629 0.018722 0.035823 0.095440 -0.056414 0.993189
1642644866.928356 -0.048495 -0.025465 0.018777 0.032601 0.095120 -0.058001 0.993240
1642644866.961689 -0.048481 -0.024234 0.018836 0.029305 0.094796 -0.059890 0.993261
1642644866.995022 -0.048469 -0.023049 0.018879 0.026014 0.094560 -0.061226 0.993294
1642644867.028356 -0.048458 -0.021755 0.018911 0.022279 0.094275 -0.062494 0.993333
1642644867.061689 -0.048492 -0.020563 0.018910 0.018611 0.093921 -0.063089 0.993404
1642644867.095022 -0.048579 -0.019480 0.018880 0.015085 0.093311 -0.062624 0.993551
1642644867.128356 -0.048702 -0.018419 0.018823 0.011484 0.092641 -0.061839 0.993711
1642644867.161689 -0.048817 -0.017157 0.018760 0.007360 0.092001 -0.060724 0.993878
1642644867.195022 -0.048867 -0.015814 0.018709 0.003260 0.091463 -0.060266 0.993978
1642644867.228356 -0.048893 -0.014271 0.018652 -0.001297 0.091027 -0.059703 0.994056
1642644867.261689 -0.048979 -0.012749 0.018576 -0.005299 0.090395 -0.059190 0.994131
1642644867.295022 -0.049153 -0.011375 0.018476 -0.008256 0.089337 -0.058389 0.994254
1642644867.328356 -0.049370 -0.009882 0.018389 -0.010809 0.088110 -0.057380 0.994398
1642644867.361689 -0.049597 -0.008459 0.018323 -0.012820 0.086985 -0.056038 0.994550
1642644867.395022 -0.050103 -0.020110 0.017346 -0.009714 0.086749 -0.052653 0.994790
1642644867.428356 -0.050285 -0.019818 0.017309 -0.011308 0.085968 -0.051070 0.994924
1642644867.461689 -0.050521 -0.019398 0.017225 -0.013041 0.084941 -0.049709 0.995060
1642644867.495022 -0.050775 -0.018973 0.017123 -0.015031 0.083876 -0.048242 0.995194
1642644867.528356 -0.051091 -0.018560 0.016986 -0.017503 0.082473 -0.045873 0.995383
1642644867.561689 -0.051450 -0.018259 0.016854 -0.019919 0.081141 -0.042647 0.995591
1642644867.595022 -0.051797 -0.018060 0.016755 -0.022073 0.080041 -0.038826 0.995791
1642644867.628356 -0.052103 -0.017967 0.016719 -0.023650 0.079345 -0.034777 0.995960
1642644867.661689 -0.052409 -0.017912 0.016725 -0.024823 0.078605 -0.030576 0.996128
1642644867.695022 -0.052675 -0.017974 0.016764 -0.025435 0.078087 -0.026376 0.996273
1642644867.728356 -0.051651 -0.025296 0.015311 -0.023811 0.078555 -0.022416 0.996373
1642644867.761689 -0.051756 -0.025766 0.015334 -0.023917 0.078460 -0.019003 0.996449
1642644867.795022 -0.051863 -0.026228 0.015355 -0.024108 0.078389 -0.015310 0.996514
1642644867.828356 -0.051964 -0.026661 0.015367 -0.024340 0.078174 -0.011777 0.996573
1642644867.861689 -0.052069 -0.027042 0.015367 -0.024623 0.077916 -0.008663 0.996618
1642644867.895022 -0.052241 -0.027325 0.015321 -0.024650 0.077280 -0.006507 0.996683
1642644867.928356 -0.052416 -0.027673 0.015277 -0.024687 0.076533 -0.003950 0.996754
1642644867.961689 -0.052627 -0.028170 0.015242 -0.024890 0.076055 0.000169 0.996793
1642644867.995022 -0.052887 -0.028705 0.015192 -0.024808 0.075268 0.004406 0.996845
1642644868.028356 -0.053236 -0.029313 0.015090 -0.024789 0.074104 0.009254 0.996899
1642644868.061689 -0.053841 -0.030347 0.013814 -0.024189 0.073529 0.011910 0.996929
1642644868.095022 -0.054098 -0.030887 0.013758 -0.024108 0.073108 0.016040 0.996904
1642644868.128356 -0.054301 -0.031491 0.013738 -0.024122 0.073065 0.020680 0.996821
1642644868.161689 -0.054550 -0.032188 0.013723 -0.024163 0.072932 0.025833 0.996709
1642644868.195022 -0.054761 -0.032865 0.013724 -0.023992 0.072934 0.030642 0.996577
1642644868.228356 -0.055015 -0.033581 0.013740 -0.024033 0.072935 0.035992 0.996397
1642644868.261689 -0.055273 -0.034128 0.013746 -0.024229 0.072759 0.040304 0.996240
1642644868.295022 -0.055474 -0.034677 0.013773 -0.023846 0.072651 0.043820 0.996109
1642644868.328356 -0.053644 -0.037807 0.013587 -0.022996 0.072552 0.046499 0.996015
1642644868.361689 -0.053733 -0.038715 0.013579 -0.021974 0.072254 0.050226 0.995878
1642644868.395022 -0.053802 -0.039792 0.013587 -0.020587 0.072026 0.054612 0.995694
1642644868.428356 -0.053908 -0.041036 0.013583 -0.019175 0.071694 0.059596 0.995460
1642644868.461689 -0.054007 -0.042374 0.013586 -0.017533 0.071494 0.065167 0.995156
1642644868.495022 -0.054094 -0.043744 0.013604 -0.016062 0.071463 0.071071 0.994778
1642644868.528356 -0.054201 -0.044195 0.012787 -0.014880 0.071053 0.075700 0.994485
1642644868.561689 -0.054351 -0.044984 0.012820 -0.013722 0.070741 0.080305 0.994162
1642644868.595022 -0.054479 -0.045719 0.012871 -0.012981 0.070623 0.084716 0.993814
1642644868.628356 -0.054633 -0.046321 0.012929 -0.012408 0.070658 0.088700 0.993472
1642644868.661689 -0.054779 -0.047060 0.012994 -0.011897 0.070556 0.093480 0.993047
1642644868.695022 -0.054879 -0.047938 0.013096 -0.011562 0.070828 0.099354 0.992461
1642644868.728356 -0.053122 -0.051204 0.012169 -0.011480 0.070796 0.104591 0.991926
1642644868.761689 -0.053106 -0.051988 0.012195 -0.011799 0.071035 0.109788 0.991343
1642644868.795022 -0.053072 -0.052777 0.012246 -0.012277 0.071319 0.115041 0.990721
1642644868.828356 -0.053102 -0.053711 0.012288 -0.012706 0.071606 0.120658 0.990027
1642644868.861689 -0.053146 -0.054597 0.012335 -0.012907 0.071862 0.125895 0.989353
1642644868.895022 -0.053202 -0.055365 0.012398 -0.013124 0.072136 0.130253 0.988766
1642644868.928356 -0.051804 -0.056251 0.011650 -0.013507 0.072439 0.133102 0.988359
1642644868.961689 -0.051488 -0.056875 0.011849 -0.013585 0.074258 0.136820 0.987715
1642644868.995022 -0.050845 -0.057638 0.012239 -0.013429 0.077685 0.141391 0.986810
1642644869.028356 -0.049976 -0.058593 0.012792 -0.013299 0.082260 0.147256 0.985582
1642644869.061689 -0.049078 -0.059537 0.013357 -0.013133 0.087136 0.153204 0.984258
1642644869.095022 -0.048157 -0.060396 0.013895 -0.013165 0.091751 0.158725 0.982962
1642644869.128356 -0.047297 -0.061881 0.014026 -0.013428 0.094090 0.160596 0.982434
1642644869.161689 -0.047066 -0.062320 0.014277 -0.013757 0.095789 0.162431 0.981963
1642644869.195022 -0.047152 -0.062800 0.014409 -0.014044 0.095956 0.164190 0.981650
1642644869.228356 -0.047422 -0.063396 0.014496 -0.014257 0.095691 0.165986 0.981371
1642644869.261689 -0.047575 -0.064131 0.014629 -0.014357 0.096030 0.168457 0.980915
1642644869.295022 -0.047650 -0.064789 0.014832 -0.014451 0.097062 0.171045 0.980364
1642644869.328356 -0.047572 -0.065382 0.015164 -0.014665 0.098992 0.173413 0.979752
1642644869.361689 -0.047321 -0.065832 0.015605 -0.015015 0.101910 0.175203 0.979129
1642644869.395022 -0.046965 -0.066198 0.016083 -0.015571 0.105231 0.176944 0.978455
1642644869.428356 -0.046620 -0.066445 0.016609 -0.016677 0.108925 0.178239 0.977798
1642644869.461689 -0.046330 -0.066514 0.017087 -0.018026 0.112348 0.178654 0.977310
1642644869.495022 -0.046121 -0.066525 0.017490 -0.019576 0.115388 0.178955 0.976871
1642644869.528356 -0.042754 -0.062517 0.017064 -0.020635 0.116996 0.176722 0.977065
1642644869.561689 -0.042349 -0.062159 0.017348 -0.022272 0.119989 0.175479 0.976890
1642644869.595022 -0.041870 -0.061699 0.017674 -0.024128 0.123314 0.174027 0.976691
1642644869.628356 -0.041231 -0.061369 0.018089 -0.025681 0.127754 0.173008 0.976262
1642644869.661689 -0.040462 -0.061099 0.018551 -0.026726 0.132719 0.172225 0.975710
1642644869.695022 -0.039723 -0.060799 0.018991 -0.027528 0.137678 0.171145 0.975190
1642644869.728356 -0.038599 -0.060123 0.019733 -0.027488 0.140949 0.170149 0.974898
1642644869.761689 -0.038041 -0.059854 0.020114 -0.027937 0.144504 0.168985 0.974568
1642644869.795022 -0.037509 -0.059603 0.020504 -0.028249 0.148130 0.167531 0.974265
1642644869.828356 -0.036986 -0.059387 0.020897 -0.028596 0.151938 0.166093 0.973915
1642644869.861689 -0.036536 -0.059137 0.021247 -0.029049 0.155324 0.164693 0.973605
1642644869.895022 -0.036132 -0.058751 0.021576 -0.029651 0.158652 0.162640 0.973395
1642644869.928356 -0.035930 -0.056500 0.022810 -0.030532 0.161562 0.159637 0.973387
1642644869.961689 -0.035371 -0.055858 0.023204 -0.031337 0.165415 0.156466 0.973229
1642644869.995022 -0.034751 -0.055211 0.023634 -0.032318 0.169769 0.153283 0.972954
1642644870.028356 -0.034152 -0.054548 0.024055 -0.033314 0.173955 0.149874 0.972712
1642644870.061689 -0.033690 -0.054046 0.024411 -0.033701 0.177144 0.146911 0.972575
1642644870.095022 -0.033420 -0.053698 0.024689 -0.033805 0.179397 0.144518 0.972517
1642644870.128356 -0.033232 -0.053320 0.024921 -0.033811 0.181272 0.141802 0.972568
1642644870.161689 -0.032995 -0.052949 0.025163 -0.033648 0.183049 0.139069 0.972636
1642644870.195022 -0.032852 -0.048641 0.027430 -0.033528 0.184085 0.136704 0.972780
1642644870.228356 -0.032406 -0.047862 0.027884 -0.033460 0.186849 0.133126 0.972751
1642644870.261689 -0.031850 -0.046979 0.028411 -0.033342 0.190074 0.128774 0.972717
1642644870.295022 -0.031380 -0.046208 0.028887 -0.032798 0.192533 0.124656 0.972788
1642644870.328356 -0.030965 -0.045460 0.029361 -0.031995 0.194849 0.120806 0.972839
1642644870.361689 -0.030542 -0.044598 0.029799 -0.031344 0.196865 0.116442 0.972987
1642644870.395022 -0.030049 -0.046516 0.029761 -0.030815 0.197962 0.113596 0.973117
1642644870.428356 -0.029678 -0.045861 0.030207 -0.030102 0.200099 0.108758 0.973255
1642644870.461689 -0.029279 -0.045308 0.030696 -0.028952 0.202156 0.104489 0.973333
1642644870.495022 -0.028968 -0.044884 0.031134 -0.027631 0.203682 0.101131 0.973408
1642644870.528356 -0.028701 -0.044388 0.031590 -0.026480 0.205051 0.097544 0.973518
1642644870.561689 -0.028483 -0.043804 0.032003 -0.025710 0.206144 0.093528 0.973702
1642644870.595022 -0.028271 -0.043100 0.032392 -0.025222 0.207182 0.089101 0.973910
1642644870.628356 -0.027977 -0.042250 0.032801 -0.024973 0.208326 0.084223 0.974106
1642644870.661689 -0.029229 -0.040196 0.031073 -0.025311 0.208373 0.082150 0.974265
1642644870.695022 -0.029164 -0.039435 0.031256 -0.025360 0.208972 0.078688 0.974421
1642644870.728356 -0.029123 -0.038465 0.031481 -0.025119 0.209533 0.074193 0.974659
1642644870.761689 -0.029070 -0.037581 0.031699 -0.024665 0.210023 0.070000 0.974875
1642644870.795022 -0.029112 -0.036778 0.031897 -0.023845 0.210245 0.066154 0.975117
1642644870.828356 -0.029173 -0.035754 0.032103 -0.023075 0.210117 0.061146 0.975489
1642644870.861689 -0.029120 -0.034811 0.032324 -0.022229 0.210292 0.056221 0.975767
1642644870.895022 -0.029059 -0.033919 0.032550 -0.021191 0.210467 0.051713 0.976002
1642644870.928356 -0.028072 -0.039789 0.031110 -0.020480 0.210325 0.050254 0.976124
1642644870.961689 -0.028083 -0.039341 0.031165 -0.019760 0.210268 0.045969 0.976363
1642644870.995022 -0.028060 -0.038851 0.031245 -0.019134 0.210493 0.041749 0.976516
1642644871.028356 -0.027990 -0.038304 0.031364 -0.018581 0.210952 0.037573 0.976597
1642644871.061689 -0.027918 -0.037635 0.031483 -0.018404 0.211490 0.033091 0.976646
1642644871.095022 -0.027826 -0.036942 0.031592 -0.018226 0.212058 0.028280 0.976678
1642644871.128356 -0.027703 -0.036262 0.031717 -0.017744 0.212553 0.023063 0.976716
1642644871.161689 -0.027715 -0.035768 0.031826 -0.016924 0.212393 0.019002 0.976853
1642644871.195022 -0.027827 -0.033879 0.031048 -0.015823 0.211862 0.017054 0.977023
1642644871.228356 -0.027916 -0.033215 0.031083 -0.014961 0.211594 0.012315 0.977165
1642644871.261689 -0.028022 -0.032447 0.031123 -0.013969 0.211093 0.006514 0.977344
1642644871.295022 -0.028144 -0.031713 0.031161 -0.013135 0.210636 0.001353 0.977475
1642644871.328356 -0.028278 -0.030850 0.031209 -0.012638 0.209922 -0.004165 0.977628
1642644871.361689 -0.028450 -0.029859 0.031238 -0.012714 0.209180 -0.009916 0.977744
1642644871.395022 -0.028273 -0.031606 0.031395 -0.013181 0.208611 -0.012530 0.977830
1642644871.428356 -0.028637 -0.030781 0.031304 -0.013782 0.207330 -0.017203 0.978023
1642644871.461689 -0.029021 -0.029929 0.031230 -0.014369 0.206171 -0.022033 0.978162
1642644871.495022 -0.029384 -0.029216 0.031180 -0.014443 0.205181 -0.026516 0.978258
1642644871.528356 -0.029763 -0.028294 0.031091 -0.014789 0.203710 -0.032024 0.978396
1642644871.561689 -0.030180 -0.027221 0.030951 -0.015905 0.201871 -0.037635 0.978559
1642644871.595022 -0.029186 -0.027239 0.031186 -0.016944 0.200811 -0.039840 0.978673
1642644871.628356 -0.029383 -0.026279 0.031148 -0.017982 0.199539 -0.043908 0.978740
1642644871.661689 -0.029554 -0.025227 0.031085 -0.019139 0.198148 -0.048795 0.978770
1642644871.695022 -0.029672 -0.024242 0.031042 -0.019850 0.196702 -0.053826 0.978783
1642644871.728356 -0.029709 -0.023137 0.031038 -0.020311 0.195279 -0.060022 0.978699
1642644871.761689 -0.029754 -0.022097 0.031034 -0.020559 0.193815 -0.065646 0.978623
1642644871.795022 -0.030115 -0.022558 0.031607 -0.020320 0.192610 -0.068110 0.978698
1642644871.828356 -0.030410 -0.021780 0.031614 -0.020688 0.190602 -0.072202 0.978790
1642644871.861689 -0.030869 -0.020949 0.031583 -0.021555 0.187751 -0.076000 0.979035
1642644871.895022 -0.031430 -0.020183 0.031528 -0.022699 0.184517 -0.078884 0.979396
1642644871.928356 -0.032151 -0.019329 0.031402 -0.024431 0.180518 -0.081555 0.979880
1642644871.961689 -0.032941 -0.018486 0.031259 -0.026060 0.176142 -0.083839 0.980442
1642644871.995022 -0.033329 -0.017297 0.030388 -0.026585 0.172527 -0.084924 0.980977
1642644872.028356 -0.034206 -0.016399 0.030243 -0.027887 0.167324 -0.087171 0.981645
1642644872.061689 -0.035213 -0.015426 0.030064 -0.029242 0.161330 -0.088920 0.982451
1642644872.095022 -0.036237 -0.014679 0.029901 -0.030295 0.155556 -0.089628 0.983286
1642644872.128356 -0.038224 -0.015008 0.026973 -0.030852 0.150249 -0.088627 0.984184
1642644872.161689 -0.039417 -0.014246 0.026535 -0.031718 0.145206 -0.088139 0.984957
1642644872.195022 -0.040655 -0.013495 0.026111 -0.032574 0.140144 -0.087069 0.985757
1642644872.228356 -0.042042 -0.012903 0.025707 -0.032907 0.134854 -0.085133 0.986653
1642644872.261689 -0.043534 -0.012494 0.025302 -0.032788 0.129104 -0.082618 0.987639
1642644872.295022 -0.045131 -0.012202 0.024882 -0.032374 0.123179 -0.079815 0.988640
1642644872.328356 -0.044303 -0.015795 0.022883 -0.031242 0.118205 -0.077062 0.989501
1642644872.361689 -0.045524 -0.015808 0.022333 -0.030432 0.112673 -0.074561 0.990363
1642644872.395022 -0.046763 -0.015816 0.021756 -0.029870 0.107166 -0.071470 0.991219
1642644872.428356 -0.048076 -0.015823 0.021141 -0.029501 0.101586 -0.067884 0.992069
1642644872.461689 -0.049223 -0.015824 0.020613 -0.029259 0.096645 -0.064843 0.992773
1642644872.495022 -0.050234 -0.015723 0.020135 -0.029433 0.092377 -0.062277 0.993339
1642644872.528356 -0.049985 -0.020374 0.017527 -0.029395 0.090172 -0.060759 0.993636
1642644872.561689 -0.050748 -0.020736 0.016857 -0.029552 0.087090 -0.058805 0.994024
1642644872.595022 -0.051554 -0.021224 0.016168 -0.029631 0.084069 -0.056265 0.994429
1642644872.628356 -0.052383 -0.021765 0.015459 -0.029635 0.081122 -0.053290 0.994837
1642644872.661689 -0.053080 -0.022326 0.014902 -0.029492 0.079110 -0.050386 0.995155
1642644872.695022 -0.053644 -0.022973 0.014453 -0.029209 0.077669 -0.047308 0.995428
1642644872.728356 -0.054288 -0.023781 0.014004 -0.028713 0.076344 -0.043730 0.995708
1642644872.761689 -0.054948 -0.024598 0.013555 -0.028069 0.075076 -0.040411 0.995963
1642644872.795022 -0.052263 -0.023314 0.014541 -0.027545 0.074696 -0.039326 0.996050
1642644872.828356 -0.052663 -0.023710 0.014200 -0.027254 0.072654 -0.036669 0.996310
1642644872.861689 -0.053104 -0.024152 0.013841 -0.026831 0.070508 -0.033687 0.996581
1642644872.895022 -0.053509 -0.024594 0.013538 -0.026745 0.068806 -0.030462 0.996806
1642644872.928356 -0.053982 -0.025144 0.013213 -0.026594 0.067049 -0.026844 0.997034
1642644872.961689 -0.054441 -0.025655 0.012966 -0.026390 0.065674 -0.023685 0.997211
1642644872.995022 -0.054848 -0.026206 0.012784 -0.026051 0.064665 -0.020347 0.997359
1642644873.028356 -0.055358 -0.026940 0.012606 -0.025593 0.063564 -0.016318 0.997516
1642644873.061689 -0.054300 -0.028334 0.012331 -0.024752 0.062957 -0.014501 0.997604
1642644873.095022 -0.054658 -0.028981 0.012152 -0.024288 0.061412 -0.011543 0.997750
1642644873.128356 -0.055035 -0.029743 0.011994 -0.023758 0.059975 -0.008060 0.997885
1642644873.161689 -0.055327 -0.030460 0.011901 -0.023155 0.059117 -0.004907 0.997970
1642644873.195022 -0.055552 -0.031129 0.011849 -0.022729 0.058696 -0.001889 0.998015
1642644873.228356 -0.055783 -0.031761 0.011824 -0.022813 0.058641 0.001210 0.998018
1642644873.261689 -0.056013 -0.032358 0.011817 -0.022939 0.058681 0.004327 0.998004
1642644873.295022 -0.056292 -0.033014 0.011815 -0.023006 0.058660 0.007498 0.997985
1642644873.328356 -0.056663 -0.033780 0.011803 -0.022615 0.058425 0.010835 0.997977
1642644873.361689 -0.057062 -0.034583 0.011797 -0.021851 0.057978 0.013952 0.997981
1642644873.395022 -0.055245 -0.032691 0.011063 -0.020858 0.058050 0.014994 0.997983
1642644873.428356 -0.055510 -0.033481 0.010985 -0.019618 0.057649 0.018862 0.997966
1642644873.461689 -0.055817 -0.034448 0.010909 -0.018175 0.057217 0.023604 0.997917
1642644873.495022 -0.056055 -0.035265 0.010872 -0.016854 0.057120 0.027380 0.997849
1642644873.528356 -0.056259 -0.036014 0.010856 -0.016080 0.057146 0.031180 0.997749
1642644873.561689 -0.056486 -0.036614 0.010810 -0.016168 0.057088 0.035140 0.997620
1642644873.595022 -0.056748 -0.037115 0.010765 -0.016550 0.057089 0.038686 0.997482
1642644873.628356 -0.057067 -0.037763 0.010719 -0.016568 0.056937 0.042782 0.997323
1642644873.661689 -0.055642 -0.040053 0.010285 -0.016529 0.056953 0.045097 0.997221
1642644873.695022 -0.055769 -0.040543 0.010257 -0.016248 0.056938 0.047926 0.997094
1642644873.728356 -0.055921 -0.041198 0.010240 -0.016032 0.057076 0.051530 0.996910
1642644873.761689 -0.056109 -0.041937 0.010242 -0.015581 0.056964 0.055566 0.996707
1642644873.795022 -0.056317 -0.042847 0.010248 -0.014884 0.056793 0.060513 0.996439
1642644873.828356 -0.056555 -0.043985 0.010280 -0.013793 0.056735 0.066022 0.996108
1642644873.861689 -0.056722 -0.045133 0.010341 -0.012486 0.056737 0.071447 0.995751
1642644873.895022 -0.056842 -0.046156 0.010426 -0.011508 0.056940 0.076202 0.995399
1642644873.928356 -0.055676 -0.045716 0.011800 -0.011304 0.057132 0.078850 0.995184
1642644873.961689 -0.055717 -0.046281 0.012021 -0.011154 0.057285 0.082953 0.994843
1642644873.995022 -0.055774 -0.046814 0.012250 -0.011341 0.057398 0.087321 0.994461
1642644874.028356 -0.055834 -0.047356 0.012501 -0.011631 0.057386 0.091527 0.994080
1642644874.061689 -0.055886 -0.047876 0.012763 -0.011803 0.057456 0.095304 0.993719
1642644874.095022 -0.055925 -0.048433 0.013034 -0.011962 0.057678 0.099231 0.993319
1642644874.128356 -0.055956 -0.049090 0.013366 -0.011839 0.058072 0.103782 0.992833
1642644874.161689 -0.055942 -0.049845 0.013720 -0.011346 0.058628 0.108500 0.992301
1642644874.195022 -0.054590 -0.052650 0.011017 -0.010282 0.058986 0.111211 0.991992
1642644874.228356 -0.054447 -0.053354 0.011204 -0.009009 0.060304 0.114940 0.991499
1642644874.261689 -0.054175 -0.054212 0.011480 -0.007335 0.062137 0.119329 0.990881
1642644874.295022 -0.053836 -0.055048 0.011791 -0.005641 0.064479 0.123582 0.990221
1642644874.328356 -0.053393 -0.056005 0.012169 -0.003817 0.067305 0.128478 0.989418
1642644874.361689 -0.052903 -0.056977 0.012559 -0.002142 0.070302 0.133596 0.988537
1642644874.395022 -0.051463 -0.059426 0.011485 -0.001147 0.072328 0.137318 0.987882
1642644874.428356 -0.051117 -0.060047 0.011692 -0.000182 0.075220 0.141031 0.987143
1642644874.461689 -0.050874 -0.060605 0.011836 0.000567 0.077699 0.144461 0.986455
1642644874.495022 -0.050818 -0.061021 0.011881 0.000955 0.079205 0.147147 0.985938
1642644874.528356 -0.050843 -0.061402 0.011868 0.000999 0.080373 0.149482 0.985492
1642644874.561689 -0.050887 -0.061629 0.011860 0.000710 0.081398 0.151344 0.985124
1642644874.595022 -0.050928 -0.061774 0.011876 0.000692 0.082553 0.152338 0.984874
1642644874.628356 -0.050888 -0.061982 0.011944 0.000454 0.084132 0.153372 0.984580
1642644874.661689 -0.050554 -0.062186 0.012192 0.000045 0.087089 0.155008 0.984067
1642644874.695022 -0.049888 -0.062248 0.012646 -0.000967 0.092067 0.156617 0.983358
1642644874.728356 -0.045656 -0.063927 0.011981 -0.002957 0.097364 0.156287 0.982897
1642644874.761689 -0.044629 -0.063614 0.012387 -0.005498 0.103928 0.156114 0.982241
1642644874.795022 -0.043634 -0.063112 0.012755 -0.008572 0.110588 0.154964 0.981674
1642644874.828356 -0.042784 -0.062504 0.013009 -0.012004 0.116743 0.153132 0.981212
1642644874.861689 -0.041782 -0.060592 0.019012 -0.015043 0.120575 0.151496 0.980961
1642644874.895022 -0.041214 -0.060232 0.019993 -0.017235 0.123100 0.150056 0.980833
1642644874.928356 -0.040577 -0.059746 0.021180 -0.019669 0.126005 0.147573 0.980795
1642644874.961689 -0.039952 -0.059303 0.022307 -0.021653 0.128765 0.144870 0.980797
1642644874.995022 -0.039319 -0.059069 0.023383 -0.022755 0.131293 0.142709 0.980754
1642644875.028356 -0.038553 -0.058847 0.024590 -0.023583 0.134512 0.140230 0.980656
1642644875.061689 -0.037774 -0.058550 0.025754 -0.024270 0.137619 0.137556 0.980587
1642644875.095022 -0.036961 -0.058152 0.026881 -0.025018 0.140882 0.134455 0.980535
1642644875.128356 -0.038987 -0.054339 0.021333 -0.025301 0.142883 0.131323 0.980662
1642644875.161689 -0.038480 -0.053706 0.021660 -0.026341 0.146280 0.127465 0.980643
1642644875.195022 -0.037862 -0.052954 0.022033 -0.027440 0.150091 0.123204 0.980582
1642644875.228356 -0.037137 -0.052178 0.022440 -0.028774 0.154490 0.119066 0.980371
1642644875.261689 -0.036431 -0.051514 0.022817 -0.029872 0.158555 0.115578 0.980107
1642644875.295022 -0.035725 -0.050884 0.023187 -0.030915 0.162563 0.112378 0.979790
1642644875.328356 -0.036517 -0.046384 0.025778 -0.031040 0.165680 0.109641 0.979574
1642644875.361689 -0.036031 -0.045613 0.026273 -0.031579 0.168906 0.106576 0.979344
1642644875.395022 -0.035492 -0.044735 0.026811 -0.032010 0.172329 0.102718 0.979146
1642644875.428356 -0.034872 -0.043798 0.027393 -0.032282 0.176102 0.098613 0.978888
1642644875.461689 -0.034267 -0.042981 0.027947 -0.032313 0.179719 0.094815 0.978605
1642644875.495022 -0.033655 -0.042224 0.028472 -0.032073 0.182996 0.090979 0.978369
1642644875.528356 -0.032929 -0.043116 0.028850 -0.031694 0.185479 0.088986 0.978097
1642644875.561689 -0.032461 -0.042527 0.029228 -0.031102 0.188162 0.085588 0.977907
1642644875.595022 -0.032004 -0.041914 0.029621 -0.030278 0.190658 0.081635 0.977787
1642644875.628356 -0.031511 -0.041149 0.030053 -0.029471 0.193329 0.077002 0.977663
1642644875.661689 -0.031017 -0.040311 0.030450 -0.028945 0.195828 0.072063 0.977558
1642644875.695022 -0.030535 -0.039388 0.030795 -0.028569 0.198060 0.066374 0.977523
1642644875.728356 -0.029632 -0.040061 0.030608 -0.028433 0.199189 0.061335 0.977626
1642644875.761689 -0.029152 -0.039569 0.030865 -0.028232 0.200482 0.055976 0.977690
1642644875.795022 -0.028644 -0.039046 0.031156 -0.027835 0.201923 0.050011 0.977728
1642644875.828356 -0.028073 -0.038340 0.031458 -0.027554 0.203387 0.042813 0.977774
1642644875.861689 -0.027539 -0.037688 0.031724 -0.027277 0.204362 0.036396 0.977838
1642644875.895022 -0.027136 -0.037162 0.031958 -0.026563 0.204796 0.030817 0.977959
1642644875.928356 -0.029771 -0.033775 0.031280 -0.025732 0.204006 0.028191 0.978225
1642644875.961689 -0.029925 -0.033053 0.031561 -0.024849 0.203786 0.025134 0.978377
1642644875.995022 -0.030119 -0.032324 0.031879 -0.023886 0.203556 0.022191 0.978520
1642644876.028356 -0.030427 -0.031539 0.032210 -0.022608 0.202886 0.019030 0.978756
1642644876.061689 -0.030866 -0.030919 0.032490 -0.020666 0.201501 0.016566 0.979130
1642644876.095022 -0.031551 -0.030600 0.032714 -0.017714 0.198734 0.014999 0.979779
1642644876.128356 -0.032526 -0.030503 0.032932 -0.013821 0.195107 0.013653 0.980590
1642644876.161689 -0.033586 -0.030445 0.033091 -0.009871 0.190947 0.012518 0.981471
1642644876.195022 -0.031676 -0.034522 0.032466 -0.006612 0.187341 0.013682 0.982177
1642644876.228356 -0.032587 -0.034707 0.032477 -0.002499 0.182708 0.013069 0.983077
1642644876.261689 -0.033328 -0.034746 0.032530 0.000996 0.178695 0.012717 0.983822
1642644876.295022 -0.033829 -0.034520 0.032653 0.003327 0.176056 0.011523 0.984307
1642644876.328356 -0.034239 -0.034030 0.032807 0.004951 0.173709 0.009579 0.984738
1642644876.361689 -0.034667 -0.033475 0.032885 0.006355 0.170806 0.007810 0.985253
1642644876.395022 -0.036238 -0.037711 0.029574 0.007493 0.168061 0.007385 0.985721
1642644876.428355 -0.037264 -0.037589 0.029224 0.009178 0.163460 0.005833 0.986490
1642644876.461689 -0.038671 -0.037443 0.028702 0.011180 0.156861 0.003768 0.987550
1642644876.495022 -0.040178 -0.037455 0.028122 0.013258 0.149575 0.001911 0.988660
1642644876.528356 -0.040532 -0.037357 0.027621 0.015315 0.143340 0.002114 0.989553
1642644876.561689 -0.041686 -0.037297 0.027445 0.018271 0.137127 0.002703 0.990381
1642644876.595022 -0.042818 -0.037226 0.027293 0.021117 0.131106 0.003426 0.991137
1642644876.628356 -0.043772 -0.037119 0.027238 0.023923 0.125549 0.004334 0.991789
1642644876.661689 -0.044522 -0.037154 0.027271 0.026619 0.121120 0.005653 0.992265
1642644876.695022 -0.045219 -0.037306 0.027301 0.029422 0.116926 0.007324 0.992678
1642644876.728356 -0.046955 -0.040919 0.021206 0.031808 0.113595 0.009403 0.992973
1642644876.761689 -0.048010 -0.041359 0.020437 0.034750 0.108992 0.010869 0.993376
1642644876.795022 -0.049290 -0.042006 0.019515 0.038762 0.103277 0.012581 0.993817
1642644876.828356 -0.050766 -0.042948 0.018481 0.044129 0.096727 0.014621 0.994225
1642644876.861689 -0.050263 -0.043180 0.019418 0.048400 0.092975 0.015411 0.994372
1642644876.895022 -0.051067 -0.043864 0.018850 0.052759 0.088880 0.016226 0.994512
1642644876.928355 -0.051911 -0.044703 0.018227 0.058612 0.084603 0.016699 0.994549
1642644876.961689 -0.052420 -0.045495 0.017787 0.063941 0.082113 0.016930 0.994426
1642644876.995022 -0.052684 -0.046223 0.017521 0.068758 0.080893 0.016858 0.994205
1642644877.028356 -0.052848 -0.046988 0.017298 0.073606 0.080292 0.016589 0.993912
1642644877.061689 -0.052967 -0.047670 0.017135 0.077681 0.080171 0.016260 0.993617
1642644877.095022 -0.053117 -0.048288 0.016982 0.080751 0.079815 0.015901 0.993406
1642644877.128356 -0.053306 -0.048987 0.016821 0.083870 0.079502 0.015275 0.993183
1642644877.161689 -0.053536 -0.049633 0.016660 0.086653 0.079042 0.014048 0.992999
1642644877.195022 -0.053747 -0.050255 0.016507 0.088898 0.078501 0.012322 0.992866
1642644877.228356 -0.053983 -0.051056 0.016350 0.091430 0.078043 0.010712 0.992691
1642644877.261689 -0.054210 -0.051996 0.016200 0.094183 0.077606 0.009407 0.992481
1642644877.295022 -0.054409 -0.053079 0.016081 0.096827 0.077232 0.008577 0.992263
1642644877.328356 -0.052586 -0.050242 0.013302 0.095989 0.077866 0.009046 0.992291
1642644877.361689 -0.052635 -0.050571 0.013025 0.098534 0.077441 0.007609 0.992087
1642644877.395022 -0.052715 -0.051018 0.012728 0.101268 0.077053 0.006153 0.991852
1642644877.428355 -0.052826 -0.051611 0.012419 0.104594 0.076807 0.004769 0.991533
1642644877.461689 -0.052968 -0.052184 0.012129 0.107661 0.076504 0.003140 0.991235
1642644877.495022 -0.053080 -0.052769 0.011879 0.110508 0.076316 0.001521 0.990940
1642644877.528356 -0.053196 -0.053490 0.011620 0.113726 0.076137 0.000006 0.990590
1642644877.561689 -0.053386 -0.054264 0.011398 0.116517 0.076344 -0.001337 0.990249
1642644877.595022 -0.053577 -0.054948 0.011220 0.118926 0.076537 -0.003296 0.989943
1642644877.628356 -0.053802 -0.055613 0.011057 0.121568 0.076854 -0.006182 0.989584
1642644877.661689 -0.054034 -0.056364 0.010900 0.124076 0.076907 -0.008949 0.989247
1642644877.695022 -0.054236 -0.057240 0.010763 0.126768 0.077151 -0.011462 0.988861
1642644877.728356 -0.054437 -0.058362 0.010633 0.130183 0.077425 -0.014314 0.988359
1642644877.761689 -0.054576 -0.059593 0.010542 0.133598 0.078074 -0.017009 0.987809
1642644877.795022 -0.051957 -0.051358 0.013194 0.133420 0.079595 -0.016875 0.987714
1642644877.828356 -0.051720 -0.051574 0.013330 0.136657 0.081274 -0.019768 0.987081
1642644877.861689 -0.051349 -0.051881 0.013528 0.140432 0.083629 -0.023003 0.986284
1642644877.895022 -0.050921 -0.052268 0.013753 0.143919 0.086209 -0.025625 0.985494
1642644877.928355 -0.050342 -0.052785 0.014060 0.147786 0.089580 -0.028296 0.984548
1642644877.961689 -0.049685 -0.053269 0.014394 0.151316 0.093191 -0.031196 0.983588
1642644877.995022 -0.048980 -0.053685 0.014759 0.153837 0.096903 -0.033800 0.982752
1642644878.028356 -0.048108 -0.054113 0.015189 0.156322 0.101051 -0.037094 0.981823
1642644878.061689 -0.048656 -0.052075 0.015231 0.156692 0.103088 -0.037802 0.981525
1642644878.095022 -0.048216 -0.051961 0.015490 0.158321 0.106152 -0.040106 0.980845
1642644878.128356 -0.047736 -0.051929 0.015765 0.160543 0.109651 -0.042558 0.979996
1642644878.161689 -0.047367 -0.052009 0.015956 0.162572 0.112443 -0.044405 0.979263
1642644878.195022 -0.047051 -0.052016 0.016109 0.163953 0.114815 -0.046130 0.978677
1642644878.228356 -0.046688 -0.051881 0.016299 0.164887 0.117385 -0.048547 0.978098
1642644878.261689 -0.046257 -0.051698 0.016535 0.165185 0.120135 -0.050992 0.977590
1642644878.295022 -0.045677 -0.051563 0.016806 0.165325 0.123253 -0.053318 0.977053
1642644878.328356 -0.043738 -0.052327 0.018398 0.164162 0.126277 -0.054123 0.976819
1642644878.361689 -0.042835 -0.052020 0.018871 0.163280 0.130881 -0.056472 0.976228
1642644878.395022 -0.041812 -0.051604 0.019390 0.161823 0.135812 -0.059487 0.975618
1642644878.428355 -0.040849 -0.051174 0.019862 0.159975 0.140301 -0.062673 0.975088
1642644878.461689 -0.040010 -0.050683 0.020265 0.157632 0.143965 -0.065741 0.974733
1642644878.495022 -0.039308 -0.050152 0.020575 0.155088 0.146761 -0.068541 0.974531
1642644878.528356 -0.039430 -0.049473 0.023035 0.152280 0.147333 -0.070173 0.974771
1642644878.561689 -0.038890 -0.048737 0.023793 0.148498 0.149309 -0.072704 0.974869
1642644878.595022 -0.038239 -0.047838 0.024638 0.143279 0.151692 -0.075089 0.975101
1642644878.628356 -0.037501 -0.046823 0.025543 0.136903 0.154382 -0.076988 0.975447
1642644878.661689 -0.036819 -0.045808 0.026357 0.130351 0.156681 -0.078380 0.975867
1642644878.695022 -0.036243 -0.044808 0.027069 0.123815 0.158311 -0.079255 0.976384
1642644878.728356 -0.035648 -0.043598 0.027772 0.116374 0.159707 -0.080485 0.976971
1642644878.761689 -0.035068 -0.042304 0.028392 0.108756 0.160665 -0.081525 0.977606
1642644878.795022 -0.036308 -0.038778 0.028147 0.104523 0.159970 -0.081482 0.978185
1642644878.828356 -0.036087 -0.037301 0.028550 0.097138 0.159951 -0.082315 0.978879
1642644878.861689 -0.035788 -0.035613 0.028977 0.088665 0.160094 -0.083179 0.979586
1642644878.895022 -0.035469 -0.034024 0.029366 0.080317 0.160250 -0.083671 0.980239
1642644878.928355 -0.035130 -0.032425 0.029762 0.071723 0.160514 -0.083677 0.980861
1642644878.961689 -0.034806 -0.031087 0.030121 0.064748 0.160710 -0.083416 0.981337
1642644878.995022 -0.034445 -0.029951 0.030488 0.058966 0.161146 -0.082787 0.981683
1642644879.028356 -0.033934 -0.028744 0.030918 0.052752 0.162134 -0.081813 0.981955
1642644879.061689 -0.033423 -0.027565 0.031318 0.047429 0.163008 -0.080669 0.982177
1642644879.095022 -0.032928 -0.026292 0.031676 0.042596 0.163524 -0.080287 0.982344
1642644879.128356 -0.035377 -0.029517 0.028154 0.042109 0.163116 -0.079461 0.982500
1642644879.161689 -0.035318 -0.028574 0.028176 0.037165 0.162927 -0.079388 0.982736
1642644879.195022 -0.035334 -0.027462 0.028137 0.031462 0.162292 -0.079214 0.983055
1642644879.228356 -0.035462 -0.026104 0.027970 0.024027 0.161038 -0.078404 0.983536
1642644879.261689 -0.035638 -0.024397 0.027688 0.015621 0.159273 -0.078377 0.983995
1642644879.295022 -0.035745 -0.022504 0.027374 0.007058 0.157465 -0.079523 0.984292
1642644879.328356 -0.035779 -0.020334 0.026999 -0.002480 0.155909 -0.080859 0.984453
1642644879.361689 -0.035787 -0.018285 0.026614 -0.011519 0.154637 -0.081482 0.984538
1642644879.395022 -0.036422 -0.020439 0.026815 -0.014934 0.154609 -0.081348 0.984508
1642644879.428355 -0.036429 -0.019516 0.026630 -0.021328 0.153932 -0.080740 0.984546
1642644879.461689 -0.036513 -0.018837 0.026480 -0.027680 0.153105 -0.078837 0.984671
1642644879.495022 -0.036655 -0.018279 0.026340 -0.033119 0.152085 -0.076553 0.984842
1642644879.528356 -0.036805 -0.017664 0.026197 -0.038263 0.150727 -0.075045 0.984980
1642644879.561689 -0.036922 -0.017072 0.026080 -0.042650 0.149361 -0.073921 0.985093
1642644879.595022 -0.037000 -0.016382 0.025963 -0.046974 0.148225 -0.073413 0.985106
1642644879.628356 -0.037037 -0.015482 0.025799 -0.051650 0.147046 -0.073330 0.985055
1642644879.661689 -0.037136 -0.014559 0.025620 -0.056336 0.145635 -0.072972 0.985034
1642644879.695022 -0.037279 -0.013598 0.025411 -0.060852 0.144040 -0.072240 0.985054
1642644879.728356 -0.037461 -0.012350 0.025132 -0.066386 0.142156 -0.071453 0.985027
1642644879.761689 -0.037641 -0.010902 0.024810 -0.072079 0.140428 -0.070717 0.984928
1642644879.795022 -0.039283 -0.013043 0.023826 -0.072577 0.139970 -0.070021 0.985007
1642644879.828356 -0.039529 -0.012313 0.023536 -0.078042 0.138611 -0.068012 0.984922
1642644879.861689 -0.039860 -0.011521 0.023206 -0.084476 0.136861 -0.065366 0.984815
1642644879.895022 -0.040130 -0.010584 0.022853 -0.090812 0.135360 -0.063543 0.984578
1642644879.928355 -0.040305 -0.009468 0.022466 -0.097788 0.134171 -0.061914 0.984176
1642644879.961689 -0.040454 -0.008419 0.022129 -0.104342 0.133214 -0.059919 0.983756
1642644879.995022 -0.040610 -0.007395 0.021809 -0.110221 0.132287 -0.058217 0.983342
1642644880.028356 -0.040787 -0.006272 0.021480 -0.116106 0.131154 -0.056563 0.982913
1642644880.061689 -0.040920 -0.005244 0.021234 -0.121119 0.130529 -0.054431 0.982512
1642644880.095022 -0.041005 -0.004254 0.021042 -0.125596 0.130119 -0.052047 0.982133
1642644880.128356 -0.041377 -0.008015 0.020493 -0.125106 0.130608 -0.051417 0.982164
1642644880.161689 -0.041463 -0.007720 0.020295 -0.128744 0.130242 -0.049488 0.981842
1642644880.195022 -0.041655 -0.007563 0.020067 -0.133023 0.129923 -0.046005 0.981483
1642644880.228356 -0.041998 -0.007335 0.019771 -0.138220 0.129151 -0.041550 0.981065
1642644880.261689 -0.042383 -0.006895 0.019302 -0.143655 0.127845 -0.038169 0.980593
1642644880.295022 -0.042665 -0.006377 0.018848 -0.148962 0.126777 -0.035446 0.980042
1642644880.328356 -0.042856 -0.005797 0.018427 -0.154519 0.126283 -0.032420 0.979349
1642644880.361689 -0.042967 -0.005243 0.018104 -0.159357 0.126227 -0.029379 0.978677
1642644880.395022 -0.043074 -0.004594 0.018138 -0.161138 0.126855 -0.028080 0.978342
1642644880.428355 -0.043313 -0.004254 0.017934 -0.165113 0.126888 -0.024461 0.977772
1642644880.461689 -0.043584 -0.003923 0.017746 -0.169089 0.126824 -0.020363 0.977195
1642644880.495022 -0.043899 -0.003641 0.017600 -0.172329 0.126729 -0.016635 0.976712
1642644880.528356 -0.044194 -0.003336 0.017471 -0.175191 0.126392 -0.013120 0.976300
1642644880.561689 -0.044415 -0.003090 0.017403 -0.177697 0.126409 -0.009545 0.975886
1642644880.595022 -0.044665 -0.002853 0.017373 -0.179860 0.126511 -0.005949 0.975505
1642644880.628356 -0.044956 -0.002534 0.017299 -0.182350 0.126503 -0.002047 0.975060
1642644880.661689 -0.043599 -0.007861 0.017439 -0.183145 0.126745 0.000288 0.974881
1642644880.695022 -0.043790 -0.007988 0.017354 -0.185324 0.126751 0.003277 0.974463
1642644880.728356 -0.043988 -0.008163 0.017278 -0.188152 0.127117 0.007475 0.973850
1642644880.761689 -0.044166 -0.008284 0.017209 -0.190877 0.127523 0.011674 0.973225
1642644880.795022 -0.044328 -0.008358 0.017155 -0.193297 0.128045 0.015430 0.972627
1642644880.828356 -0.044427 -0.008462 0.017131 -0.195866 0.128825 0.019928 0.971928
1642644880.861689 -0.044533 -0.008532 0.017126 -0.197990 0.129681 0.024010 0.971291
1642644880.895022 -0.044653 -0.008632 0.017133 -0.199193 0.129997 0.027215 0.970918
1642644880.928355 -0.043700 -0.009507 0.019247 -0.198432 0.130267 0.028666 0.970996
1642644880.961689 -0.043865 -0.009925 0.019415 -0.198706 0.129870 0.032230 0.970882
1642644880.995022 -0.044104 -0.010375 0.019563 -0.199205 0.129028 0.036526 0.970739
1642644881.028356 -0.044432 -0.010898 0.019730 -0.199698 0.128001 0.041656 0.970567
1642644881.061689 -0.044772 -0.011421 0.019884 -0.200158 0.126958 0.046796 0.970376
1642644881.095022 -0.045056 -0.011875 0.020022 -0.200661 0.125900 0.051850 0.970152
1642644881.128356 -0.045124 -0.013507 0.020363 -0.200202 0.125846 0.055055 0.970078
1642644881.161689 -0.045361 -0.014015 0.020526 -0.199885 0.125168 0.059066 0.969995
1642644881.195022 -0.045579 -0.014568 0.020717 -0.199137 0.124509 0.063445 0.969957
1642644881.228355 -0.045820 -0.015324 0.020965 -0.197658 0.123575 0.068103 0.970063
1642644881.261689 -0.046004 -0.016194 0.021277 -0.195545 0.122889 0.073186 0.970208
1642644881.295022 -0.046245 -0.017115 0.021555 -0.193358 0.121824 0.078383 0.970375
1642644881.328356 -0.046147 -0.020488 0.021250 -0.190714 0.120188 0.082320 0.970776
1642644881.361689 -0.046409 -0.021624 0.021526 -0.187276 0.118673 0.086553 0.971264
1642644881.395022 -0.046666 -0.022848 0.021832 -0.183007 0.116991 0.090188 0.971950
1642644881.428355 -0.046889 -0.024101 0.022136 -0.177895 0.115114 0.093308 0.972829
1642644881.461689 -0.047003 -0.025206 0.022438 -0.172770 0.113632 0.095365 0.973727
1642644881.495022 -0.047131 -0.026421 0.022730 -0.167438 0.111984 0.097703 0.974617
1642644881.528356 -0.047431 -0.028160 0.020153 -0.163264 0.110462 0.099858 0.975280
1642644881.561689 -0.047658 -0.029369 0.020161 -0.158442 0.108931 0.102512 0.975972
1642644881.595022 -0.047912 -0.030699 0.020146 -0.153179 0.107123 0.105553 0.976688
1642644881.628356 -0.048185 -0.031990 0.020092 -0.147779 0.105103 0.108235 0.977446
1642644881.661689 -0.048419 -0.033044 0.020002 -0.142824 0.103322 0.109758 0.978202
1642644881.695022 -0.048554 -0.033923 0.019918 -0.138463 0.102020 0.110775 0.978851
1642644881.728355 -0.048706 -0.034757 0.019795 -0.134173 0.100848 0.111594 0.979476
1642644881.761689 -0.048940 -0.035645 0.019656 -0.130126 0.099544 0.112382 0.980065
1642644881.795022 -0.049211 -0.036999 0.019241 -0.127900 0.098800 0.112922 0.980372
1642644881.828356 -0.049442 -0.038146 0.019153 -0.123373 0.097420 0.114456 0.980912
1642644881.861689 -0.049647 -0.039284 0.019023 -0.118480 0.096113 0.115496 0.981522
1642644881.895022 -0.049817 -0.040132 0.018854 -0.114434 0.095095 0.115145 0.982142
1642644881.928355 -0.050049 -0.041036 0.018641 -0.109880 0.093984 0.114623 0.982830
1642644881.961689 -0.050242 -0.041916 0.018464 -0.105906 0.093164 0.114359 0.983375
1642644881.995022 -0.050427 -0.042656 0.018281 -0.102728 0.092499 0.114005 0.983816
1642644882.028356 -0.050676 -0.043382 0.018046 -0.099539 0.091886 0.112995 0.984318
1642644882.061689 -0.050902 -0.044084 0.017827 -0.096527 0.091427 0.111859 0.984790
1642644882.095022 -0.051100 -0.044789 0.017625 -0.093962 0.091278 0.111001 0.985149
1642644882.128356 -0.051396 -0.045596 0.017378 -0.091258 0.090775 0.109813 0.985583
1642644882.161689 -0.051726 -0.046516 0.017124 -0.088241 0.090102 0.108480 0.986066
1642644882.195022 -0.049466 -0.041305 0.018041 -0.088274 0.090369 0.107241 0.986175
1642644882.228355 -0.049514 -0.041737 0.018001 -0.085125 0.089935 0.106168 0.986607
1642644882.261689 -0.049597 -0.042350 0.017971 -0.081137 0.089341 0.105361 0.987084
1642644882.295022 -0.049664 -0.043024 0.017951 -0.076985 0.088610 0.104524 0.987571
1642644882.328356 -0.049718 -0.043823 0.017978 -0.072068 0.088141 0.103509 0.988091
1642644882.361689 -0.049707 -0.044645 0.018043 -0.066850 0.088051 0.102157 0.988606
1642644882.395022 -0.049668 -0.045452 0.018143 -0.061494 0.088234 0.100471 0.989110
1642644882.428355 -0.049636 -0.046404 0.018270 -0.055483 0.088458 0.098067 0.989687
1642644882.461689 -0.049623 -0.047309 0.018380 -0.049749 0.088448 0.095195 0.990273
1642644882.495022 -0.049671 -0.048208 0.018460 -0.044101 0.088340 0.092094 0.990843
1642644882.528356 -0.049705 -0.045479 0.016824 -0.042065 0.088008 0.089899 0.991163
1642644882.561689 -0.049788 -0.045798 0.016804 -0.037417 0.087883 0.086893 0.991628
1642644882.595022 -0.049897 -0.046071 0.016797 -0.032706 0.087856 0.083373 0.992099
1642644882.628356 -0.050029 -0.046335 0.016748 -0.028054 0.087713 0.079657 0.992559
1642644882.661689 -0.050116 -0.046435 0.016706 -0.024369 0.087851 0.075750 0.992950
1642644882.695022 -0.050267 -0.046509 0.016671 -0.020988 0.087866 0.071764 0.993322
1642644882.728355 -0.050494 -0.046729 0.016616 -0.017383 0.087496 0.068133 0.993680
1642644882.761689 -0.050805 -0.047222 0.016566 -0.013622 0.087058 0.065695 0.993941
1642644882.795022 -0.050194 -0.044779 0.015888 -0.011293 0.086623 0.066110 0.993981
1642644882.828356 -0.050317 -0.044917 0.015874 -0.007815 0.086411 0.064580 0.994134
1642644882.861689 -0.050461 -0.045060 0.015859 -0.003933 0.086356 0.062399 0.994300
1642644882.895022 -0.050603 -0.045190 0.015853 -0.000802 0.086324 0.060800 0.994410
1642644882.928355 -0.050780 -0.045274 0.015859 0.002298 0.086493 0.058853 0.994510
1642644882.961689 -0.050913 -0.045257 0.015883 0.005172 0.086855 0.055984 0.994633
1642644882.995022 -0.051032 -0.045263 0.015930 0.008114 0.087308 0.052758 0.994750
1642644883.028356 -0.051199 -0.045368 0.015971 0.011188 0.087706 0.049306 0.994863
1642644883.061689 -0.051407 -0.045492 0.016000 0.014277 0.087869 0.045801 0.994976
1642644883.095022 -0.051634 -0.045664 0.016027 0.017180 0.088040 0.042559 0.995059
1642644883.128356 -0.049605 -0.047011 0.015614 0.017559 0.088553 0.041973 0.995032
1642644883.161689 -0.049653 -0.047104 0.015561 0.020053 0.088823 0.039102 0.995078
1642644883.195022 -0.049689 -0.047288 0.015511 0.022776 0.089203 0.036190 0.995095
1642644883.228355 -0.049695 -0.047508 0.015489 0.025754 0.090045 0.033039 0.995056
1642644883.261689 -0.049713 -0.047737 0.015474 0.028693 0.090799 0.029919 0.995006
1642644883.295022 -0.049736 -0.048080 0.015473 0.031474 0.091431 0.027532 0.994933
1642644883.328356 -0.049746 -0.048507 0.015492 0.034529 0.092293 0.024860 0.994822
1642644883.361689 -0.049735 -0.049007 0.015535 0.037504 0.093275 0.022366 0.994682
1642644883.395022 -0.049711 -0.049611 0.015588 0.040334 0.094367 0.020606 0.994507
1642644883.428355 -0.049671 -0.050257 0.015662 0.043230 0.095529 0.018676 0.994312
1642644883.461689 -0.049608 -0.050906 0.015731 0.045604 0.096670 0.016558 0.994133
1642644883.495022 -0.049557 -0.051581 0.015795 0.047895 0.097737 0.014502 0.993953
1642644883.528356 -0.047476 -0.044908 0.017299 0.047871 0.098560 0.013536 0.993887
1642644883.561689 -0.047231 -0.045081 0.017410 0.050063 0.099844 0.011522 0.993676
1642644883.595022 -0.046937 -0.045382 0.017554 0.052548 0.101293 0.009766 0.993420
1642644883.628356 -0.046495 -0.045776 0.017763 0.055664 0.103321 0.007722 0.993059
1642644883.661689 -0.046031 -0.046203 0.017977 0.058653 0.105507 0.005710 0.992671
1642644883.695022 -0.045551 -0.046612 0.018191 0.061479 0.107759 0.003300 0.992269
1642644883.728355 -0.044890 -0.047021 0.018461 0.064366 0.110582 0.000503 0.991780
1642644883.761689 -0.044171 -0.047408 0.018771 0.066677 0.113656 -0.002387 0.991277
1642644883.795022 -0.043451 -0.047734 0.019058 0.068980 0.116567 -0.005615 0.990769
1642644883.828356 -0.042689 -0.048332 0.019300 0.071579 0.119097 -0.008332 0.990264
1642644883.861689 -0.043962 -0.046189 0.019972 0.072478 0.119587 -0.007670 0.990145
1642644883.895022 -0.043641 -0.046488 0.020199 0.074779 0.121501 -0.008744 0.989732
1642644883.928355 -0.043216 -0.046806 0.020503 0.077581 0.124104 -0.010502 0.989176
1642644883.961689 -0.042782 -0.046979 0.020804 0.080344 0.126659 -0.013411 0.988596
1642644883.995022 -0.042403 -0.047182 0.021049 0.082612 0.128655 -0.015897 0.988114
1642644884.028356 -0.041964 -0.047487 0.021334 0.084477 0.131036 -0.017517 0.987617
1642644884.061689 -0.041460 -0.047710 0.021635 0.085724 0.133793 -0.019244 0.987107
1642644884.095022 -0.040953 -0.047970 0.021910 0.086672 0.136406 -0.020781 0.986635
1642644884.128356 -0.040350 -0.048249 0.022208 0.087537 0.139251 -0.022267 0.986129
1642644884.161689 -0.039673 -0.048524 0.022505 0.087902 0.142193 -0.023820 0.985640
1642644884.195022 -0.040088 -0.044957 0.022670 0.087391 0.143274 -0.023949 0.985526
1642644884.228355 -0.039552 -0.044882 0.022942 0.087494 0.145993 -0.025549 0.985078
1642644884.261689 -0.038868 -0.044738 0.023272 0.087355 0.149377 -0.027656 0.984526
1642644884.295022 -0.038233 -0.044709 0.023573 0.086993 0.152562 -0.028806 0.984036
1642644884.328356 -0.037590 -0.044732 0.023869 0.086322 0.155790 -0.029254 0.983576
1642644884.361689 -0.036959 -0.044716 0.024134 0.085144 0.158637 -0.029766 0.983208
1642644884.395022 -0.036372 -0.044646 0.024364 0.083549 0.161146 -0.029914 0.982933
1642644884.428355 -0.035731 -0.044570 0.024588 0.081392 0.163849 -0.029594 0.982677
1642644884.461689 -0.035066 -0.044514 0.024793 0.078747 0.166638 -0.028345 0.982460
1642644884.495022 -0.034370 -0.044458 0.024975 0.075891 0.169133 -0.026911 0.982299
1642644884.528356 -0.035530 -0.042523 0.025505 0.073508 0.169440 -0.023783 0.982508
1642644884.561689 -0.035216 -0.042130 0.025738 0.070801 0.171663 -0.021682 0.982369
1642644884.595022 -0.034932 -0.041702 0.025971 0.068008 0.173864 -0.019816 0.982219
1642644884.628356 -0.034663 -0.041260 0.026197 0.065246 0.176138 -0.018324 0.982030
1642644884.661689 -0.034366 -0.040828 0.026418 0.062790 0.178498 -0.017291 0.981783
1642644884.695022 -0.034016 -0.040377 0.026628 0.060292 0.180922 -0.016838 0.981503
1642644884.728355 -0.033581 -0.039887 0.026842 0.057513 0.183584 -0.015846 0.981192
1642644884.761689 -0.033183 -0.039460 0.027019 0.054855 0.185928 -0.014312 0.980927
1642644884.795022 -0.032808 -0.039042 0.027173 0.052256 0.187974 -0.012890 0.980698
1642644884.828356 -0.032409 -0.038537 0.027312 0.049457 0.189889 -0.011280 0.980494
1642644884.861689 -0.032069 -0.037977 0.027421 0.046782 0.191301 -0.009992 0.980365
1642644884.895022 -0.031732 -0.037375 0.027498 0.044140 0.192526 -0.009108 0.980256
1642644884.928355 -0.030700 -0.041937 0.030002 0.043906 0.192111 -0.008838 0.980351
1642644884.961689 -0.030476 -0.041780 0.030223 0.041766 0.192979 -0.007797 0.980283
1642644884.995022 -0.030252 -0.041618 0.030452 0.039414 0.193664 -0.006810 0.980252
1642644885.028356 -0.029993 -0.041419 0.030702 0.036863 0.194397 -0.005986 0.980212
1642644885.061689 -0.029736 -0.041208 0.030933 0.034083 0.195202 -0.005044 0.980158
1642644885.095022 -0.029468 -0.041020 0.031160 0.031635 0.196037 -0.003925 0.980078
1642644885.128356 -0.029067 -0.040773 0.031432 0.028624 0.197205 -0.002738 0.979941
1642644885.161689 -0.028660 -0.040487 0.031694 0.025667 0.198392 -0.001365 0.979786
1642644885.195022 -0.028292 -0.040211 0.031924 0.022724 0.199351 0.000247 0.979665
1642644885.228355 -0.027979 -0.039884 0.032153 0.019580 0.200124 0.002091 0.979573
1642644885.261689 -0.027763 -0.039623 0.032332 0.017116 0.200284 0.003878 0.979581
1642644885.295022 -0.027554 -0.039388 0.032486 0.014954 0.200217 0.005622 0.979621
1642644885.328356 -0.027280 -0.039048 0.032654 0.012807 0.200257 0.006893 0.979636
1642644885.361689 -0.026932 -0.038650 0.032812 0.010944 0.200325 0.007661 0.979638
1642644885.395022 -0.026576 -0.038190 0.032962 0.009143 0.200360 0.008414 0.979644
1642644885.428355 -0.026210 -0.037629 0.033112 0.007319 0.200250 0.009368 0.979673
1642644885.461689 -0.025832 -0.037025 0.033241 0.005627 0.200052 0.010189 0.979716
1642644885.495022 -0.025451 -0.036363 0.033355 0.003844 0.199756 0.011049 0.979776
1642644885.528356 -0.025028 -0.035494 0.033470 0.001906 0.199378 0.011607 0.979852
1642644885.561689 -0.024566 -0.034571 0.033575 0.000032 0.199013 0.012259 0.979920
1642644885.595022 -0.024094 -0.033610 0.033681 -0.001791 0.198871 0.013022 0.979938
1642644885.628356 -0.023565 -0.032428 0.033784 -0.003794 0.198518 0.013697 0.979994
1642644885.661689 -0.029887 -0.037984 0.030544 -0.001118 0.197764 0.012884 0.980164
1642644885.695022 -0.029873 -0.037849 0.030494 -0.003023 0.197430 0.013538 0.980219
1642644885.728355 -0.029880 -0.037682 0.030417 -0.005631 0.196924 0.014450 0.980296
1642644885.761689 -0.029909 -0.037434 0.030327 -0.008411 0.196290 0.015087 0.980394
1642644885.795022 -0.029944 -0.037174 0.030238 -0.011020 0.195558 0.015498 0.980508
1642644885.828356 -0.030028 -0.036976 0.030140 -0.013612 0.194546 0.016383 0.980662
1642644885.861689 -0.030175 -0.036826 0.030042 -0.015989 0.193357 0.017448 0.980843
1642644885.895022 -0.030343 -0.036635 0.029942 -0.018149 0.192058 0.018387 0.981044
1642644885.928355 -0.030555 -0.036409 0.029836 -0.020430 0.190578 0.019223 0.981271
1642644885.961689 -0.030760 -0.036173 0.029733 -0.022310 0.189072 0.019926 0.981507
1642644885.995022 -0.031007 -0.035870 0.029615 -0.024207 0.187546 0.020660 0.981740
1642644886.028355 -0.031376 -0.035489 0.029443 -0.026587 0.185565 0.021386 0.982039
1642644886.061689 -0.031759 -0.035088 0.029276 -0.028834 0.183638 0.022454 0.982314
1642644886.095022 -0.032126 -0.034616 0.029123 -0.031011 0.181981 0.023018 0.982543
1642644886.128356 -0.032553 -0.033995 0.028939 -0.033328 0.180116 0.023140 0.982808
1642644886.161689 -0.032989 -0.033391 0.028789 -0.034958 0.178358 0.023155 0.983072
1642644886.195022 -0.033412 -0.032838 0.028654 -0.036040 0.176697 0.023135 0.983333
1642644886.228355 -0.033932 -0.032214 0.028526 -0.036816 0.174865 0.023148 0.983631
1642644886.261689 -0.034504 -0.031537 0.028410 -0.037483 0.173240 0.023141 0.983894
1642644886.295022 -0.035142 -0.030823 0.028268 -0.038013 0.171305 0.023280 0.984209
1642644886.328356 -0.034988 -0.032784 0.030065 -0.035128 0.171419 0.022551 0.984313
